"Time",30,31,32,33,34,35,36,37,38,39,40,41,42,43,44,45,46,47,48,49,50,51,52,53,54,55,56,57,58,59,60,61,62,63,64,65,66,67,68,69,70,71,72,73,74,75,76,77,78,79,80,81,82,83,84,85,86,87,88,89,90,91,92,93,94,95,96,97,98,99,100,101,102,103,104,105,106,107,108,109,110,111,112,113,114,115,116,117,118,119,120,121,122,123,124,125,126,127,128,129,130,131,132,133,134,135,136,137,138,139,140,141,142,143,144,145,146,147,148,149,150,151,152,153,154,155,156,157,158,159,160,161,162,163,164,165,166,167,168,169,170,171,172,173,174,175,176,177,178,179,180,181,182,183,184,185,186,187,188,189,190,191,192,193,194,195,196,197,198,199,200,201,202,203,204,205,206,207,208,209,210,211,212,213,214,215,216,217,218,219,220,221,222,223,224,225,226,227,228,229,230,231,232,233,234,235,236,237,238,239,240,241,242,243,244,245,246,247,248,249,250,251,252,253,254,255,256,257,258,259,260,261,262,263,264,265,266,267,268,269,270,271,272,273,274,275,276,277,278,279,280,281,282,283,284,285,286,287,288,289,290,291,292,293,294,295,296,297,298,299,300,301,302,303,304,305,306,307,308,309,310,311,312,313,314,315,316,317,318,319,320,321,322,323,324,325,326,327,328,329,330,331,332,333,334,335,336,337,338,339,340,341,342,343,344,345,346,347,348,349,350,351,352,353,354,355,356,357,358,359,360,361,362,363,364,365,366,367,368,369,370,371,372,373,374,375,376,377,378,379,380,381,382,383,384,385,386,387,388,389,390,391,392,393,394,395,396,397,398,399,400,401,402,403,404,405,406,407,408,409,410,411,412,413,414,415,416,417,418,419,420,421,422,423,424,425,426,427,428,429,430,431,432,433,434,435,436,437,438,439,440,441,442,443,444,445,446,447,448,449,450,451,452,453,454,455,456,457,458,459,460,461,462,463,464,465,466,467,468,469,470,471,472,473,474,475,476,477,478,479,480,481,482,483,484,485,486,487,488,489,490,491,492,493,494,495,496,497,498,499,500,501,502,503,504,505,506,507,508,509,510,511,512,513,514,515,516,517,518,519,520,521,522,523,524,525,526,527,528,529,530,531,532,533,534,535,536,537,538,539,540,541,542,543,544,545,546,547,548,549,550,551,552,553,554,555,556,557,558,559,560,561,562,563,564,565,566,567,568,569,570,571,572,573,574,575,576,577,578,579,580,581,582,583,584,585,586,587,588,589,590,591,592,593,594,595,596,597,598,599,600,601,602,603,604,605,606,607,608,609,610,611,612,613,614,615,616,617,618,619,620,621,622,623,624,625,626,627,628,629,630,631,632,633,634,635,636,637,638,639,640,641,642,643,644,645,646,647,648,649,650,651,652,653,654,655,656,657,658,659,660,661,662,663,664,665,666,667,668,669,670,671,672,673,674,675,676,677,678,679,680,681,682,683,684,685,686,687,688,689,690,691,692,693,694,695,696,697,698,699,700,701,702,703,704,705,706,707,708,709,710,711,712,713,714,715,716,717,718,719,720,721,722,723,724,725,726,727,728,729,730,731,732,733,734,735,736,737,738,739,740,741,742,743,744,745,746,747,748,749,750,751,752,753,754,755,756,757,758,759,760,761,762,763,764,765,766,767,768,769,770,771,772,773,774,775,776,777,778,779,780,781,782,783,784,785,786,787,788,789,790,791,792,793,794,795,796,797,798,799,800,801,802,803,804,805,806,807,808,809,810,811,812,813,814,815,816,817,818,819,820,821,822,823,824,825,826,827,828,829,830,831,832,833,834,835,836,837,838,839,840,841,842,843,844,845,846,847,848,849,850,851,852,853,854,855,856,857,858,859,860,861,862,863,864,865,866,867,868,869,870,871,872,873,874,875,876,877,878,879,880,881,882,883,884,885,886,887,888,889,890,891,892,893,894,895,896,897,898,899,900,901,902,903,904,905,906,907,908,909,910,911,912,913,914,915,916,917,918,919,920,921,922,923,924,925,926,927,928,929,930,931,932,933,934,935,936,937,938,939,940,941,942,943,944,945,946,947,948,949,950,951,952,953,954,955,956,957,958,959,960,961,962,963,964,965,966,967,968,969,970,971,972,973,974,975,976,977,978,979,980,981,982,983,984,985,986,987,988,989,990,991,992,993,994,995,996,997,998,999,1000,1001,1002,1003,1004,1005,1006,1007,1008,1009,1010,1011,1012,1013,1014,1015,1016,1017,1018,1019,1020,1021,1022,1023,1024,1025,1026,1027,1028,1029,1030,1031,1032,1033,1034,1035,1036,1037,1038,1039,1040,1041,1042,1043,1044,1045,1046,1047,1048,1049,1050,1051,1052,1053,1054,1055,1056,1057,1058,1059,1060,1061,1062,1063,1064,1065,1066,1067,1068,1069,1070,1071,1072,1073,1074,1075,1076,1077,1078,1079,1080,1081,1082,1083,1084,1085,1086,1087,1088,1089,1090,1091,1092,1093,1094,1095,1096,1097,1098,1099,1100
"Cost of Deaths Cumulative All",0,0,0,0,0,0,0,0,0,0,0,0,0,0,0,0,0,0,0,0,0,4.12822,328.217,2406.41,9051.37,24692.8,55884.4,112224,207808,363631,611615,1.00027E+06,1.60384E+06,2.53689E+06,3.97721E+06,6.20094E+06,9.63758E+06,1.49511E+07,2.31505E+07,3.57429E+07,5.49453E+07,8.39889E+07,1.27534E+08,1.92289E+08,2.83996E+08,3.99961E+08,5.45462E+08,7.30422E+08,9.67295E+08,1.2661E+09,1.63001E+09,2.05654E+09,2.54665E+09,3.10035E+09,3.71677E+09,4.39476E+09,5.13332E+09,5.93203E+09,6.79028E+09,7.70842E+09,8.68691E+09,9.72787E+09,1.08354E+10,1.20156E+10,1.32766E+10,1.46305E+10,1.60927E+10,1.76824E+10,1.94248E+10,2.13507E+10,2.34936E+10,2.58947E+10,2.86039E+10,3.16566E+10,3.50943E+10,3.8965E+10,4.33172E+10,4.82112E+10,5.37182E+10,5.99092E+10,6.68633E+10,7.46502E+10,8.3306E+10,9.28558E+10,1.03321E+11,1.14712E+11,1.27041E+11,1.40309E+11,1.54524E+11,1.69707E+11,1.85882E+11,2.0309E+11,2.21373E+11,2.40745E+11,2.6119E+11,2.82661E+11,3.05089E+11,3.28392E+11,3.52472E+11,3.77245E+11,4.02628E+11,4.28541E+11,4.54911E+11,4.81675E+11,5.08771E+11,5.36144E+11,5.63743E+11,5.91522E+11,6.19442E+11,6.47616E+11,6.75973E+11,7.04428E+11,7.32938E+11,7.61421E+11,7.89791E+11,8.1802E+11,8.46094E+11,8.73988E+11,9.01669E+11,9.29103E+11,9.56238E+11,9.83036E+11,1.00948E+12,1.03554E+12,1.0611E+12,1.08612E+12,1.1106E+12,1.13452E+12,1.15787E+12,1.18066E+12,1.20298E+12,1.22482E+12,1.24617E+12,1.26712E+12,1.28759E+12,1.30765E+12,1.32741E+12,1.34681E+12,1.36582E+12,1.38446E+12,1.40274E+12,1.42059E+12,1.43806E+12,1.45514E+12,1.4719E+12,1.48834E+12,1.50443E+12,1.5202E+12,1.53564E+12,1.55071E+12,1.56551E+12,1.58008E+12,1.59444E+12,1.6085E+12,1.62219E+12,1.63553E+12,1.6484E+12,1.66107E+12,1.67331E+12,1.68508E+12,1.69645E+12,1.70741E+12,1.71797E+12,1.72825E+12,1.7383E+12,1.74798E+12,1.7574E+12,1.76663E+12,1.77558E+12,1.7843E+12,1.79275E+12,1.80099E+12,1.80908E+12,1.81702E+12,1.82478E+12,1.83238E+12,1.83984E+12,1.84717E+12,1.85438E+12,1.86146E+12,1.86835E+12,1.87505E+12,1.8816E+12,1.88802E+12,1.89433E+12,1.90055E+12,1.90666E+12,1.91271E+12,1.9187E+12,1.92463E+12,1.93049E+12,1.93626E+12,1.94197E+12,1.94762E+12,1.95323E+12,1.95873E+12,1.96411E+12,1.96936E+12,1.97449E+12,1.97954E+12,1.9845E+12,1.98934E+12,1.99409E+12,1.99878E+12,2.00342E+12,2.00803E+12,2.0126E+12,2.01713E+12,2.02162E+12,2.02606E+12,2.03046E+12,2.03485E+12,2.0392E+12,2.04353E+12,2.04786E+12,2.05213E+12,2.05636E+12,2.06057E+12,2.06477E+12,2.06896E+12,2.07319E+12,2.07747E+12,2.08179E+12,2.08617E+12,2.09062E+12,2.0951E+12,2.09959E+12,2.10408E+12,2.10857E+12,2.11306E+12,2.11755E+12,2.12205E+12,2.12661E+12,2.13129E+12,2.1361E+12,2.14101E+12,2.14598E+12,2.151E+12,2.15605E+12,2.1611E+12,2.16614E+12,2.17117E+12,2.17619E+12,2.18122E+12,2.18629E+12,2.1914E+12,2.19657E+12,2.20177E+12,2.20701E+12,2.21228E+12,2.21758E+12,2.2229E+12,2.22822E+12,2.23356E+12,2.23893E+12,2.24433E+12,2.24978E+12,2.2553E+12,2.2609E+12,2.26657E+12,2.27231E+12,2.27815E+12,2.28411E+12,2.29015E+12,2.29624E+12,2.30239E+12,2.30859E+12,2.31481E+12,2.32097E+12,2.32709E+12,2.33315E+12,2.33918E+12,2.34514E+12,2.35106E+12,2.35697E+12,2.36287E+12,2.36873E+12,2.37457E+12,2.38038E+12,2.38614E+12,2.39185E+12,2.39749E+12,2.40306E+12,2.40859E+12,2.41409E+12,2.41956E+12,2.425E+12,2.43042E+12,2.43582E+12,2.4412E+12,2.44658E+12,2.45192E+12,2.45724E+12,2.46254E+12,2.46781E+12,2.47307E+12,2.47831E+12,2.48353E+12,2.48882E+12,2.49424E+12,2.49977E+12,2.50528E+12,2.5107E+12,2.51605E+12,2.52134E+12,2.52653E+12,2.53155E+12,2.53645E+12,2.54131E+12,2.54616E+12,2.551E+12,2.55584E+12,2.56069E+12,2.56551E+12,2.57033E+12,2.57515E+12,2.57997E+12,2.58484E+12,2.58974E+12,2.59472E+12,2.59979E+12,2.60495E+12,2.61015E+12,2.61538E+12,2.62062E+12,2.62588E+12,2.63114E+12,2.63635E+12,2.64152E+12,2.64669E+12,2.65185E+12,2.65704E+12,2.66228E+12,2.66756E+12,2.67296E+12,2.67855E+12,2.68436E+12,2.69034E+12,2.69645E+12,2.7027E+12,2.70908E+12,2.71553E+12,2.72201E+12,2.72852E+12,2.73512E+12,2.74183E+12,2.74866E+12,2.75562E+12,2.76271E+12,2.76991E+12,2.77725E+12,2.78472E+12,2.79231E+12,2.79998E+12,2.80775E+12,2.81562E+12,2.82361E+12,2.8317E+12,2.83989E+12,2.8482E+12,2.85663E+12,2.86521E+12,2.87393E+12,2.88284E+12,2.89196E+12,2.90126E+12,2.91072E+12,2.92036E+12,2.93018E+12,2.94015E+12,2.95023E+12,2.96043E+12,2.97079E+12,2.9813E+12,2.99197E+12,3.00281E+12,3.01385E+12,3.02513E+12,3.03676E+12,3.04896E+12,3.06168E+12,3.07481E+12,3.08827E+12,3.10198E+12,3.11579E+12,3.12944E+12,3.14279E+12,3.156E+12,3.1692E+12,3.18248E+12,3.19581E+12,3.20917E+12,3.22261E+12,3.23617E+12,3.24985E+12,3.26365E+12,3.27757E+12,3.29158E+12,3.30568E+12,3.3199E+12,3.33418E+12,3.34851E+12,3.36292E+12,3.37736E+12,3.39182E+12,3.40627E+12,3.42079E+12,3.43569E+12,3.45124E+12,3.46719E+12,3.48332E+12,3.49953E+12,3.51572E+12,3.53187E+12,3.54789E+12,3.56372E+12,3.57939E+12,3.59494E+12,3.61042E+12,3.62587E+12,3.6412E+12,3.65629E+12,3.67093E+12,3.68541E+12,3.69992E+12,3.71445E+12,3.72905E+12,3.74371E+12,3.75844E+12,3.77326E+12,3.78817E+12,3.80317E+12,3.8183E+12,3.8335E+12,3.84877E+12,3.86413E+12,3.87949E+12,3.89482E+12,3.91011E+12,3.92533E+12,3.94048E+12,3.95561E+12,3.97076E+12,3.98587E+12,4.0009E+12,4.01587E+12,4.03082E+12,4.04573E+12,4.06058E+12,4.07533E+12,4.09001E+12,4.10462E+12,4.11913E+12,4.13353E+12,4.14797E+12,4.16263E+12,4.1776E+12,4.19288E+12,4.20838E+12,4.22401E+12,4.23988E+12,4.25583E+12,4.27157E+12,4.28708E+12,4.30237E+12,4.3174E+12,4.33196E+12,4.34582E+12,4.35905E+12,4.37189E+12,4.38457E+12,4.39721E+12,4.40987E+12,4.42253E+12,4.43515E+12,4.44772E+12,4.46023E+12,4.47266E+12,4.48496E+12,4.49711E+12,4.50912E+12,4.52104E+12,4.53289E+12,4.54472E+12,4.55646E+12,4.5681E+12,4.57965E+12,4.59113E+12,4.60253E+12,4.61383E+12,4.62503E+12,4.63616E+12,4.64721E+12,4.65812E+12,4.66889E+12,4.67955E+12,4.6901E+12,4.70056E+12,4.71092E+12,4.72116E+12,4.73129E+12,4.74131E+12,4.75121E+12,4.76102E+12,4.77076E+12,4.78041E+12,4.79001E+12,4.79958E+12,4.8092E+12,4.81911E+12,4.82862E+12,4.83795E+12,4.84726E+12,4.85652E+12,4.86572E+12,4.87485E+12,4.88392E+12,4.89292E+12,4.90185E+12,4.91073E+12,4.91962E+12,4.92856E+12,4.93753E+12,4.94654E+12,4.9556E+12,4.9647E+12,4.97387E+12,4.9831E+12,4.99235E+12,5.00163E+12,5.01094E+12,5.02029E+12,5.02969E+12,5.03914E+12,5.04863E+12,5.05816E+12,5.06772E+12,5.07736E+12,5.0871E+12,5.09692E+12,5.10682E+12,5.11677E+12,5.12676E+12,5.1368E+12,5.1469E+12,5.15709E+12,5.16737E+12,5.17773E+12,5.18813E+12,5.1986E+12,5.2091E+12,5.21964E+12,5.23025E+12,5.24095E+12,5.25174E+12,5.26258E+12,5.27345E+12,5.28433E+12,5.29526E+12,5.30627E+12,5.31733E+12,5.3284E+12,5.33953E+12,5.35067E+12,5.36193E+12,5.37356E+12,5.38531E+12,5.39682E+12,5.40813E+12,5.41925E+12,5.43022E+12,5.44092E+12,5.45122E+12,5.46143E+12,5.47183E+12,5.48234E+12,5.4929E+12,5.50345E+12,5.51398E+12,5.52451E+12,5.53506E+12,5.54566E+12,5.55631E+12,5.567E+12,5.57773E+12,5.58848E+12,5.59931E+12,5.6102E+12,5.62118E+12,5.63225E+12,5.64345E+12,5.65474E+12,5.66613E+12,5.67769E+12,5.68946E+12,5.70146E+12,5.71372E+12,5.72625E+12,5.7391E+12,5.75246E+12,5.76645E+12,5.78074E+12,5.79512E+12,5.80965E+12,5.82441E+12,5.83948E+12,5.85469E+12,5.86995E+12,5.88565E+12,5.90202E+12,5.919E+12,5.93661E+12,5.95492E+12,5.97391E+12,5.99354E+12,6.01375E+12,6.0346E+12,6.05619E+12,6.07862E+12,6.10201E+12,6.12646E+12,6.15195E+12,6.17846E+12,6.20599E+12,6.23467E+12,6.26471E+12,6.29617E+12,6.32884E+12,6.3624E+12,6.3968E+12,6.43204E+12,6.46794E+12,6.50436E+12,6.5416E+12,6.57994E+12,6.61936E+12,6.65968E+12,6.70066E+12,6.7422E+12,6.78437E+12,6.82725E+12,6.87071E+12,6.9145E+12,6.9585E+12,7.00279E+12,7.04767E+12,7.09335E+12,7.13946E+12,7.18567E+12,7.23158E+12,7.27676E+12,7.32108E+12,7.36422E+12,7.40635E+12,7.44787E+12,7.48913E+12,7.53014E+12,7.57085E+12,7.61125E+12,7.65143E+12,7.6915E+12,7.73147E+12,7.77152E+12,7.81236E+12,7.85329E+12,7.89336E+12,7.93247E+12,7.97059E+12,8.00793E+12,8.04421E+12,8.07925E+12,8.11361E+12,8.14772E+12,8.18174E+12,8.21571E+12,8.24954E+12,8.28321E+12,8.31677E+12,8.3502E+12,8.38347E+12,8.4165E+12,8.44934E+12,8.48205E+12,8.51465E+12,8.54711E+12,8.57933E+12,8.61145E+12,8.64345E+12,8.67529E+12,8.70696E+12,8.7385E+12,8.76988E+12,8.80112E+12,8.83216E+12,8.86304E+12,8.89388E+12,8.92465E+12,8.95541E+12,8.98627E+12,9.01731E+12,9.04849E+12,9.07981E+12,9.11124E+12,9.14276E+12,9.17434E+12,9.20599E+12,9.23774E+12,9.26962E+12,9.30176E+12,9.33416E+12,9.36686E+12,9.39989E+12,9.43321E+12,9.46693E+12,9.50121E+12,9.53609E+12,9.57143E+12,9.60718E+12,9.64339E+12,9.68006E+12,9.71707E+12,9.75445E+12,9.79211E+12,9.83002E+12,9.86815E+12,9.90646E+12,9.94494E+12,9.98364E+12,1.00227E+13,1.00624E+13,1.01024E+13,1.01428E+13,1.01835E+13,1.02245E+13,1.02657E+13,1.0307E+13,1.03482E+13,1.03895E+13,1.0431E+13,1.04725E+13,1.05143E+13,1.05566E+13,1.06E+13,1.06456E+13,1.06922E+13,1.07384E+13,1.07838E+13,1.08279E+13,1.08708E+13,1.09119E+13,1.09504E+13,1.09876E+13,1.10244E+13,1.10611E+13,1.10978E+13,1.11344E+13,1.11709E+13,1.12073E+13,1.12434E+13,1.12793E+13,1.13148E+13,1.13498E+13,1.13844E+13,1.14185E+13,1.14521E+13,1.14854E+13,1.15183E+13,1.15508E+13,1.15829E+13,1.16146E+13,1.1646E+13,1.16772E+13,1.17089E+13,1.17414E+13,1.17737E+13,1.18058E+13,1.18373E+13,1.1869E+13,1.19001E+13,1.1931E+13,1.19615E+13,1.19916E+13,1.20206E+13,1.20486E+13,1.20775E+13,1.21058E+13,1.21336E+13,1.21615E+13,1.21901E+13,1.22188E+13,1.22467E+13,1.2277E+13,1.23073E+13,1.23377E+13,1.23681E+13,1.23991E+13,1.24302E+13,1.24602E+13,1.24905E+13,1.25214E+13,1.25524E+13,1.25836E+13,1.2615E+13,1.26459E+13,1.26757E+13,1.27083E+13,1.27409E+13,1.27735E+13,1.28059E+13,1.28383E+13,1.28698E+13,1.28997E+13,1.29303E+13,1.29604E+13,1.29902E+13,1.30193E+13,1.30478E+13,1.30753E+13,1.31024E+13,1.31293E+13,1.31557E+13,1.31815E+13,1.32069E+13,1.32318E+13,1.32564E+13,1.32802E+13,1.33034E+13,1.33259E+13,1.3348E+13,1.33695E+13,1.33907E+13,1.34117E+13,1.34324E+13,1.34529E+13,1.34732E+13,1.34932E+13,1.35128E+13,1.35318E+13,1.35502E+13,1.35682E+13,1.35859E+13,1.36033E+13,1.36203E+13,1.3637E+13,1.36534E+13,1.36696E+13,1.36856E+13,1.37014E+13,1.37171E+13,1.37326E+13,1.37477E+13,1.37626E+13,1.37772E+13,1.37915E+13,1.38055E+13,1.38192E+13,1.38328E+13,1.38462E+13,1.38595E+13,1.38726E+13,1.38857E+13,1.38988E+13,1.39119E+13,1.39248E+13,1.39377E+13,1.39504E+13,1.39631E+13,1.39757E+13,1.39882E+13,1.40007E+13,1.40131E+13,1.40254E+13,1.40376E+13,1.40498E+13,1.40619E+13,1.4074E+13,1.4086E+13,1.40979E+13,1.41098E+13,1.41215E+13,1.41333E+13,1.4145E+13,1.41568E+13,1.41688E+13,1.41809E+13,1.41932E+13,1.42055E+13,1.42179E+13,1.42305E+13,1.42432E+13,1.4256E+13,1.42687E+13,1.42815E+13,1.42942E+13,1.43067E+13,1.43189E+13,1.43311E+13,1.43432E+13,1.43554E+13,1.43677E+13,1.43803E+13,1.43932E+13,1.44063E+13,1.44197E+13,1.44332E+13,1.44469E+13,1.44608E+13,1.44747E+13,1.44887E+13,1.45027E+13,1.45167E+13,1.45308E+13,1.45451E+13,1.45596E+13,1.45742E+13,1.45889E+13,1.46037E+13,1.46186E+13,1.46335E+13,1.46485E+13,1.46638E+13,1.46793E+13,1.4695E+13,1.47107E+13,1.47266E+13,1.47427E+13,1.47592E+13,1.4776E+13,1.47932E+13,1.4811E+13,1.4829E+13,1.48466E+13,1.48634E+13,1.48796E+13,1.48953E+13,1.49101E+13,1.4924E+13,1.49373E+13,1.49503E+13,1.49629E+13,1.49754E+13,1.49875E+13,1.49991E+13,1.501E+13,1.50204E+13,1.50302E+13,1.50393E+13,1.5048E+13,1.50563E+13,1.50643E+13,1.5072E+13,1.50794E+13,1.50862E+13,1.50926E+13,1.50986E+13,1.51044E+13,1.51098E+13,1.51149E+13,1.51197E+13,1.51241E+13,1.51283E+13,1.51323E+13,1.51364E+13,1.51406E+13,1.51448E+13,1.51491E+13,1.51533E+13,1.51576E+13,1.5162E+13,1.51666E+13,1.51712E+13,1.51759E+13,1.51806E+13,1.51854E+13,1.51903E+13,1.51953E+13,1.52005E+13,1.52058E+13,1.52111E+13,1.52165E+13,1.52219E+13,1.52272E+13,1.52327E+13,1.52382E+13,1.52438E+13,1.52494E+13,1.52549E+13,1.52605E+13,1.52659E+13,1.52714E+13,1.5277E+13,1.52826E+13,1.5288E+13,1.52934E+13,1.52986E+13,1.53038E+13,1.5309E+13,1.53142E+13,1.53193E+13,1.53244E+13,1.53293E+13,1.53342E+13,1.53389E+13,1.53437E+13,1.53483E+13,1.5353E+13,1.53575E+13,1.53619E+13,1.53662E+13,1.53704E+13,1.53746E+13,1.53787E+13,1.53828E+13,1.53868E+13,1.53907E+13,1.53944E+13,1.53981E+13,1.54018E+13,1.54054E+13,1.5409E+13,1.54126E+13,1.5416E+13,1.54194E+13,1.54227E+13,1.54261E+13,1.54294E+13,1.54327E+13,1.54361E+13,1.54393E+13,1.54425E+13,1.54456E+13,1.54487E+13,1.54518E+13,1.54549E+13,1.54578E+13,1.54608E+13,1.54637E+13,1.54666E+13,1.54696E+13,1.54725E+13,1.54755E+13,1.54785E+13,1.54815E+13,1.54845E+13,1.54875E+13,1.54907E+13,1.54934E+13,1.54962E+13,1.5499E+13,1.55018E+13,1.55047E+13,1.55075E+13,1.55104E+13,1.55133E+13,1.55163E+13,1.55192E+13,1.55222E+13,1.55252E+13,1.55282E+13,1.55312E+13,1.55342E+13,1.55373E+13,1.55404E+13,1.55435E+13,1.55466E+13,1.55498E+13,1.5553E+13,1.55562E+13,1.55594E+13,1.55627E+13,1.55659E+13
"Cost of GDP Cumulative All",0,0,0,0,0,0,0,0,0,0,0,0,0,0,0,0,0,0,0,0,0,6.04738E-40,0.0130652,0.191607,1.0638,3.77585,10.3613,24.0994,50.0707,96.0347,173.875,301.804,507.584,833.385,1343.28,2134.77,3356.59,5235.88,8117.67,12519.5,19205.4,29283.5,44332.4,66552.8,98986.9,146072,213811,312093,456783,668830,975348,1.41071E+06,2.01136E+06,2.80886E+06,3.82764E+06,5.08537E+06,6.59567E+06,8.37248E+06,1.04514E+07,1.29055E+07,1.58022E+07,1.91756E+07,2.30471E+07,2.74399E+07,3.23821E+07,3.79086E+07,4.40624E+07,5.08957E+07,5.84713E+07,6.68662E+07,7.61796E+07,8.67341E+07,9.89165E+07,1.12947E+08,1.29053E+08,1.4752E+08,1.6869E+08,1.93269E+08,2.22261E+08,2.56713E+08,2.98578E+08,3.49957E+08,4.12751E+08,4.89613E+08,5.82696E+08,6.93454E+08,8.22994E+08,9.72749E+08,1.14656E+09,1.34885E+09,1.5836E+09,1.85819E+09,2.18073E+09,2.55705E+09,2.99052E+09,3.48284E+09,4.03479E+09,4.6466E+09,5.31844E+09,6.05051E+09,6.84325E+09,7.69775E+09,8.61498E+09,9.59558E+09,1.06398E+10,1.17477E+10,1.29187E+10,1.41523E+10,1.54476E+10,1.68033E+10,1.82182E+10,1.9691E+10,2.12204E+10,2.2806E+10,2.44504E+10,2.61744E+10,2.80057E+10,2.99571E+10,3.20352E+10,3.42437E+10,3.65841E+10,3.90563E+10,4.16659E+10,4.44238E+10,4.7336E+10,5.0405E+10,5.36304E+10,5.70103E+10,6.0542E+10,6.4222E+10,6.80486E+10,7.20209E+10,7.61372E+10,8.03957E+10,8.47936E+10,8.93271E+10,9.39915E+10,9.87819E+10,1.03693E+11,1.0872E+11,1.13856E+11,1.19097E+11,1.24438E+11,1.29872E+11,1.35395E+11,1.41E+11,1.46684E+11,1.52439E+11,1.58261E+11,1.64144E+11,1.70082E+11,1.76071E+11,1.82105E+11,1.88177E+11,1.94284E+11,2.00419E+11,2.06576E+11,2.12752E+11,2.18939E+11,2.25135E+11,2.31332E+11,2.37528E+11,2.43718E+11,2.49897E+11,2.56062E+11,2.6221E+11,2.68337E+11,2.74442E+11,2.8052E+11,2.86571E+11,2.92593E+11,2.98587E+11,3.04554E+11,3.10497E+11,3.1642E+11,3.22324E+11,3.28211E+11,3.34082E+11,3.39936E+11,3.45773E+11,3.51593E+11,3.57394E+11,3.63174E+11,3.68932E+11,3.74666E+11,3.80373E+11,3.86052E+11,3.91701E+11,3.97316E+11,4.02898E+11,4.08446E+11,4.1396E+11,4.1944E+11,4.24885E+11,4.30297E+11,4.35674E+11,4.41016E+11,4.46325E+11,4.51599E+11,4.56839E+11,4.62045E+11,4.67218E+11,4.72357E+11,4.77463E+11,4.82536E+11,4.87577E+11,4.92585E+11,4.97561E+11,5.02504E+11,5.07416E+11,5.12296E+11,5.17145E+11,5.21963E+11,5.26749E+11,5.31505E+11,5.36231E+11,5.40926E+11,5.4559E+11,5.50225E+11,5.54831E+11,5.59407E+11,5.63954E+11,5.68471E+11,5.7296E+11,5.77421E+11,5.81853E+11,5.86257E+11,5.90633E+11,5.94982E+11,5.99303E+11,6.03597E+11,6.07863E+11,6.12103E+11,6.16317E+11,6.20504E+11,6.24665E+11,6.288E+11,6.32909E+11,6.36993E+11,6.41052E+11,6.45085E+11,6.49093E+11,6.53077E+11,6.57036E+11,6.60971E+11,6.64881E+11,6.68768E+11,6.7263E+11,6.76469E+11,6.80285E+11,6.84077E+11,6.87846E+11,6.91592E+11,6.95314E+11,6.99015E+11,7.02692E+11,7.06348E+11,7.09981E+11,7.13591E+11,7.1718E+11,7.20748E+11,7.24293E+11,7.27817E+11,7.3132E+11,7.34801E+11,7.38262E+11,7.41701E+11,7.4512E+11,7.48518E+11,7.51896E+11,7.55253E+11,7.5859E+11,7.61906E+11,7.65203E+11,7.6848E+11,7.71737E+11,7.74975E+11,7.78193E+11,7.81392E+11,7.84573E+11,7.87734E+11,7.90877E+11,7.94001E+11,7.97106E+11,8.00193E+11,8.03262E+11,8.06313E+11,8.09346E+11,8.12361E+11,8.15358E+11,8.18337E+11,8.21298E+11,8.24242E+11,8.27169E+11,8.30078E+11,8.32971E+11,8.35846E+11,8.38704E+11,8.41545E+11,8.44369E+11,8.47177E+11,8.49968E+11,8.52743E+11,8.55501E+11,8.58243E+11,8.60969E+11,8.63679E+11,8.66373E+11,8.6905E+11,8.71712E+11,8.74358E+11,8.76988E+11,8.79603E+11,8.82203E+11,8.84787E+11,8.87356E+11,8.8991E+11,8.92449E+11,8.94974E+11,8.97484E+11,8.99979E+11,9.0246E+11,9.04926E+11,9.07378E+11,9.09817E+11,9.12241E+11,9.14651E+11,9.17048E+11,9.19431E+11,9.218E+11,9.24156E+11,9.26499E+11,9.28829E+11,9.31146E+11,9.3345E+11,9.35741E+11,9.38019E+11,9.40285E+11,9.42539E+11,9.44781E+11,9.4701E+11,9.49228E+11,9.51434E+11,9.53628E+11,9.55811E+11,9.57983E+11,9.60144E+11,9.62294E+11,9.64432E+11,9.66561E+11,9.68678E+11,9.70786E+11,9.72883E+11,9.74969E+11,9.77046E+11,9.79113E+11,9.81169E+11,9.83217E+11,9.85254E+11,9.87283E+11,9.89303E+11,9.91314E+11,9.93319E+11,9.95315E+11,9.97304E+11,9.99286E+11,1.00126E+12,1.00323E+12,1.00519E+12,1.00715E+12,1.0091E+12,1.01104E+12,1.01298E+12,1.01493E+12,1.01687E+12,1.01882E+12,1.02078E+12,1.02275E+12,1.02473E+12,1.02673E+12,1.02874E+12,1.03078E+12,1.03285E+12,1.03494E+12,1.03707E+12,1.03924E+12,1.04144E+12,1.04369E+12,1.04597E+12,1.0483E+12,1.05067E+12,1.05307E+12,1.05552E+12,1.05801E+12,1.06054E+12,1.06311E+12,1.06572E+12,1.06837E+12,1.07106E+12,1.07379E+12,1.07655E+12,1.07935E+12,1.08218E+12,1.08504E+12,1.08792E+12,1.09083E+12,1.09376E+12,1.09671E+12,1.09969E+12,1.10268E+12,1.10569E+12,1.10872E+12,1.11177E+12,1.11484E+12,1.11793E+12,1.12104E+12,1.12417E+12,1.12731E+12,1.13046E+12,1.13363E+12,1.13681E+12,1.14001E+12,1.14322E+12,1.14644E+12,1.14967E+12,1.15291E+12,1.15616E+12,1.15941E+12,1.16268E+12,1.16595E+12,1.16924E+12,1.17253E+12,1.17583E+12,1.17914E+12,1.18246E+12,1.18579E+12,1.18912E+12,1.19246E+12,1.1958E+12,1.19915E+12,1.2025E+12,1.20585E+12,1.20919E+12,1.21253E+12,1.21587E+12,1.21919E+12,1.22251E+12,1.22581E+12,1.2291E+12,1.23237E+12,1.23562E+12,1.23886E+12,1.24209E+12,1.2453E+12,1.24849E+12,1.25167E+12,1.25483E+12,1.25798E+12,1.26111E+12,1.26422E+12,1.26733E+12,1.27041E+12,1.27348E+12,1.27654E+12,1.27958E+12,1.28261E+12,1.28562E+12,1.28861E+12,1.2916E+12,1.29456E+12,1.29752E+12,1.30046E+12,1.30338E+12,1.30629E+12,1.30919E+12,1.31207E+12,1.31494E+12,1.31779E+12,1.32063E+12,1.32346E+12,1.32627E+12,1.32907E+12,1.33185E+12,1.33462E+12,1.33738E+12,1.34012E+12,1.34286E+12,1.34557E+12,1.34828E+12,1.35097E+12,1.35365E+12,1.35632E+12,1.35897E+12,1.36161E+12,1.36424E+12,1.36686E+12,1.36946E+12,1.37205E+12,1.37463E+12,1.37719E+12,1.37975E+12,1.38228E+12,1.38481E+12,1.38733E+12,1.38983E+12,1.39232E+12,1.39479E+12,1.39726E+12,1.39971E+12,1.40215E+12,1.40458E+12,1.40699E+12,1.4094E+12,1.41179E+12,1.41417E+12,1.41654E+12,1.41889E+12,1.42124E+12,1.42357E+12,1.42589E+12,1.4282E+12,1.4305E+12,1.43279E+12,1.43506E+12,1.43733E+12,1.43958E+12,1.44183E+12,1.44406E+12,1.44628E+12,1.44849E+12,1.4507E+12,1.45289E+12,1.45507E+12,1.45724E+12,1.4594E+12,1.46155E+12,1.46369E+12,1.46582E+12,1.46794E+12,1.47005E+12,1.47215E+12,1.47424E+12,1.47633E+12,1.4784E+12,1.48046E+12,1.48252E+12,1.48456E+12,1.4866E+12,1.48863E+12,1.49064E+12,1.49265E+12,1.49466E+12,1.49665E+12,1.49863E+12,1.50061E+12,1.50258E+12,1.50454E+12,1.5065E+12,1.50845E+12,1.51039E+12,1.51232E+12,1.51425E+12,1.51617E+12,1.51808E+12,1.51998E+12,1.52188E+12,1.52377E+12,1.52565E+12,1.52753E+12,1.5294E+12,1.53126E+12,1.53311E+12,1.53496E+12,1.53679E+12,1.53862E+12,1.54044E+12,1.54226E+12,1.54406E+12,1.54586E+12,1.54765E+12,1.54943E+12,1.55121E+12,1.55297E+12,1.55473E+12,1.55648E+12,1.55822E+12,1.55996E+12,1.56168E+12,1.5634E+12,1.56512E+12,1.56682E+12,1.56853E+12,1.57023E+12,1.57192E+12,1.57362E+12,1.57531E+12,1.57701E+12,1.57871E+12,1.58042E+12,1.58214E+12,1.58387E+12,1.58561E+12,1.58737E+12,1.58915E+12,1.59094E+12,1.59274E+12,1.59456E+12,1.59639E+12,1.59824E+12,1.6001E+12,1.60197E+12,1.60385E+12,1.60575E+12,1.60765E+12,1.60957E+12,1.61149E+12,1.61343E+12,1.61538E+12,1.61734E+12,1.6193E+12,1.62129E+12,1.62328E+12,1.62529E+12,1.62731E+12,1.62935E+12,1.63141E+12,1.6335E+12,1.63561E+12,1.63777E+12,1.63996E+12,1.6422E+12,1.64448E+12,1.64682E+12,1.64921E+12,1.65165E+12,1.65417E+12,1.65675E+12,1.6594E+12,1.66213E+12,1.66494E+12,1.66783E+12,1.6708E+12,1.67385E+12,1.67698E+12,1.6802E+12,1.68351E+12,1.68691E+12,1.69039E+12,1.69396E+12,1.69761E+12,1.70135E+12,1.70518E+12,1.70909E+12,1.71309E+12,1.71717E+12,1.72133E+12,1.72557E+12,1.72989E+12,1.73428E+12,1.73873E+12,1.74325E+12,1.74783E+12,1.75246E+12,1.75714E+12,1.76186E+12,1.76663E+12,1.77144E+12,1.77628E+12,1.78115E+12,1.78605E+12,1.79097E+12,1.79592E+12,1.80088E+12,1.80587E+12,1.81086E+12,1.81587E+12,1.82089E+12,1.82591E+12,1.83094E+12,1.83598E+12,1.84102E+12,1.84606E+12,1.8511E+12,1.85614E+12,1.86119E+12,1.86623E+12,1.87127E+12,1.87631E+12,1.88135E+12,1.8864E+12,1.89144E+12,1.89649E+12,1.90153E+12,1.90658E+12,1.91162E+12,1.91666E+12,1.92169E+12,1.92672E+12,1.93173E+12,1.93674E+12,1.94174E+12,1.94673E+12,1.9517E+12,1.95665E+12,1.96159E+12,1.9665E+12,1.97139E+12,1.97626E+12,1.98111E+12,1.98594E+12,1.99074E+12,1.99553E+12,2.00029E+12,2.00503E+12,2.00976E+12,2.01446E+12,2.01914E+12,2.02381E+12,2.02845E+12,2.03308E+12,2.03769E+12,2.04229E+12,2.04688E+12,2.05147E+12,2.05605E+12,2.06063E+12,2.06521E+12,2.06979E+12,2.07436E+12,2.07894E+12,2.08352E+12,2.08811E+12,2.09271E+12,2.09732E+12,2.10194E+12,2.10657E+12,2.11122E+12,2.11588E+12,2.12055E+12,2.12524E+12,2.12994E+12,2.13465E+12,2.13938E+12,2.14413E+12,2.14889E+12,2.15367E+12,2.15846E+12,2.16327E+12,2.1681E+12,2.17294E+12,2.1778E+12,2.18267E+12,2.18755E+12,2.19244E+12,2.19733E+12,2.20222E+12,2.20712E+12,2.21202E+12,2.21692E+12,2.22181E+12,2.22671E+12,2.23159E+12,2.23648E+12,2.24136E+12,2.24623E+12,2.2511E+12,2.25596E+12,2.26082E+12,2.26567E+12,2.27052E+12,2.27536E+12,2.28021E+12,2.28505E+12,2.28989E+12,2.29473E+12,2.29957E+12,2.30441E+12,2.30924E+12,2.31408E+12,2.31892E+12,2.32377E+12,2.32863E+12,2.3335E+12,2.33838E+12,2.34326E+12,2.34816E+12,2.35306E+12,2.35798E+12,2.3629E+12,2.36783E+12,2.37276E+12,2.3777E+12,2.38265E+12,2.3876E+12,2.39256E+12,2.39752E+12,2.40249E+12,2.40746E+12,2.41243E+12,2.41741E+12,2.42239E+12,2.42737E+12,2.43236E+12,2.43734E+12,2.44233E+12,2.44731E+12,2.4523E+12,2.45728E+12,2.46226E+12,2.46724E+12,2.47222E+12,2.47719E+12,2.48216E+12,2.48713E+12,2.4921E+12,2.49706E+12,2.50202E+12,2.50698E+12,2.51193E+12,2.51689E+12,2.52184E+12,2.52679E+12,2.53173E+12,2.53667E+12,2.54159E+12,2.54651E+12,2.55142E+12,2.55631E+12,2.56119E+12,2.56605E+12,2.5709E+12,2.57574E+12,2.58055E+12,2.58535E+12,2.59013E+12,2.59489E+12,2.59964E+12,2.60436E+12,2.60906E+12,2.61375E+12,2.61841E+12,2.62305E+12,2.62767E+12,2.63226E+12,2.63684E+12,2.64139E+12,2.64593E+12,2.65044E+12,2.65493E+12,2.6594E+12,2.66385E+12,2.66828E+12,2.67269E+12,2.67707E+12,2.68144E+12,2.68578E+12,2.69011E+12,2.69441E+12,2.69869E+12,2.70295E+12,2.70719E+12,2.71142E+12,2.71562E+12,2.7198E+12,2.72396E+12,2.7281E+12,2.73222E+12,2.73632E+12,2.74041E+12,2.74447E+12,2.74852E+12,2.75254E+12,2.75655E+12,2.76054E+12,2.7645E+12,2.76845E+12,2.77239E+12,2.7763E+12,2.78019E+12,2.78407E+12,2.78793E+12,2.79177E+12,2.79559E+12,2.79939E+12,2.80318E+12,2.80695E+12,2.8107E+12,2.81443E+12,2.81815E+12,2.82185E+12,2.82553E+12,2.8292E+12,2.83285E+12,2.83648E+12,2.8401E+12,2.8437E+12,2.84729E+12,2.85086E+12,2.85441E+12,2.85795E+12,2.86148E+12,2.86499E+12,2.86848E+12,2.87196E+12,2.87543E+12,2.87889E+12,2.88233E+12,2.88577E+12,2.8892E+12,2.89262E+12,2.89603E+12,2.89944E+12,2.90284E+12,2.90624E+12,2.90964E+12,2.91304E+12,2.91644E+12,2.91983E+12,2.92322E+12,2.92662E+12,2.93001E+12,2.9334E+12,2.93679E+12,2.94019E+12,2.94359E+12,2.94699E+12,2.9504E+12,2.95382E+12,2.95724E+12,2.96068E+12,2.96413E+12,2.96759E+12,2.97107E+12,2.97456E+12,2.97806E+12,2.98158E+12,2.98511E+12,2.98866E+12,2.99221E+12,2.99578E+12,2.99936E+12,3.00295E+12,3.00654E+12,3.01014E+12,3.01374E+12,3.01734E+12,3.02094E+12,3.02454E+12,3.02813E+12,3.03171E+12,3.03528E+12,3.03883E+12,3.04238E+12,3.04591E+12,3.04942E+12,3.05293E+12,3.05642E+12,3.0599E+12,3.06337E+12,3.06682E+12,3.07027E+12,3.0737E+12,3.07712E+12,3.08053E+12,3.08393E+12,3.08732E+12,3.0907E+12,3.09406E+12,3.09742E+12,3.10077E+12,3.1041E+12,3.10743E+12,3.11075E+12,3.11406E+12,3.11736E+12,3.12065E+12,3.12394E+12,3.12721E+12,3.13048E+12,3.13374E+12,3.13699E+12,3.14024E+12,3.14347E+12,3.1467E+12,3.14992E+12,3.15313E+12,3.15634E+12,3.15954E+12,3.16273E+12,3.16591E+12,3.16909E+12,3.17225E+12,3.17541E+12,3.17856E+12,3.18171E+12,3.18484E+12,3.18797E+12,3.19108E+12,3.19419E+12,3.1973E+12,3.20039E+12,3.20347E+12,3.20655E+12,3.20961E+12,3.21267E+12,3.21572E+12,3.21875E+12,3.22178E+12,3.2248E+12,3.22781E+12,3.23081E+12,3.2338E+12,3.23678E+12,3.23976E+12,3.24272E+12,3.24567E+12,3.24861E+12,3.25154E+12,3.25446E+12,3.25737E+12,3.26027E+12,3.26316E+12,3.26604E+12,3.26891E+12,3.27177E+12,3.27461E+12,3.27745E+12,3.28028E+12,3.2831E+12,3.2859E+12,3.2887E+12,3.29149E+12,3.29426E+12,3.29703E+12,3.29979E+12,3.30253E+12,3.30527E+12,3.30799E+12,3.31071E+12,3.31342E+12,3.31611E+12,3.3188E+12,3.32147E+12,3.32414E+12,3.3268E+12,3.32945E+12,3.33208E+12,3.33471E+12,3.33733E+12,3.33994E+12,3.34255E+12,3.34514E+12,3.34772E+12,3.3503E+12,3.35287E+12,3.35543E+12,3.35798E+12,3.36052E+12,3.36305E+12,3.36558E+12,3.36809E+12,3.3706E+12,3.37311E+12,3.3756E+12,3.37809E+12,3.38057E+12,3.38304E+12,3.38551E+12,3.38796E+12,3.39042E+12,3.39286E+12
"Cost of Hospitalizations Cumulative All",0,0,0,0,0,0,0,0,0,0,0,0,0,0,0,0,0,0,0,0,0,2.107,32.7985,134.474,355.342,755.744,1419.41,2475.43,4119.16,6661.41,10568.2,16527.9,25583.7,39334.6,60236.1,92057.2,140544,214060,324296,487204,724230,1.06365E+06,1.54092E+06,2.20079E+06,3.09876E+06,4.29167E+06,5.81708E+06,7.68153E+06,9.84938E+06,1.22845E+07,1.49731E+07,1.79209E+07,2.11422E+07,2.46559E+07,2.84869E+07,3.26664E+07,3.72365E+07,4.22531E+07,4.77858E+07,5.39192E+07,6.0766E+07,6.84728E+07,7.72235E+07,8.72403E+07,9.8791E+07,1.12197E+08,1.27831E+08,1.46119E+08,1.67557E+08,1.92719E+08,2.22232E+08,2.5664E+08,2.96037E+08,3.40614E+08,3.90017E+08,4.44561E+08,5.0525E+08,5.72055E+08,6.44778E+08,7.2314E+08,8.06825E+08,8.9548E+08,9.88836E+08,1.08664E+09,1.1886E+09,1.29437E+09,1.40236E+09,1.5129E+09,1.62685E+09,1.74359E+09,1.86277E+09,1.98401E+09,2.10689E+09,2.23111E+09,2.35645E+09,2.4828E+09,2.60998E+09,2.73794E+09,2.86668E+09,2.99597E+09,3.12581E+09,3.25594E+09,3.38629E+09,3.51684E+09,3.64732E+09,3.77777E+09,3.90805E+09,4.03815E+09,4.16784E+09,4.288E+09,4.40029E+09,4.50844E+09,4.61399E+09,4.71868E+09,4.82227E+09,4.92575E+09,5.0292E+09,5.13267E+09,5.23615E+09,5.33967E+09,5.44345E+09,5.5473E+09,5.65101E+09,5.7552E+09,5.86041E+09,5.96637E+09,6.07271E+09,6.1792E+09,6.28534E+09,6.3906E+09,6.49456E+09,6.59723E+09,6.69865E+09,6.79845E+09,6.89692E+09,6.99354E+09,7.08752E+09,7.17937E+09,7.26922E+09,7.35697E+09,7.44259E+09,7.52638E+09,7.60818E+09,7.68812E+09,7.76604E+09,7.84197E+09,7.91601E+09,7.98817E+09,8.05856E+09,8.12736E+09,8.1944E+09,8.25945E+09,8.3226E+09,8.38425E+09,8.44446E+09,8.50325E+09,8.56102E+09,8.61734E+09,8.67272E+09,8.72738E+09,8.78127E+09,8.83454E+09,8.88726E+09,8.93933E+09,8.99062E+09,9.04141E+09,9.09167E+09,9.14142E+09,9.1908E+09,9.2399E+09,9.2887E+09,9.33713E+09,9.38511E+09,9.43263E+09,9.47976E+09,9.52649E+09,9.5728E+09,9.61874E+09,9.66416E+09,9.70905E+09,9.75361E+09,9.79786E+09,9.84169E+09,9.88499E+09,9.92767E+09,9.96979E+09,1.00114E+10,1.00525E+10,1.00931E+10,1.01331E+10,1.01727E+10,1.0212E+10,1.02508E+10,1.02892E+10,1.03271E+10,1.03648E+10,1.04023E+10,1.04397E+10,1.04769E+10,1.0514E+10,1.05509E+10,1.0588E+10,1.06249E+10,1.06619E+10,1.0699E+10,1.07361E+10,1.07732E+10,1.08104E+10,1.08478E+10,1.08854E+10,1.09232E+10,1.09613E+10,1.09998E+10,1.10388E+10,1.10782E+10,1.11185E+10,1.11596E+10,1.12015E+10,1.12443E+10,1.12879E+10,1.13322E+10,1.1377E+10,1.14224E+10,1.14685E+10,1.15151E+10,1.15625E+10,1.16109E+10,1.16603E+10,1.17107E+10,1.1762E+10,1.18145E+10,1.1868E+10,1.19222E+10,1.19768E+10,1.20314E+10,1.20864E+10,1.2142E+10,1.21979E+10,1.22543E+10,1.23114E+10,1.23691E+10,1.24274E+10,1.24861E+10,1.25451E+10,1.26042E+10,1.26633E+10,1.27223E+10,1.27814E+10,1.28406E+10,1.28998E+10,1.29593E+10,1.3019E+10,1.30792E+10,1.31397E+10,1.32005E+10,1.32616E+10,1.33229E+10,1.33843E+10,1.34458E+10,1.35074E+10,1.3569E+10,1.36305E+10,1.36918E+10,1.3753E+10,1.38141E+10,1.38748E+10,1.39351E+10,1.39953E+10,1.40552E+10,1.41149E+10,1.41743E+10,1.42334E+10,1.42921E+10,1.43505E+10,1.44084E+10,1.44656E+10,1.45224E+10,1.45787E+10,1.46343E+10,1.46895E+10,1.47444E+10,1.47991E+10,1.48537E+10,1.49081E+10,1.49624E+10,1.50166E+10,1.50709E+10,1.51252E+10,1.51795E+10,1.5234E+10,1.52885E+10,1.53433E+10,1.53983E+10,1.54534E+10,1.55087E+10,1.55642E+10,1.56199E+10,1.56757E+10,1.57311E+10,1.57859E+10,1.584E+10,1.58941E+10,1.59485E+10,1.60031E+10,1.60577E+10,1.61127E+10,1.61684E+10,1.62249E+10,1.62816E+10,1.63384E+10,1.63955E+10,1.64529E+10,1.65105E+10,1.65686E+10,1.66273E+10,1.66865E+10,1.67461E+10,1.6806E+10,1.68664E+10,1.69271E+10,1.6988E+10,1.70491E+10,1.71106E+10,1.71725E+10,1.72348E+10,1.72976E+10,1.7361E+10,1.74252E+10,1.74905E+10,1.75569E+10,1.76245E+10,1.76934E+10,1.77635E+10,1.78348E+10,1.79072E+10,1.79805E+10,1.80547E+10,1.813E+10,1.82068E+10,1.8285E+10,1.83647E+10,1.8446E+10,1.85292E+10,1.86141E+10,1.87005E+10,1.87882E+10,1.8877E+10,1.89667E+10,1.90575E+10,1.91494E+10,1.92422E+10,1.9336E+10,1.94311E+10,1.95275E+10,1.96254E+10,1.97249E+10,1.98259E+10,1.99288E+10,2.00335E+10,2.01401E+10,2.02487E+10,2.03593E+10,2.04721E+10,2.05868E+10,2.07033E+10,2.08219E+10,2.09428E+10,2.10655E+10,2.11903E+10,2.13174E+10,2.14469E+10,2.15787E+10,2.17126E+10,2.18485E+10,2.19863E+10,2.21257E+10,2.22664E+10,2.24079E+10,2.25494E+10,2.26894E+10,2.28281E+10,2.29663E+10,2.31039E+10,2.32415E+10,2.33795E+10,2.35189E+10,2.36607E+10,2.38039E+10,2.3948E+10,2.40923E+10,2.42371E+10,2.43824E+10,2.4528E+10,2.46737E+10,2.48192E+10,2.49646E+10,2.511E+10,2.52554E+10,2.54009E+10,2.55464E+10,2.56922E+10,2.58383E+10,2.59846E+10,2.61313E+10,2.62784E+10,2.6426E+10,2.65738E+10,2.67199E+10,2.68632E+10,2.7005E+10,2.71463E+10,2.72873E+10,2.74283E+10,2.75694E+10,2.77107E+10,2.78523E+10,2.79941E+10,2.81358E+10,2.82775E+10,2.8419E+10,2.85612E+10,2.87044E+10,2.88498E+10,2.89959E+10,2.91416E+10,2.92871E+10,2.94321E+10,2.95765E+10,2.97202E+10,2.98634E+10,3.00061E+10,3.01482E+10,3.02895E+10,3.04303E+10,3.05707E+10,3.07105E+10,3.08499E+10,3.0989E+10,3.11275E+10,3.12657E+10,3.14035E+10,3.15406E+10,3.16769E+10,3.18123E+10,3.1947E+10,3.20807E+10,3.22133E+10,3.23449E+10,3.24755E+10,3.26055E+10,3.27345E+10,3.28627E+10,3.29905E+10,3.31179E+10,3.32446E+10,3.33701E+10,3.3494E+10,3.36167E+10,3.37384E+10,3.3859E+10,3.39781E+10,3.40952E+10,3.42112E+10,3.43266E+10,3.44414E+10,3.4556E+10,3.4671E+10,3.47872E+10,3.49051E+10,3.50239E+10,3.51429E+10,3.52616E+10,3.53793E+10,3.54963E+10,3.56123E+10,3.57276E+10,3.58418E+10,3.59552E+10,3.60678E+10,3.61797E+10,3.6291E+10,3.64016E+10,3.65114E+10,3.66201E+10,3.67282E+10,3.68355E+10,3.69422E+10,3.70482E+10,3.71534E+10,3.7258E+10,3.73619E+10,3.7465E+10,3.75672E+10,3.76689E+10,3.77702E+10,3.78708E+10,3.79708E+10,3.80703E+10,3.81693E+10,3.82679E+10,3.8366E+10,3.84638E+10,3.85612E+10,3.86583E+10,3.87551E+10,3.88516E+10,3.89478E+10,3.90438E+10,3.91391E+10,3.92337E+10,3.93288E+10,3.94245E+10,3.95203E+10,3.96161E+10,3.97123E+10,3.9809E+10,3.99063E+10,4.00042E+10,4.0103E+10,4.02025E+10,4.03026E+10,4.0403E+10,4.05038E+10,4.06048E+10,4.07061E+10,4.08076E+10,4.09092E+10,4.1011E+10,4.1113E+10,4.12153E+10,4.13179E+10,4.14207E+10,4.15236E+10,4.16265E+10,4.17295E+10,4.18327E+10,4.19359E+10,4.2039E+10,4.21419E+10,4.22447E+10,4.23474E+10,4.24502E+10,4.25533E+10,4.26565E+10,4.27599E+10,4.28632E+10,4.29664E+10,4.30695E+10,4.31728E+10,4.3276E+10,4.33793E+10,4.34826E+10,4.35858E+10,4.36887E+10,4.37912E+10,4.38936E+10,4.39958E+10,4.40979E+10,4.41996E+10,4.43007E+10,4.44012E+10,4.45013E+10,4.46007E+10,4.46996E+10,4.47974E+10,4.4893E+10,4.49875E+10,4.50821E+10,4.51768E+10,4.52714E+10,4.53658E+10,4.54606E+10,4.55566E+10,4.56523E+10,4.57469E+10,4.58405E+10,4.59338E+10,4.60269E+10,4.61201E+10,4.62134E+10,4.63067E+10,4.64002E+10,4.64938E+10,4.65877E+10,4.6682E+10,4.67769E+10,4.68722E+10,4.69682E+10,4.70647E+10,4.71619E+10,4.72597E+10,4.73583E+10,4.74578E+10,4.75581E+10,4.7659E+10,4.77607E+10,4.78634E+10,4.79669E+10,4.80714E+10,4.81763E+10,4.82813E+10,4.83877E+10,4.84963E+10,4.8607E+10,4.87197E+10,4.88344E+10,4.8952E+10,4.90729E+10,4.91961E+10,4.93211E+10,4.94482E+10,4.95776E+10,4.97092E+10,4.98432E+10,4.99801E+10,5.01203E+10,5.02639E+10,5.0411E+10,5.05617E+10,5.07156E+10,5.08728E+10,5.10339E+10,5.11989E+10,5.13682E+10,5.15417E+10,5.17193E+10,5.19006E+10,5.20855E+10,5.22744E+10,5.24671E+10,5.26635E+10,5.28632E+10,5.3066E+10,5.32713E+10,5.34788E+10,5.36885E+10,5.39003E+10,5.4114E+10,5.43292E+10,5.45455E+10,5.47623E+10,5.49797E+10,5.51978E+10,5.54164E+10,5.56355E+10,5.58548E+10,5.60739E+10,5.6293E+10,5.6512E+10,5.67313E+10,5.69513E+10,5.71722E+10,5.73938E+10,5.76157E+10,5.78372E+10,5.80581E+10,5.82789E+10,5.84993E+10,5.8719E+10,5.89378E+10,5.91557E+10,5.93726E+10,5.95875E+10,5.97984E+10,6.00075E+10,6.02165E+10,6.04255E+10,6.06342E+10,6.08426E+10,6.10521E+10,6.12629E+10,6.14737E+10,6.16836E+10,6.18922E+10,6.20997E+10,6.23065E+10,6.25126E+10,6.27179E+10,6.29225E+10,6.31266E+10,6.33301E+10,6.35332E+10,6.37356E+10,6.39374E+10,6.41386E+10,6.43396E+10,6.45399E+10,6.47395E+10,6.49385E+10,6.5137E+10,6.5335E+10,6.55325E+10,6.57296E+10,6.59265E+10,6.61234E+10,6.632E+10,6.65163E+10,6.67123E+10,6.6908E+10,6.71032E+10,6.72984E+10,6.74939E+10,6.76898E+10,6.78864E+10,6.80838E+10,6.82824E+10,6.8482E+10,6.86827E+10,6.88842E+10,6.90868E+10,6.92904E+10,6.9495E+10,6.97009E+10,6.99079E+10,7.01157E+10,7.03238E+10,7.05331E+10,7.07436E+10,7.09553E+10,7.11683E+10,7.13828E+10,7.15988E+10,7.18165E+10,7.20356E+10,7.22563E+10,7.24787E+10,7.27031E+10,7.29292E+10,7.31563E+10,7.33844E+10,7.36135E+10,7.38438E+10,7.4075E+10,7.4307E+10,7.45399E+10,7.47738E+10,7.50089E+10,7.52446E+10,7.54807E+10,7.5717E+10,7.59528E+10,7.61876E+10,7.64189E+10,7.66446E+10,7.68673E+10,7.70898E+10,7.73128E+10,7.75372E+10,7.77632E+10,7.79926E+10,7.82275E+10,7.84644E+10,7.87011E+10,7.89366E+10,7.91711E+10,7.94051E+10,7.96383E+10,7.98711E+10,8.01036E+10,8.03362E+10,8.05694E+10,8.08037E+10,8.1039E+10,8.12759E+10,8.15144E+10,8.17546E+10,8.19968E+10,8.2241E+10,8.24874E+10,8.27362E+10,8.29873E+10,8.324E+10,8.34918E+10,8.37428E+10,8.39947E+10,8.42488E+10,8.45055E+10,8.47627E+10,8.50227E+10,8.52835E+10,8.55447E+10,8.58073E+10,8.60758E+10,8.63496E+10,8.66186E+10,8.68908E+10,8.71656E+10,8.74408E+10,8.77139E+10,8.79885E+10,8.82669E+10,8.8537E+10,8.88081E+10,8.90786E+10,8.93488E+10,8.96158E+10,8.98808E+10,9.01498E+10,9.04173E+10,9.06816E+10,9.09441E+10,9.12039E+10,9.14611E+10,9.17185E+10,9.19776E+10,9.22266E+10,9.24739E+10,9.27181E+10,9.29586E+10,9.31957E+10,9.34324E+10,9.36702E+10,9.39009E+10,9.41292E+10,9.43542E+10,9.45768E+10,9.47972E+10,9.5016E+10,9.52323E+10,9.5445E+10,9.5656E+10,9.58654E+10,9.60727E+10,9.62771E+10,9.64792E+10,9.66804E+10,9.68805E+10,9.70795E+10,9.72771E+10,9.74736E+10,9.76683E+10,9.78605E+10,9.80506E+10,9.82386E+10,9.84243E+10,9.86082E+10,9.87907E+10,9.89727E+10,9.91547E+10,9.93357E+10,9.95155E+10,9.96942E+10,9.98718E+10,1.00048E+11,1.00223E+11,1.00397E+11,1.00569E+11,1.0074E+11,1.00908E+11,1.01076E+11,1.01242E+11,1.01408E+11,1.01574E+11,1.01739E+11,1.01904E+11,1.02069E+11,1.02234E+11,1.02398E+11,1.02562E+11,1.02725E+11,1.02887E+11,1.03049E+11,1.0321E+11,1.03371E+11,1.03531E+11,1.03691E+11,1.0385E+11,1.04009E+11,1.04167E+11,1.04325E+11,1.04482E+11,1.04639E+11,1.04796E+11,1.04953E+11,1.05109E+11,1.05265E+11,1.0542E+11,1.05576E+11,1.05733E+11,1.0589E+11,1.06048E+11,1.06206E+11,1.06364E+11,1.06523E+11,1.06682E+11,1.06841E+11,1.07001E+11,1.0716E+11,1.0732E+11,1.0748E+11,1.07642E+11,1.07804E+11,1.07968E+11,1.08133E+11,1.08301E+11,1.08472E+11,1.08646E+11,1.08822E+11,1.08999E+11,1.09178E+11,1.09357E+11,1.09537E+11,1.09717E+11,1.09897E+11,1.10078E+11,1.1026E+11,1.10443E+11,1.10626E+11,1.10811E+11,1.10997E+11,1.11186E+11,1.11375E+11,1.11565E+11,1.11755E+11,1.11946E+11,1.12138E+11,1.12331E+11,1.12525E+11,1.12722E+11,1.12919E+11,1.13116E+11,1.13313E+11,1.13511E+11,1.1371E+11,1.1391E+11,1.14111E+11,1.14311E+11,1.14509E+11,1.14706E+11,1.14901E+11,1.15096E+11,1.15293E+11,1.15491E+11,1.15688E+11,1.15884E+11,1.1608E+11,1.16279E+11,1.16479E+11,1.16677E+11,1.16875E+11,1.17069E+11,1.17263E+11,1.17457E+11,1.17652E+11,1.17849E+11,1.18048E+11,1.1825E+11,1.18453E+11,1.18655E+11,1.18858E+11,1.1906E+11,1.19264E+11,1.19472E+11,1.19682E+11,1.19893E+11,1.20104E+11,1.20317E+11,1.20532E+11,1.20748E+11,1.20967E+11,1.21188E+11,1.2141E+11,1.21632E+11,1.21856E+11,1.22081E+11,1.22309E+11,1.22543E+11,1.22779E+11,1.23015E+11,1.23251E+11,1.23489E+11,1.23729E+11,1.23971E+11,1.24213E+11,1.24457E+11,1.24699E+11,1.2494E+11,1.25179E+11,1.25418E+11,1.25659E+11,1.25899E+11,1.2614E+11,1.26379E+11,1.26616E+11,1.2685E+11,1.27084E+11,1.27317E+11,1.27549E+11,1.2778E+11,1.28009E+11,1.28234E+11,1.28456E+11,1.28678E+11,1.28899E+11,1.29119E+11,1.29338E+11,1.29553E+11,1.29765E+11,1.29974E+11,1.30181E+11,1.30387E+11,1.30592E+11,1.30796E+11,1.30996E+11,1.31193E+11,1.31388E+11,1.31581E+11,1.31773E+11,1.31965E+11,1.32155E+11,1.32342E+11,1.32527E+11,1.32709E+11,1.32891E+11,1.33072E+11,1.33253E+11,1.33433E+11,1.3361E+11,1.33786E+11,1.3396E+11,1.34133E+11,1.34307E+11,1.34481E+11,1.34653E+11,1.34824E+11,1.34993E+11,1.3516E+11,1.35326E+11,1.35492E+11,1.3566E+11,1.35827E+11,1.35993E+11,1.36159E+11,1.36325E+11,1.36492E+11,1.3666E+11,1.36828E+11,1.36996E+11,1.37163E+11,1.37331E+11,1.37497E+11,1.37664E+11,1.37831E+11,1.37999E+11,1.38166E+11,1.38329E+11,1.38503E+11,1.38676E+11,1.38849E+11,1.39022E+11,1.39196E+11,1.3937E+11,1.39546E+11,1.39721E+11,1.39898E+11,1.40075E+11,1.40253E+11,1.40432E+11,1.40612E+11,1.40792E+11,1.40973E+11,1.41155E+11,1.41338E+11,1.41521E+11,1.41705E+11,1.4189E+11,1.42075E+11,1.42262E+11,1.42448E+11,1.42636E+11,1.42824E+11
"Vaccine Taking Population All",0,0,0,0,0,0,0,0,0,0,0,0,0,0,0,0,0,0,0,0,0,0,0,0,0,0,0,0,0,0,0,0,0,0,0,0,0,0,0,0,0,0,0,0,0,0,0,0,0,0,0,0,0,0,0,0,0,0,0,0,0,0,0,0,0,0,0,0,0,0,0,0,0,0,0,0,0,0,0,0,0,0,0,0,0,0,0,0,0,0,0,0,0,0,0,0,0,0,0,0,0,0,0,0,0,0,0,0,0,0,0,0,0,0,0,0,0,0,0,0,0,0,0,0,0,0,0,0,0,0,0,0,0,0,0,0,0,0,0,0,0,0,0,0,0,0,0,0,0,0,0,0,0,0,0,0,0,0,0,0,0,0,0,0,0,0,0,0,0,0,0,0,0,0,0,0,0,0,0,0,0,0,0,0,0,0,0,0,0,0,0,0,0,0,0,0,0,0,0,0,0,0,0,0,0,0,0,0,0,0,0,0,0,0,0,0,0,0,0,0,0,0,0,0,0,0,0,0,0,0,0,0,0,0,0,0,0,0,0,0,0,0,0,0,0,0,0,0,0,0,0,0,0,0,0,0,0,0,0,0,0,0,0,0,0,0,0,0,0,0,0,0,0,0,0,0,0,0,0,0,0,0,0,0,0,0,0,0,0,0,0,0,0,0,0,0,0,0,0,0,0,0,0,0,0,0,0,0,0,0,0,0,0,0,0,0,0,0,0,0,0,0,0,0,0,0,0,0,0,0,0,0,0,0,0,0,0,0,0,0,0,0,0,0,0,0,0,0,0,0,0,0,0,0,0,0,0,0,0,0,0,0,0,0,0,0,0,0,0,0,0,0,0,0,0,0,0,0,0,0,0,0,0,0,0,0,0,0,0,0,0,0,0,0,0,0,0,0,0,0,0,0,0,0,0,0,0,0,0,0,0,0,0,0,0,0,0,0,0,0,0,0,0,0,0,0,0,0,0,0,0,0,0,0,0,0,0,0,0,0,0,0,0,0,0,0,0,0,0,0,0,0,0,0,0,0,0,0,0,0,0,0,0,0,0,0,0,0,0,0,0,0,0,0,0,0,0,0,0,0,0,0,0,0,0,0,0,0,0,0,0,0,0,0,0,0,0,0,0,0,0,0,0,0,0,0,0,0,0,0,0,0,0,0,0,0,0,0,0,0,0,0,0,0,0,0,0,0,0,0,0,0,0,0,0,0,0,0,0,0,0,0,0,0,0,0,0,0,0,0,0,0,0,0,0,0,0,0,0,0,0,0,0,0,0,0,0,0,0,0,0,0,0,0,0,0,0,0,0,0,0,0,0,0,0,0,0,0,0,0,0,0,0,0,0,0,0,0,0,0,0,0,0,0,0,0,0,0,0,0,0,0,0,0,0,0,0,0,0,0,0,0,0,0,0,0,0,0,0,0,0,0,0,0,0,0,0,0,0,0,0,0,0,0,0,0,0,0,0,0,0,0,0,0,0,0,0,0,0,0,0,0,0,0,0,0,0,0,0,0,0,0,0,0,0,0,0,0,0,0,0,0,0,0,0,0,0,0,0,0,0,0,0,0,0,0,0,0,0,0,0,0,0,0,0,0,0,0,0,0,0,0,0,0,0,0,0,0,0,0,0,0,0,0,0,0,0,0,0,0,0,0,0,0,0,0,0,0,0,0,0,0,0,0,0,0,0,0,0,0,0,0,0,0,0,0,0,0,0,0,0,0,0,0,0,0,0,0,0,0,0,0,0,0,0,0,0,0,0,0,0,0,0,0,0,0,0,0,0,0,0,0,0,0,0,0,0,0,0,0,0,0,0,0,0,0,0,0,0,0,0,0,0,0,0,0,0,0,0,0,0,0,0,0,0,0,0,0,0,0,0,0,0,0,0,0,0,0,0,0,0,0,0,0,0,0,0,0,0,0,0,0,0,0,0,0,0,0,0,0,0,0,0,0,0,0,0,0,0,0,0,0,0,0,0,0,0,0,0,0,0,0,0,0,0,0,0,0,0,0,0,0,0,0,0,0,0,0,0,0,0,0,0,0,0,0,0,0,0,0,0,0,0,0,0,0,0,0,0,0,0,0,0,0,0,0,0,0,0,0,0,0,0,0,0,0,0,0,0,0,0,0,0,0,0,0,0,0,0,0,0,0,0,0,0,0,0,0,0,0,0,0,0,0,0,0,0,0,0,0,0,0,0,0,0,0,0,0,0,0,0,0,0,0,0,0,0,0,0,0,0,0,0,0,0,0,0,0,0,0,0,0,0,0,0,0,0,0,0,0,0,0,0,0,0,0,0,0,0,0,0,0,0,0,0,0,0,0,0,0,0,0,0,0,0,0,0,0,0,0,0,0,0,0,0,0,0,0,0,0,0,0,0,0,0,0,0,0,0,0,0,0,0,0,0,0,0,0,0,0,0
"Cost of Deaths Cumulative[Alabama]",0,0,0,0,0,0,0,0,0,0,0,0,0,0,0,0,0,0,0,0,0,0.339648,22.7762,155.061,551.61,1428.35,3063.57,5802.62,10066.8,16365.6,25319,37694.3,54449.2,76788,106236,144759,194904,259934,343985,452220,591020,768238,993604,1.27928E+06,1.64054E+06,2.09653E+06,2.67108E+06,3.39384E+06,4.30147E+06,5.43922E+06,6.86226E+06,8.63799E+06,1.08499E+07,1.36014E+07,1.70228E+07,2.1279E+07,2.65793E+07,3.31891E+07,4.1441E+07,5.17457E+07,6.46071E+07,8.06397E+07,1.00591E+08,1.25369E+08,1.56078E+08,1.94063E+08,2.40027E+08,2.93917E+08,3.57022E+08,4.30782E+08,5.16733E+08,6.16463E+08,7.31571E+08,8.63628E+08,1.01418E+09,1.18451E+09,1.37571E+09,1.58863E+09,1.82374E+09,2.08102E+09,2.35989E+09,2.65935E+09,2.97805E+09,3.31426E+09,3.666E+09,4.03111E+09,4.40737E+09,4.79251E+09,5.18429E+09,5.58056E+09,5.97934E+09,6.37883E+09,6.77742E+09,7.17366E+09,7.56629E+09,7.95428E+09,8.33683E+09,8.71329E+09,9.0832E+09,9.44622E+09,9.8021E+09,1.01507E+10,1.04919E+10,1.08257E+10,1.11521E+10,1.14713E+10,1.17833E+10,1.20882E+10,1.23862E+10,1.26782E+10,1.29644E+10,1.32449E+10,1.35206E+10,1.37903E+10,1.40547E+10,1.43133E+10,1.45663E+10,1.48138E+10,1.50551E+10,1.529E+10,1.55188E+10,1.57397E+10,1.59522E+10,1.61574E+10,1.63561E+10,1.65473E+10,1.67326E+10,1.69125E+10,1.70873E+10,1.72576E+10,1.74239E+10,1.75847E+10,1.77407E+10,1.78926E+10,1.80408E+10,1.81862E+10,1.83302E+10,1.84729E+10,1.86151E+10,1.87582E+10,1.89027E+10,1.90464E+10,1.91889E+10,1.93304E+10,1.947E+10,1.96096E+10,1.97474E+10,1.98812E+10,2.00121E+10,2.01425E+10,2.02731E+10,2.04056E+10,2.05389E+10,2.06732E+10,2.08098E+10,2.09441E+10,2.10714E+10,2.12016E+10,2.13363E+10,2.14733E+10,2.16111E+10,2.17473E+10,2.18899E+10,2.20442E+10,2.21972E+10,2.23497E+10,2.24878E+10,2.26084E+10,2.27342E+10,2.28625E+10,2.29916E+10,2.31227E+10,2.3254E+10,2.33964E+10,2.35561E+10,2.37117E+10,2.38625E+10,2.40105E+10,2.41579E+10,2.43067E+10,2.44543E+10,2.45991E+10,2.47436E+10,2.48899E+10,2.50381E+10,2.51873E+10,2.53352E+10,2.54826E+10,2.56299E+10,2.5777E+10,2.59272E+10,2.60794E+10,2.62332E+10,2.63924E+10,2.65594E+10,2.67357E+10,2.69145E+10,2.70915E+10,2.72667E+10,2.74405E+10,2.76136E+10,2.77838E+10,2.7949E+10,2.81128E+10,2.82763E+10,2.84405E+10,2.86059E+10,2.87698E+10,2.89325E+10,2.90964E+10,2.92606E+10,2.94248E+10,2.95893E+10,2.97572E+10,2.99305E+10,3.01055E+10,3.02815E+10,3.04603E+10,3.06417E+10,3.08242E+10,3.10057E+10,3.11871E+10,3.13699E+10,3.15514E+10,3.17311E+10,3.19092E+10,3.20842E+10,3.22582E+10,3.2433E+10,3.26078E+10,3.27807E+10,3.29498E+10,3.31185E+10,3.3289E+10,3.34613E+10,3.3634E+10,3.38054E+10,3.39754E+10,3.41464E+10,3.43149E+10,3.44791E+10,3.46392E+10,3.47935E+10,3.49452E+10,3.50968E+10,3.52476E+10,3.53977E+10,3.55472E+10,3.56973E+10,3.58499E+10,3.60032E+10,3.61557E+10,3.63077E+10,3.64601E+10,3.66137E+10,3.67678E+10,3.69215E+10,3.70753E+10,3.72307E+10,3.73874E+10,3.75451E+10,3.77045E+10,3.7866E+10,3.80311E+10,3.8199E+10,3.83664E+10,3.8533E+10,3.86989E+10,3.88659E+10,3.90314E+10,3.91935E+10,3.93556E+10,3.9517E+10,3.96756E+10,3.98288E+10,3.99788E+10,4.01264E+10,4.02716E+10,4.04131E+10,4.05523E+10,4.06909E+10,4.08311E+10,4.09714E+10,4.11127E+10,4.12559E+10,4.14003E+10,4.15447E+10,4.16881E+10,4.18277E+10,4.19625E+10,4.20964E+10,4.22296E+10,4.23621E+10,4.24944E+10,4.26263E+10,4.27594E+10,4.28946E+10,4.30284E+10,4.31626E+10,4.32994E+10,4.34374E+10,4.35728E+10,4.37061E+10,4.38376E+10,4.39673E+10,4.40935E+10,4.42153E+10,4.43345E+10,4.44535E+10,4.45718E+10,4.46895E+10,4.48071E+10,4.49241E+10,4.50396E+10,4.51541E+10,4.52675E+10,4.53797E+10,4.54913E+10,4.56023E+10,4.57126E+10,4.5823E+10,4.59327E+10,4.60412E+10,4.6149E+10,4.62558E+10,4.63614E+10,4.6466E+10,4.65693E+10,4.66711E+10,4.67711E+10,4.68699E+10,4.69681E+10,4.70664E+10,4.71649E+10,4.72636E+10,4.73627E+10,4.74626E+10,4.75622E+10,4.76618E+10,4.77625E+10,4.78632E+10,4.7964E+10,4.80658E+10,4.81691E+10,4.82755E+10,4.83839E+10,4.84939E+10,4.8605E+10,4.87164E+10,4.883E+10,4.8946E+10,4.90645E+10,4.91857E+10,4.93094E+10,4.94386E+10,4.95745E+10,4.97144E+10,4.98585E+10,5.00066E+10,5.01603E+10,5.03221E+10,5.04896E+10,5.06637E+10,5.08469E+10,5.10407E+10,5.12462E+10,5.14608E+10,5.16809E+10,5.19098E+10,5.2148E+10,5.2391E+10,5.26394E+10,5.2896E+10,5.31648E+10,5.34478E+10,5.37458E+10,5.40601E+10,5.43968E+10,5.47631E+10,5.51653E+10,5.55891E+10,5.60209E+10,5.64541E+10,5.68893E+10,5.73195E+10,5.77304E+10,5.81252E+10,5.8514E+10,5.89042E+10,5.92992E+10,5.96982E+10,6.01025E+10,6.05111E+10,6.09154E+10,6.13182E+10,6.17213E+10,6.21245E+10,6.25275E+10,6.29251E+10,6.33194E+10,6.37188E+10,6.41237E+10,6.45344E+10,6.49486E+10,6.53527E+10,6.57472E+10,6.61532E+10,6.65773E+10,6.70299E+10,6.74953E+10,6.7967E+10,6.84572E+10,6.8969E+10,6.94705E+10,6.99558E+10,7.04201E+10,7.08778E+10,7.13331E+10,7.17963E+10,7.22662E+10,7.27244E+10,7.31603E+10,7.3572E+10,7.39694E+10,7.43591E+10,7.47382E+10,7.51107E+10,7.54846E+10,7.58603E+10,7.6238E+10,7.66221E+10,7.70088E+10,7.73893E+10,7.77653E+10,7.81412E+10,7.85157E+10,7.88855E+10,7.92455E+10,7.95962E+10,7.99468E+10,8.02967E+10,8.06472E+10,8.10066E+10,8.13714E+10,8.17312E+10,8.20888E+10,8.24431E+10,8.2795E+10,8.31403E+10,8.3468E+10,8.37838E+10,8.40958E+10,8.44047E+10,8.47095E+10,8.50097E+10,8.53079E+10,8.56067E+10,8.59052E+10,8.62024E+10,8.64965E+10,8.67984E+10,8.71157E+10,8.7439E+10,8.77585E+10,8.80732E+10,8.838E+10,8.86775E+10,8.89598E+10,8.92153E+10,8.94453E+10,8.96763E+10,8.99091E+10,9.01431E+10,9.03778E+10,9.06134E+10,9.08603E+10,9.11303E+10,9.13991E+10,9.16633E+10,9.19218E+10,9.21757E+10,9.24251E+10,9.26689E+10,9.29087E+10,9.31446E+10,9.33775E+10,9.36079E+10,9.3835E+10,9.40589E+10,9.42836E+10,9.45092E+10,9.4734E+10,9.49552E+10,9.51715E+10,9.53834E+10,9.55922E+10,9.57991E+10,9.6002E+10,9.62025E+10,9.64005E+10,9.65968E+10,9.67913E+10,9.69822E+10,9.71675E+10,9.73506E+10,9.75332E+10,9.77193E+10,9.79062E+10,9.80926E+10,9.82782E+10,9.8463E+10,9.86454E+10,9.88255E+10,9.9001E+10,9.91733E+10,9.93432E+10,9.95118E+10,9.96812E+10,9.98515E+10,1.0002E+11,1.00185E+11,1.00348E+11,1.00509E+11,1.0067E+11,1.00829E+11,1.00984E+11,1.01141E+11,1.01301E+11,1.01462E+11,1.01625E+11,1.01791E+11,1.0196E+11,1.02134E+11,1.02307E+11,1.02481E+11,1.02656E+11,1.0283E+11,1.03006E+11,1.03184E+11,1.03364E+11,1.03545E+11,1.03724E+11,1.03904E+11,1.04085E+11,1.04267E+11,1.04451E+11,1.04638E+11,1.04816E+11,1.04984E+11,1.05183E+11,1.05385E+11,1.05589E+11,1.05793E+11,1.05998E+11,1.06208E+11,1.06421E+11,1.06635E+11,1.0685E+11,1.07067E+11,1.07288E+11,1.07514E+11,1.07743E+11,1.07973E+11,1.08203E+11,1.08437E+11,1.08678E+11,1.08922E+11,1.09162E+11,1.09399E+11,1.09634E+11,1.09867E+11,1.10096E+11,1.10319E+11,1.10544E+11,1.10774E+11,1.11007E+11,1.11247E+11,1.11493E+11,1.11747E+11,1.12012E+11,1.12289E+11,1.12588E+11,1.12906E+11,1.13236E+11,1.13576E+11,1.13929E+11,1.14295E+11,1.14672E+11,1.15059E+11,1.15461E+11,1.15886E+11,1.16339E+11,1.16819E+11,1.17329E+11,1.17873E+11,1.1845E+11,1.19061E+11,1.1971E+11,1.20393E+11,1.21115E+11,1.21877E+11,1.2267E+11,1.23484E+11,1.24321E+11,1.25178E+11,1.26056E+11,1.26945E+11,1.27836E+11,1.28737E+11,1.2965E+11,1.30568E+11,1.31485E+11,1.32404E+11,1.3332E+11,1.34225E+11,1.35118E+11,1.36E+11,1.36871E+11,1.37733E+11,1.38588E+11,1.39439E+11,1.40282E+11,1.41108E+11,1.41914E+11,1.42707E+11,1.43494E+11,1.44277E+11,1.45057E+11,1.45827E+11,1.46589E+11,1.47345E+11,1.48096E+11,1.4884E+11,1.49581E+11,1.50323E+11,1.5106E+11,1.51791E+11,1.52517E+11,1.5325E+11,1.5398E+11,1.5469E+11,1.55377E+11,1.56036E+11,1.56665E+11,1.57267E+11,1.57834E+11,1.5837E+11,1.58889E+11,1.59398E+11,1.59912E+11,1.60425E+11,1.60912E+11,1.61372E+11,1.61819E+11,1.62258E+11,1.62687E+11,1.63097E+11,1.63493E+11,1.63888E+11,1.64289E+11,1.64691E+11,1.65092E+11,1.65495E+11,1.65909E+11,1.66327E+11,1.66739E+11,1.67135E+11,1.67521E+11,1.67898E+11,1.68259E+11,1.68601E+11,1.68933E+11,1.69264E+11,1.69594E+11,1.69921E+11,1.70245E+11,1.70562E+11,1.70875E+11,1.71183E+11,1.71485E+11,1.71782E+11,1.72076E+11,1.72364E+11,1.72644E+11,1.72915E+11,1.7318E+11,1.73441E+11,1.73698E+11,1.7395E+11,1.74195E+11,1.74435E+11,1.74672E+11,1.74907E+11,1.75137E+11,1.75366E+11,1.75592E+11,1.75818E+11,1.76041E+11,1.76262E+11,1.76485E+11,1.7671E+11,1.76934E+11,1.77157E+11,1.77382E+11,1.77607E+11,1.77834E+11,1.78061E+11,1.78288E+11,1.78517E+11,1.78749E+11,1.78983E+11,1.79218E+11,1.79455E+11,1.79683E+11,1.79898E+11,1.80155E+11,1.80416E+11,1.80684E+11,1.80955E+11,1.81232E+11,1.81514E+11,1.81801E+11,1.82096E+11,1.82399E+11,1.82711E+11,1.83033E+11,1.8337E+11,1.83724E+11,1.84093E+11,1.84478E+11,1.84878E+11,1.85291E+11,1.85719E+11,1.86163E+11,1.86623E+11,1.87099E+11,1.87597E+11,1.88113E+11,1.88647E+11,1.89203E+11,1.89785E+11,1.90397E+11,1.91047E+11,1.91735E+11,1.9245E+11,1.9318E+11,1.93918E+11,1.94656E+11,1.95392E+11,1.9612E+11,1.96838E+11,1.97562E+11,1.98295E+11,1.99035E+11,1.99783E+11,2.00539E+11,2.013E+11,2.02063E+11,2.02826E+11,2.03588E+11,2.04349E+11,2.05108E+11,2.05864E+11,2.06617E+11,2.07368E+11,2.08112E+11,2.08847E+11,2.09578E+11,2.10306E+11,2.11027E+11,2.11739E+11,2.12445E+11,2.13154E+11,2.13865E+11,2.14564E+11,2.15242E+11,2.15896E+11,2.1648E+11,2.1703E+11,2.17616E+11,2.18256E+11,2.18888E+11,2.19508E+11,2.20032E+11,2.20519E+11,2.21035E+11,2.21603E+11,2.22193E+11,2.22819E+11,2.23444E+11,2.23999E+11,2.24515E+11,2.25019E+11,2.2555E+11,2.26109E+11,2.2673E+11,2.27353E+11,2.27843E+11,2.28251E+11,2.28675E+11,2.29101E+11,2.29598E+11,2.30147E+11,2.30675E+11,2.31146E+11,2.316E+11,2.32028E+11,2.32453E+11,2.32921E+11,2.33407E+11,2.33867E+11,2.34309E+11,2.34738E+11,2.3516E+11,2.35574E+11,2.35972E+11,2.36356E+11,2.36731E+11,2.37096E+11,2.37449E+11,2.37781E+11,2.38095E+11,2.38396E+11,2.38684E+11,2.38961E+11,2.39224E+11,2.3947E+11,2.39703E+11,2.39928E+11,2.40144E+11,2.40354E+11,2.40559E+11,2.40762E+11,2.40961E+11,2.41156E+11,2.41346E+11,2.41529E+11,2.41704E+11,2.4187E+11,2.4203E+11,2.42187E+11,2.42341E+11,2.42493E+11,2.42642E+11,2.42789E+11,2.42936E+11,2.43083E+11,2.43229E+11,2.43375E+11,2.43518E+11,2.43658E+11,2.43795E+11,2.43929E+11,2.44058E+11,2.44183E+11,2.44303E+11,2.4442E+11,2.44536E+11,2.4465E+11,2.44766E+11,2.44882E+11,2.44998E+11,2.45114E+11,2.45229E+11,2.45342E+11,2.45454E+11,2.45564E+11,2.45673E+11,2.45783E+11,2.45894E+11,2.46005E+11,2.46116E+11,2.46229E+11,2.46342E+11,2.46456E+11,2.46572E+11,2.46688E+11,2.46806E+11,2.46924E+11,2.47043E+11,2.47164E+11,2.47288E+11,2.47413E+11,2.47539E+11,2.47668E+11,2.47799E+11,2.47935E+11,2.48075E+11,2.4822E+11,2.48369E+11,2.48523E+11,2.48679E+11,2.48839E+11,2.48999E+11,2.49158E+11,2.49316E+11,2.49476E+11,2.49639E+11,2.49808E+11,2.49982E+11,2.50163E+11,2.50352E+11,2.50549E+11,2.50755E+11,2.50967E+11,2.51185E+11,2.51408E+11,2.51636E+11,2.51868E+11,2.52105E+11,2.52347E+11,2.52595E+11,2.52848E+11,2.53107E+11,2.5337E+11,2.53638E+11,2.53911E+11,2.54188E+11,2.54466E+11,2.54747E+11,2.55032E+11,2.55322E+11,2.55616E+11,2.55913E+11,2.56216E+11,2.56526E+11,2.56843E+11,2.57163E+11,2.57489E+11,2.57821E+11,2.58158E+11,2.58493E+11,2.58815E+11,2.5912E+11,2.5941E+11,2.59686E+11,2.59946E+11,2.60195E+11,2.60437E+11,2.60671E+11,2.60897E+11,2.6111E+11,2.6131E+11,2.61498E+11,2.6167E+11,2.6183E+11,2.61976E+11,2.62112E+11,2.6224E+11,2.62364E+11,2.62482E+11,2.62593E+11,2.62694E+11,2.62789E+11,2.62876E+11,2.62958E+11,2.63033E+11,2.63101E+11,2.63164E+11,2.63223E+11,2.63277E+11,2.63328E+11,2.63378E+11,2.63429E+11,2.63479E+11,2.63525E+11,2.63567E+11,2.63615E+11,2.63663E+11,2.6371E+11,2.63758E+11,2.63805E+11,2.6385E+11,2.63899E+11,2.63947E+11,2.63995E+11,2.64043E+11,2.64091E+11,2.64139E+11,2.64186E+11,2.64232E+11,2.64278E+11,2.64324E+11,2.6437E+11,2.64416E+11,2.6446E+11,2.64503E+11,2.64548E+11,2.64591E+11,2.64635E+11,2.64678E+11,2.64721E+11,2.64764E+11,2.64805E+11,2.64846E+11,2.64888E+11,2.64929E+11,2.6497E+11,2.65011E+11,2.65052E+11,2.65092E+11,2.65132E+11,2.65171E+11,2.65211E+11,2.6525E+11,2.65288E+11,2.65327E+11,2.65364E+11,2.65402E+11,2.65439E+11,2.65476E+11,2.65513E+11,2.65551E+11,2.65588E+11,2.65625E+11,2.65663E+11,2.65701E+11,2.65739E+11,2.65776E+11,2.65813E+11,2.6585E+11,2.65886E+11,2.65923E+11,2.65959E+11,2.65997E+11,2.66034E+11,2.66073E+11,2.66113E+11,2.66153E+11,2.66193E+11,2.66233E+11,2.66272E+11,2.66312E+11,2.66352E+11,2.66391E+11,2.6643E+11,2.6647E+11,2.66511E+11,2.66552E+11,2.66593E+11,2.66634E+11,2.66676E+11,2.66718E+11,2.6676E+11,2.66804E+11,2.66851E+11,2.66892E+11,2.66933E+11,2.66975E+11,2.67017E+11,2.6706E+11,2.67102E+11,2.67145E+11,2.67189E+11,2.67232E+11,2.67276E+11,2.6732E+11,2.67364E+11,2.67409E+11,2.67454E+11,2.67498E+11,2.67544E+11,2.67589E+11,2.67634E+11,2.6768E+11,2.67726E+11,2.67772E+11,2.67818E+11,2.67864E+11,2.6791E+11,2.67956E+11
"Cost of Deaths Cumulative[Alaska]",0,0,0,0,0,0,0,0,0,0,0,0,0,0,0,0,0,0,0,0,0,0,0,0,0,0,0,0,0,0.650711,16.193,91.5401,306.262,781.373,1691.94,3287.41,5920.63,10083.7,16464.2,26040.3,40225.2,61068.4,91540.5,135972,200630,294640,431382,630494,920789,1.34451E+06,1.96359E+06,2.86765E+06,4.18905E+06,6.12604E+06,8.9732E+06,1.31665E+07,1.9349E+07,2.84626E+07,4.18074E+07,6.07418E+07,8.62028E+07,1.18506E+08,1.57431E+08,2.02401E+08,2.52626E+08,3.07218E+08,3.65262E+08,4.25873E+08,4.88225E+08,5.5157E+08,6.15247E+08,6.78684E+08,7.41409E+08,8.03037E+08,8.63221E+08,9.21695E+08,9.78258E+08,1.03276E+09,1.08511E+09,1.13524E+09,1.18313E+09,1.22876E+09,1.27216E+09,1.31336E+09,1.35243E+09,1.3894E+09,1.42437E+09,1.45739E+09,1.48855E+09,1.51793E+09,1.54562E+09,1.57169E+09,1.59623E+09,1.61932E+09,1.64103E+09,1.66144E+09,1.68063E+09,1.69867E+09,1.71562E+09,1.73155E+09,1.74652E+09,1.7606E+09,1.77383E+09,1.78627E+09,1.79796E+09,1.80897E+09,1.81932E+09,1.82906E+09,1.83823E+09,1.84689E+09,1.85508E+09,1.86277E+09,1.86997E+09,1.87674E+09,1.8831E+09,1.88911E+09,1.89476E+09,1.90007E+09,1.90506E+09,1.90972E+09,1.91406E+09,1.91812E+09,1.92194E+09,1.92552E+09,1.92889E+09,1.93206E+09,1.93505E+09,1.93786E+09,1.94048E+09,1.94293E+09,1.94523E+09,1.9474E+09,1.94945E+09,1.95138E+09,1.95322E+09,1.95497E+09,1.95664E+09,1.95822E+09,1.95974E+09,1.96121E+09,1.96263E+09,1.96399E+09,1.9653E+09,1.96661E+09,1.9679E+09,1.96918E+09,1.97045E+09,1.97173E+09,1.97298E+09,1.97422E+09,1.97543E+09,1.97664E+09,1.97783E+09,1.97901E+09,1.98016E+09,1.9813E+09,1.98244E+09,1.98355E+09,1.98463E+09,1.98565E+09,1.98661E+09,1.98753E+09,1.98844E+09,1.98931E+09,1.99015E+09,1.99096E+09,1.99177E+09,1.99257E+09,1.99335E+09,1.99413E+09,1.99492E+09,1.99573E+09,1.99652E+09,1.9973E+09,1.99806E+09,1.99883E+09,1.99961E+09,2.00037E+09,2.00114E+09,2.00193E+09,2.00273E+09,2.00354E+09,2.00434E+09,2.00514E+09,2.00595E+09,2.00677E+09,2.00758E+09,2.00838E+09,2.00919E+09,2.01E+09,2.01083E+09,2.01167E+09,2.01253E+09,2.0134E+09,2.0143E+09,2.01523E+09,2.01618E+09,2.01714E+09,2.0181E+09,2.01907E+09,2.02004E+09,2.02103E+09,2.02204E+09,2.02307E+09,2.02412E+09,2.02519E+09,2.0263E+09,2.02744E+09,2.02862E+09,2.02984E+09,2.03107E+09,2.03232E+09,2.0336E+09,2.03489E+09,2.03623E+09,2.03759E+09,2.039E+09,2.04046E+09,2.04195E+09,2.04349E+09,2.04508E+09,2.04672E+09,2.04841E+09,2.05015E+09,2.05195E+09,2.05381E+09,2.05573E+09,2.05771E+09,2.05975E+09,2.06186E+09,2.06405E+09,2.0663E+09,2.06864E+09,2.07104E+09,2.07354E+09,2.07611E+09,2.07877E+09,2.08153E+09,2.08438E+09,2.08733E+09,2.09039E+09,2.09356E+09,2.09685E+09,2.10027E+09,2.10383E+09,2.10753E+09,2.11138E+09,2.11541E+09,2.11961E+09,2.124E+09,2.12859E+09,2.1334E+09,2.13845E+09,2.14374E+09,2.1493E+09,2.15515E+09,2.16129E+09,2.16777E+09,2.17458E+09,2.18177E+09,2.18938E+09,2.19743E+09,2.20597E+09,2.21505E+09,2.22471E+09,2.23503E+09,2.24598E+09,2.25744E+09,2.26949E+09,2.28214E+09,2.29523E+09,2.30865E+09,2.32238E+09,2.3363E+09,2.35044E+09,2.36475E+09,2.37916E+09,2.39367E+09,2.40827E+09,2.42279E+09,2.43722E+09,2.45153E+09,2.46559E+09,2.47941E+09,2.49296E+09,2.50623E+09,2.51922E+09,2.53195E+09,2.54443E+09,2.55665E+09,2.56864E+09,2.58039E+09,2.59192E+09,2.60324E+09,2.61435E+09,2.62527E+09,2.636E+09,2.64657E+09,2.65699E+09,2.66727E+09,2.67743E+09,2.68748E+09,2.69741E+09,2.70725E+09,2.71703E+09,2.72673E+09,2.73637E+09,2.74597E+09,2.75553E+09,2.76508E+09,2.77462E+09,2.78416E+09,2.79373E+09,2.80334E+09,2.81301E+09,2.82275E+09,2.8326E+09,2.84256E+09,2.85264E+09,2.86284E+09,2.87315E+09,2.88363E+09,2.89432E+09,2.9052E+09,2.91633E+09,2.92774E+09,2.93945E+09,2.95151E+09,2.96399E+09,2.9769E+09,2.99029E+09,3.00419E+09,3.01873E+09,3.03401E+09,3.05001E+09,3.06649E+09,3.08356E+09,3.1013E+09,3.11973E+09,3.13866E+09,3.15815E+09,3.17798E+09,3.19803E+09,3.21835E+09,3.23884E+09,3.25942E+09,3.28006E+09,3.30061E+09,3.32105E+09,3.34139E+09,3.36157E+09,3.38152E+09,3.40118E+09,3.42053E+09,3.43956E+09,3.4583E+09,3.47674E+09,3.49491E+09,3.51281E+09,3.53043E+09,3.54779E+09,3.56488E+09,3.58171E+09,3.59831E+09,3.61468E+09,3.63084E+09,3.6468E+09,3.66257E+09,3.67818E+09,3.69363E+09,3.70894E+09,3.72414E+09,3.73923E+09,3.75422E+09,3.76915E+09,3.78402E+09,3.79885E+09,3.81367E+09,3.82849E+09,3.84334E+09,3.85825E+09,3.87322E+09,3.88829E+09,3.90347E+09,3.9188E+09,3.93429E+09,3.94998E+09,3.96589E+09,3.98206E+09,3.99852E+09,4.01528E+09,4.03239E+09,4.04985E+09,4.0677E+09,4.08595E+09,4.10464E+09,4.12378E+09,4.14342E+09,4.1636E+09,4.18435E+09,4.20571E+09,4.22764E+09,4.25016E+09,4.27329E+09,4.29715E+09,4.32186E+09,4.34733E+09,4.37393E+09,4.40213E+09,4.43024E+09,4.45769E+09,4.48465E+09,4.51017E+09,4.53466E+09,4.55839E+09,4.58131E+09,4.60355E+09,4.62507E+09,4.64594E+09,4.66618E+09,4.68583E+09,4.70492E+09,4.72342E+09,4.74133E+09,4.75866E+09,4.77542E+09,4.79164E+09,4.80732E+09,4.8225E+09,4.83719E+09,4.85142E+09,4.8652E+09,4.87855E+09,4.89151E+09,4.90408E+09,4.91629E+09,4.92815E+09,4.93969E+09,4.95092E+09,4.96185E+09,4.9725E+09,4.98289E+09,4.99303E+09,5.00294E+09,5.01261E+09,5.02208E+09,5.03134E+09,5.04041E+09,5.0493E+09,5.05802E+09,5.06658E+09,5.075E+09,5.08327E+09,5.09141E+09,5.09943E+09,5.10734E+09,5.11515E+09,5.12287E+09,5.13052E+09,5.13809E+09,5.1456E+09,5.15307E+09,5.1605E+09,5.16791E+09,5.17531E+09,5.18271E+09,5.19012E+09,5.19755E+09,5.20502E+09,5.21253E+09,5.22009E+09,5.22771E+09,5.2354E+09,5.24316E+09,5.25101E+09,5.25895E+09,5.26698E+09,5.27512E+09,5.28338E+09,5.29175E+09,5.30024E+09,5.30887E+09,5.31764E+09,5.32656E+09,5.33564E+09,5.34489E+09,5.35432E+09,5.36394E+09,5.37375E+09,5.38377E+09,5.394E+09,5.40446E+09,5.41514E+09,5.42606E+09,5.43723E+09,5.44865E+09,5.46033E+09,5.47226E+09,5.48445E+09,5.4969E+09,5.50962E+09,5.5226E+09,5.53584E+09,5.54934E+09,5.5631E+09,5.57713E+09,5.59141E+09,5.60595E+09,5.62074E+09,5.63577E+09,5.65102E+09,5.66649E+09,5.68217E+09,5.69807E+09,5.71416E+09,5.73044E+09,5.7469E+09,5.76354E+09,5.78035E+09,5.7973E+09,5.81441E+09,5.83166E+09,5.84906E+09,5.86657E+09,5.88421E+09,5.902E+09,5.91994E+09,5.93798E+09,5.95617E+09,5.97451E+09,5.99303E+09,6.01172E+09,6.0306E+09,6.04969E+09,6.06898E+09,6.08844E+09,6.10809E+09,6.12794E+09,6.14798E+09,6.16822E+09,6.18863E+09,6.20922E+09,6.23003E+09,6.25102E+09,6.27211E+09,6.29347E+09,6.31496E+09,6.33672E+09,6.3586E+09,6.38034E+09,6.40183E+09,6.42312E+09,6.44429E+09,6.46529E+09,6.48598E+09,6.50632E+09,6.52637E+09,6.54619E+09,6.56589E+09,6.58535E+09,6.60463E+09,6.62368E+09,6.64236E+09,6.66059E+09,6.67861E+09,6.69651E+09,6.71399E+09,6.7312E+09,6.74846E+09,6.76584E+09,6.78348E+09,6.8006E+09,6.81661E+09,6.83248E+09,6.84794E+09,6.86263E+09,6.8767E+09,6.89034E+09,6.9037E+09,6.91695E+09,6.93026E+09,6.94375E+09,6.95745E+09,6.97137E+09,6.98544E+09,6.99995E+09,7.01515E+09,7.03065E+09,7.04619E+09,7.06185E+09,7.0778E+09,7.0942E+09,7.11104E+09,7.12843E+09,7.14647E+09,7.16522E+09,7.18478E+09,7.20533E+09,7.22716E+09,7.25072E+09,7.27562E+09,7.30101E+09,7.3273E+09,7.35473E+09,7.38341E+09,7.41293E+09,7.44236E+09,7.4719E+09,7.50222E+09,7.53254E+09,7.56243E+09,7.59177E+09,7.62067E+09,7.64878E+09,7.67586E+09,7.70193E+09,7.72714E+09,7.75171E+09,7.77573E+09,7.79931E+09,7.82249E+09,7.84521E+09,7.86743E+09,7.88921E+09,7.91053E+09,7.93143E+09,7.95194E+09,7.97208E+09,7.99186E+09,8.01137E+09,8.0306E+09,8.04958E+09,8.06831E+09,8.08681E+09,8.1051E+09,8.12317E+09,8.14106E+09,8.15878E+09,8.17634E+09,8.19375E+09,8.21102E+09,8.22816E+09,8.2452E+09,8.26215E+09,8.27903E+09,8.29587E+09,8.31268E+09,8.32949E+09,8.34632E+09,8.36321E+09,8.38018E+09,8.39725E+09,8.41446E+09,8.43185E+09,8.44944E+09,8.46727E+09,8.48538E+09,8.50381E+09,8.5226E+09,8.54181E+09,8.56146E+09,8.58162E+09,8.60235E+09,8.62378E+09,8.64615E+09,8.67018E+09,8.69604E+09,8.72258E+09,8.75012E+09,8.77807E+09,8.80628E+09,8.83533E+09,8.86516E+09,8.8961E+09,8.92842E+09,8.96215E+09,8.99721E+09,9.03346E+09,9.07084E+09,9.10924E+09,9.1485E+09,9.18839E+09,9.22851E+09,9.26857E+09,9.30841E+09,9.34781E+09,9.38667E+09,9.42483E+09,9.46214E+09,9.49858E+09,9.53415E+09,9.56886E+09,9.60273E+09,9.63572E+09,9.66788E+09,9.69923E+09,9.7298E+09,9.75962E+09,9.78873E+09,9.81713E+09,9.84487E+09,9.87199E+09,9.89849E+09,9.92442E+09,9.94982E+09,9.97471E+09,9.99915E+09,1.00232E+10,1.00468E+10,1.007E+10,1.0093E+10,1.01157E+10,1.01381E+10,1.01604E+10,1.01825E+10,1.02045E+10,1.02264E+10,1.02483E+10,1.02703E+10,1.02923E+10,1.03144E+10,1.03368E+10,1.03594E+10,1.03822E+10,1.04054E+10,1.04291E+10,1.04532E+10,1.0478E+10,1.05036E+10,1.05301E+10,1.05574E+10,1.05857E+10,1.0615E+10,1.06455E+10,1.06773E+10,1.07103E+10,1.07444E+10,1.07803E+10,1.08182E+10,1.08584E+10,1.09013E+10,1.09466E+10,1.09956E+10,1.10501E+10,1.11063E+10,1.11619E+10,1.12168E+10,1.12704E+10,1.13229E+10,1.13724E+10,1.14179E+10,1.1462E+10,1.15054E+10,1.1548E+10,1.15898E+10,1.16307E+10,1.16703E+10,1.17085E+10,1.17454E+10,1.17808E+10,1.1815E+10,1.18481E+10,1.188E+10,1.19109E+10,1.19408E+10,1.19696E+10,1.19974E+10,1.20243E+10,1.20505E+10,1.2076E+10,1.21006E+10,1.21247E+10,1.21484E+10,1.21715E+10,1.21933E+10,1.2214E+10,1.22337E+10,1.22525E+10,1.22704E+10,1.22877E+10,1.23044E+10,1.23205E+10,1.23362E+10,1.23515E+10,1.23664E+10,1.23809E+10,1.23952E+10,1.24092E+10,1.24231E+10,1.24368E+10,1.24504E+10,1.2464E+10,1.24775E+10,1.24912E+10,1.25049E+10,1.25188E+10,1.25329E+10,1.25472E+10,1.25619E+10,1.25769E+10,1.25924E+10,1.26085E+10,1.26253E+10,1.26431E+10,1.26625E+10,1.26841E+10,1.2708E+10,1.27349E+10,1.27637E+10,1.2797E+10,1.28346E+10,1.28764E+10,1.29241E+10,1.2976E+10,1.3034E+10,1.30944E+10,1.31601E+10,1.32293E+10,1.33008E+10,1.33746E+10,1.34501E+10,1.35269E+10,1.36035E+10,1.36806E+10,1.37582E+10,1.38347E+10,1.39092E+10,1.39812E+10,1.40501E+10,1.41154E+10,1.4179E+10,1.42424E+10,1.43035E+10,1.43621E+10,1.44184E+10,1.44732E+10,1.45258E+10,1.45751E+10,1.46208E+10,1.4665E+10,1.47076E+10,1.47488E+10,1.47883E+10,1.48258E+10,1.48621E+10,1.48979E+10,1.49329E+10,1.49669E+10,1.49996E+10,1.50308E+10,1.50609E+10,1.50899E+10,1.5118E+10,1.51454E+10,1.51719E+10,1.51978E+10,1.52229E+10,1.52473E+10,1.52708E+10,1.52932E+10,1.53147E+10,1.53354E+10,1.53553E+10,1.53747E+10,1.53937E+10,1.54125E+10,1.54311E+10,1.54494E+10,1.54675E+10,1.54853E+10,1.55029E+10,1.55203E+10,1.55372E+10,1.55538E+10,1.55704E+10,1.55868E+10,1.56031E+10,1.56191E+10,1.56349E+10,1.56506E+10,1.56661E+10,1.56813E+10,1.56962E+10,1.5711E+10,1.57257E+10,1.57402E+10,1.57548E+10,1.57693E+10,1.57838E+10,1.57983E+10,1.58125E+10,1.58272E+10,1.58418E+10,1.58565E+10,1.58712E+10,1.58861E+10,1.59012E+10,1.59161E+10,1.59316E+10,1.59474E+10,1.59633E+10,1.59796E+10,1.59962E+10,1.60131E+10,1.603E+10,1.60476E+10,1.60655E+10,1.60839E+10,1.6103E+10,1.61225E+10,1.61423E+10,1.61617E+10,1.61822E+10,1.62032E+10,1.62247E+10,1.62466E+10,1.62692E+10,1.62924E+10,1.63153E+10,1.634E+10,1.63653E+10,1.63915E+10,1.64186E+10,1.64466E+10,1.64751E+10,1.65034E+10,1.65352E+10,1.6568E+10,1.66025E+10,1.66388E+10,1.66751E+10,1.67114E+10,1.67456E+10,1.67822E+10,1.68181E+10,1.68528E+10,1.68864E+10,1.69202E+10,1.6952E+10,1.69815E+10,1.7015E+10,1.70476E+10,1.70793E+10,1.71101E+10,1.71401E+10,1.71681E+10,1.71942E+10,1.72222E+10,1.7249E+10,1.72747E+10,1.72995E+10,1.73231E+10,1.73445E+10,1.73639E+10,1.7385E+10,1.7405E+10,1.74237E+10,1.74413E+10,1.74579E+10,1.74724E+10,1.74854E+10,1.75002E+10,1.75151E+10,1.75304E+10,1.7546E+10,1.75616E+10,1.75761E+10,1.75901E+10,1.76066E+10,1.7623E+10,1.76392E+10,1.76552E+10,1.76714E+10,1.76867E+10,1.77014E+10,1.77186E+10,1.77358E+10,1.77529E+10,1.77698E+10,1.77867E+10,1.78025E+10,1.78174E+10,1.78346E+10,1.78515E+10,1.78681E+10,1.78848E+10,1.79013E+10,1.79167E+10,1.7931E+10,1.79473E+10,1.79631E+10,1.79784E+10,1.79933E+10,1.80077E+10,1.80202E+10,1.80315E+10,1.80458E+10,1.80597E+10,1.80731E+10,1.80861E+10,1.80987E+10,1.81099E+10,1.81201E+10,1.8132E+10,1.81434E+10,1.81544E+10,1.81649E+10,1.81752E+10,1.81846E+10,1.81932E+10,1.82026E+10,1.82117E+10,1.82203E+10,1.82287E+10,1.82367E+10,1.8244E+10,1.82507E+10,1.82583E+10,1.82656E+10,1.82727E+10,1.82795E+10,1.82862E+10,1.82925E+10,1.82985E+10,1.83048E+10,1.8311E+10,1.83171E+10,1.83233E+10,1.83293E+10,1.83351E+10,1.83407E+10,1.83462E+10,1.83517E+10,1.8357E+10,1.83621E+10,1.83673E+10,1.83724E+10,1.83773E+10,1.83825E+10,1.83876E+10,1.83927E+10,1.83977E+10,1.84027E+10,1.84078E+10,1.84132E+10,1.84186E+10,1.84227E+10,1.8427E+10,1.84313E+10,1.84357E+10,1.84402E+10,1.84447E+10,1.84492E+10,1.84538E+10,1.84585E+10,1.84632E+10,1.84679E+10,1.84727E+10,1.84776E+10,1.84825E+10,1.84874E+10,1.84924E+10,1.84975E+10,1.85027E+10,1.85079E+10,1.85132E+10,1.85186E+10,1.85241E+10,1.85297E+10,1.85354E+10,1.85411E+10
"Cost of Deaths Cumulative[Arizona]",0,0,0,0,0,0,0,0,0,0,0,0,0,0,0,0,0,0,0,0,0,0,0,0,0,0,0.138397,9.40116,64.937,234.942,620.881,1364.6,2659.67,4768.51,8048.28,12987,20251.1,30764.4,45825.5,67266.3,97702.7,140906,202329,289825,414659,592785,846512,1.20693E+06,1.71738E+06,2.43808E+06,3.45286E+06,4.8784E+06,6.87437E+06,9.65606E+06,1.35121E+07,1.88201E+07,2.60636E+07,3.58536E+07,4.89496E+07,6.61659E+07,8.8327E+07,1.16506E+08,1.51886E+08,1.95743E+08,2.49401E+08,3.14183E+08,3.9135E+08,4.82006E+08,5.87001E+08,7.06857E+08,8.41728E+08,9.91408E+08,1.15537E+09,1.33283E+09,1.52914E+09,1.74313E+09,1.96631E+09,2.19812E+09,2.43738E+09,2.68292E+09,2.93365E+09,3.18855E+09,3.44674E+09,3.70742E+09,3.96988E+09,4.23352E+09,4.49786E+09,4.76253E+09,5.02725E+09,5.29181E+09,5.55606E+09,5.81989E+09,6.08321E+09,6.34597E+09,6.60813E+09,6.86961E+09,7.13035E+09,7.39027E+09,7.64935E+09,7.90761E+09,8.16506E+09,8.42177E+09,8.67776E+09,8.93309E+09,9.18782E+09,9.442E+09,9.69571E+09,9.94899E+09,1.02019E+10,1.04523E+10,1.07032E+10,1.0955E+10,1.12073E+10,1.14594E+10,1.17114E+10,1.19637E+10,1.22161E+10,1.24687E+10,1.27213E+10,1.29742E+10,1.32277E+10,1.34821E+10,1.37374E+10,1.39932E+10,1.42503E+10,1.45096E+10,1.47695E+10,1.50282E+10,1.52868E+10,1.55445E+10,1.5803E+10,1.60647E+10,1.63279E+10,1.65915E+10,1.68572E+10,1.71254E+10,1.73973E+10,1.76768E+10,1.79643E+10,1.82612E+10,1.85704E+10,1.88879E+10,1.92141E+10,1.95571E+10,1.99158E+10,2.02791E+10,2.06437E+10,2.10217E+10,2.14177E+10,2.18303E+10,2.22505E+10,2.26711E+10,2.30981E+10,2.35329E+10,2.39606E+10,2.43795E+10,2.47917E+10,2.51983E+10,2.56E+10,2.59966E+10,2.63877E+10,2.6772E+10,2.71506E+10,2.75231E+10,2.78897E+10,2.82514E+10,2.86078E+10,2.89555E+10,2.92935E+10,2.96234E+10,2.9947E+10,3.0261E+10,3.05648E+10,3.08633E+10,3.11572E+10,3.14482E+10,3.17384E+10,3.20264E+10,3.23119E+10,3.25952E+10,3.28772E+10,3.316E+10,3.34463E+10,3.37356E+10,3.40309E+10,3.4334E+10,3.46399E+10,3.49515E+10,3.52709E+10,3.55974E+10,3.59323E+10,3.62725E+10,3.66176E+10,3.69722E+10,3.73254E+10,3.76751E+10,3.80217E+10,3.83577E+10,3.8686E+10,3.90134E+10,3.93434E+10,3.96778E+10,4.00138E+10,4.0355E+10,4.07062E+10,4.1068E+10,4.14368E+10,4.18149E+10,4.22012E+10,4.25866E+10,4.29652E+10,4.33414E+10,4.37124E+10,4.40759E+10,4.44258E+10,4.47613E+10,4.50884E+10,4.54101E+10,4.57219E+10,4.602E+10,4.63116E+10,4.6603E+10,4.68985E+10,4.7192E+10,4.74751E+10,4.77535E+10,4.80309E+10,4.83008E+10,4.85653E+10,4.88238E+10,4.908E+10,4.93388E+10,4.95963E+10,4.9851E+10,5.01089E+10,5.03681E+10,5.06256E+10,5.08812E+10,5.11339E+10,5.13834E+10,5.16344E+10,5.18785E+10,5.21134E+10,5.23402E+10,5.25614E+10,5.27789E+10,5.29967E+10,5.32119E+10,5.34249E+10,5.36393E+10,5.38584E+10,5.40755E+10,5.42815E+10,5.44743E+10,5.46586E+10,5.48376E+10,5.50119E+10,5.518E+10,5.53443E+10,5.55086E+10,5.56743E+10,5.58437E+10,5.60152E+10,5.61858E+10,5.63545E+10,5.65266E+10,5.67042E+10,5.68842E+10,5.70609E+10,5.72377E+10,5.74163E+10,5.75964E+10,5.77691E+10,5.79324E+10,5.80894E+10,5.82421E+10,5.83916E+10,5.85368E+10,5.86788E+10,5.88182E+10,5.89552E+10,5.90881E+10,5.92165E+10,5.93415E+10,5.94651E+10,5.95855E+10,5.97019E+10,5.98148E+10,5.99248E+10,6.00335E+10,6.01409E+10,6.02466E+10,6.03501E+10,6.04506E+10,6.05497E+10,6.06476E+10,6.07415E+10,6.08317E+10,6.092E+10,6.10095E+10,6.11017E+10,6.11909E+10,6.12771E+10,6.13628E+10,6.14474E+10,6.15289E+10,6.16062E+10,6.16793E+10,6.1751E+10,6.18209E+10,6.18888E+10,6.19559E+10,6.20223E+10,6.20879E+10,6.21527E+10,6.2217E+10,6.22815E+10,6.23466E+10,6.2412E+10,6.2478E+10,6.2545E+10,6.26134E+10,6.26829E+10,6.27529E+10,6.28232E+10,6.28937E+10,6.29648E+10,6.30358E+10,6.31066E+10,6.31781E+10,6.32506E+10,6.33245E+10,6.34003E+10,6.34776E+10,6.35566E+10,6.36376E+10,6.37197E+10,6.38028E+10,6.38864E+10,6.39702E+10,6.40551E+10,6.41408E+10,6.42269E+10,6.43145E+10,6.44041E+10,6.44955E+10,6.45901E+10,6.46888E+10,6.4792E+10,6.48997E+10,6.50129E+10,6.51317E+10,6.52568E+10,6.5389E+10,6.55298E+10,6.56815E+10,6.58413E+10,6.60063E+10,6.61799E+10,6.63644E+10,6.65585E+10,6.67609E+10,6.69742E+10,6.72038E+10,6.74532E+10,6.77233E+10,6.80095E+10,6.83093E+10,6.86232E+10,6.89483E+10,6.92865E+10,6.96402E+10,7.00101E+10,7.03989E+10,7.08086E+10,7.1246E+10,7.17065E+10,7.21893E+10,7.26951E+10,7.32364E+10,7.38082E+10,7.44122E+10,7.50442E+10,7.57094E+10,7.64023E+10,7.71027E+10,7.77929E+10,7.84851E+10,7.91823E+10,7.98886E+10,8.0605E+10,8.13158E+10,8.20202E+10,8.27308E+10,8.3451E+10,8.41852E+10,8.49231E+10,8.5648E+10,8.63725E+10,8.71067E+10,8.78293E+10,8.85374E+10,8.92249E+10,8.98954E+10,9.05632E+10,9.1226E+10,9.1883E+10,9.25555E+10,9.32536E+10,9.39789E+10,9.47202E+10,9.54681E+10,9.62318E+10,9.70209E+10,9.78125E+10,9.86135E+10,9.94227E+10,1.00234E+11,1.01043E+11,1.01848E+11,1.0264E+11,1.03421E+11,1.04171E+11,1.04902E+11,1.05628E+11,1.06361E+11,1.07091E+11,1.07818E+11,1.08543E+11,1.09267E+11,1.09991E+11,1.10717E+11,1.11444E+11,1.12169E+11,1.1289E+11,1.13599E+11,1.14296E+11,1.14987E+11,1.15667E+11,1.16336E+11,1.17004E+11,1.1767E+11,1.1833E+11,1.18986E+11,1.19642E+11,1.20293E+11,1.20936E+11,1.21575E+11,1.2221E+11,1.22847E+11,1.23489E+11,1.24125E+11,1.2476E+11,1.25395E+11,1.26027E+11,1.26667E+11,1.27314E+11,1.27961E+11,1.28603E+11,1.29241E+11,1.29884E+11,1.30532E+11,1.31171E+11,1.31799E+11,1.32418E+11,1.33031E+11,1.33636E+11,1.34225E+11,1.34799E+11,1.35371E+11,1.35948E+11,1.36528E+11,1.37108E+11,1.37684E+11,1.38258E+11,1.38831E+11,1.39393E+11,1.39946E+11,1.40491E+11,1.41031E+11,1.41565E+11,1.42098E+11,1.4263E+11,1.43165E+11,1.43703E+11,1.4424E+11,1.44776E+11,1.45309E+11,1.4584E+11,1.46373E+11,1.46909E+11,1.47443E+11,1.47976E+11,1.48504E+11,1.49026E+11,1.4954E+11,1.50047E+11,1.50552E+11,1.51053E+11,1.51549E+11,1.52044E+11,1.52536E+11,1.53027E+11,1.53514E+11,1.53997E+11,1.54472E+11,1.54943E+11,1.55412E+11,1.55877E+11,1.56338E+11,1.56797E+11,1.57255E+11,1.57714E+11,1.58171E+11,1.58623E+11,1.59071E+11,1.59516E+11,1.59956E+11,1.60392E+11,1.60825E+11,1.61252E+11,1.61679E+11,1.62106E+11,1.62532E+11,1.62956E+11,1.63384E+11,1.63818E+11,1.64256E+11,1.64696E+11,1.65133E+11,1.65574E+11,1.66019E+11,1.66462E+11,1.669E+11,1.67336E+11,1.67766E+11,1.68193E+11,1.68617E+11,1.69037E+11,1.69459E+11,1.69881E+11,1.70302E+11,1.70721E+11,1.71137E+11,1.71551E+11,1.71968E+11,1.72385E+11,1.728E+11,1.73214E+11,1.73633E+11,1.74053E+11,1.74476E+11,1.749E+11,1.75326E+11,1.75758E+11,1.76194E+11,1.7663E+11,1.77065E+11,1.77505E+11,1.77954E+11,1.78408E+11,1.78864E+11,1.7932E+11,1.79783E+11,1.80252E+11,1.80738E+11,1.81237E+11,1.81733E+11,1.82232E+11,1.82733E+11,1.83231E+11,1.83722E+11,1.84198E+11,1.84667E+11,1.8514E+11,1.85613E+11,1.86085E+11,1.8656E+11,1.87037E+11,1.87511E+11,1.87984E+11,1.88463E+11,1.88946E+11,1.89433E+11,1.89919E+11,1.90408E+11,1.90903E+11,1.91404E+11,1.9191E+11,1.92422E+11,1.92944E+11,1.93479E+11,1.94026E+11,1.94589E+11,1.95174E+11,1.9578E+11,1.96412E+11,1.97068E+11,1.9775E+11,1.98464E+11,1.99211E+11,1.99984E+11,2.00772E+11,2.01574E+11,2.02392E+11,2.03229E+11,2.04076E+11,2.0493E+11,2.05792E+11,2.06677E+11,2.0758E+11,2.08494E+11,2.09413E+11,2.10338E+11,2.11266E+11,2.12193E+11,2.13116E+11,2.14032E+11,2.14942E+11,2.15854E+11,2.16765E+11,2.17677E+11,2.18586E+11,2.19483E+11,2.20368E+11,2.21244E+11,2.22109E+11,2.22963E+11,2.23805E+11,2.24632E+11,2.25447E+11,2.26254E+11,2.27051E+11,2.27845E+11,2.28638E+11,2.29423E+11,2.30195E+11,2.30952E+11,2.31699E+11,2.32442E+11,2.33175E+11,2.33898E+11,2.34614E+11,2.3532E+11,2.36016E+11,2.36698E+11,2.37361E+11,2.38012E+11,2.3865E+11,2.39272E+11,2.39886E+11,2.40491E+11,2.41088E+11,2.41677E+11,2.42265E+11,2.4285E+11,2.43428E+11,2.43988E+11,2.44543E+11,2.45096E+11,2.45645E+11,2.46185E+11,2.46718E+11,2.47262E+11,2.47813E+11,2.48349E+11,2.48871E+11,2.49381E+11,2.49878E+11,2.50363E+11,2.50828E+11,2.51277E+11,2.51725E+11,2.52167E+11,2.52609E+11,2.53051E+11,2.53493E+11,2.53936E+11,2.54383E+11,2.54835E+11,2.55292E+11,2.55753E+11,2.56219E+11,2.56692E+11,2.5717E+11,2.57652E+11,2.58141E+11,2.58637E+11,2.59142E+11,2.59657E+11,2.60181E+11,2.60719E+11,2.61273E+11,2.61843E+11,2.62427E+11,2.63023E+11,2.63627E+11,2.64238E+11,2.64858E+11,2.65488E+11,2.66128E+11,2.66777E+11,2.6743E+11,2.68089E+11,2.68756E+11,2.6943E+11,2.70109E+11,2.70787E+11,2.71473E+11,2.72175E+11,2.72894E+11,2.73629E+11,2.74378E+11,2.75139E+11,2.75924E+11,2.76728E+11,2.77551E+11,2.78397E+11,2.79266E+11,2.80164E+11,2.81085E+11,2.82028E+11,2.82989E+11,2.83967E+11,2.84959E+11,2.85964E+11,2.86975E+11,2.8799E+11,2.89014E+11,2.90058E+11,2.91117E+11,2.92176E+11,2.93237E+11,2.94298E+11,2.9536E+11,2.96415E+11,2.97448E+11,2.98469E+11,2.99487E+11,3.00498E+11,3.01506E+11,3.02512E+11,3.0353E+11,3.04597E+11,3.05693E+11,3.06789E+11,3.07872E+11,3.08933E+11,3.09982E+11,3.1101E+11,3.11984E+11,3.12922E+11,3.13851E+11,3.14785E+11,3.15729E+11,3.16678E+11,3.17625E+11,3.18571E+11,3.19519E+11,3.20465E+11,3.21403E+11,3.22332E+11,3.23253E+11,3.24167E+11,3.25075E+11,3.25973E+11,3.26859E+11,3.27733E+11,3.28599E+11,3.2945E+11,3.30273E+11,3.31069E+11,3.31856E+11,3.32652E+11,3.33444E+11,3.34216E+11,3.34974E+11,3.35723E+11,3.36462E+11,3.37187E+11,3.37887E+11,3.38555E+11,3.39192E+11,3.39797E+11,3.40371E+11,3.40925E+11,3.41458E+11,3.41968E+11,3.42465E+11,3.42963E+11,3.43457E+11,3.43938E+11,3.44408E+11,3.44875E+11,3.45339E+11,3.45798E+11,3.4625E+11,3.46696E+11,3.47145E+11,3.47597E+11,3.48049E+11,3.48491E+11,3.48899E+11,3.49376E+11,3.49871E+11,3.50369E+11,3.50868E+11,3.51367E+11,3.51853E+11,3.52335E+11,3.52816E+11,3.53297E+11,3.53782E+11,3.54268E+11,3.54757E+11,3.55249E+11,3.5574E+11,3.56236E+11,3.56745E+11,3.57265E+11,3.57788E+11,3.58314E+11,3.58837E+11,3.59356E+11,3.59871E+11,3.60374E+11,3.60862E+11,3.61338E+11,3.61805E+11,3.62267E+11,3.62725E+11,3.63179E+11,3.63636E+11,3.64094E+11,3.6455E+11,3.65002E+11,3.65448E+11,3.65887E+11,3.66316E+11,3.66734E+11,3.67143E+11,3.67544E+11,3.67943E+11,3.68339E+11,3.68731E+11,3.69122E+11,3.69516E+11,3.69914E+11,3.70307E+11,3.70704E+11,3.71095E+11,3.71478E+11,3.71857E+11,3.72228E+11,3.72592E+11,3.7295E+11,3.73305E+11,3.73659E+11,3.74012E+11,3.74361E+11,3.74706E+11,3.75051E+11,3.75395E+11,3.75737E+11,3.76075E+11,3.76413E+11,3.7675E+11,3.77086E+11,3.77408E+11,3.77713E+11,3.78059E+11,3.78404E+11,3.78747E+11,3.7909E+11,3.79433E+11,3.79768E+11,3.80089E+11,3.80431E+11,3.8077E+11,3.81106E+11,3.81442E+11,3.81777E+11,3.82113E+11,3.82451E+11,3.82789E+11,3.83126E+11,3.83464E+11,3.83805E+11,3.8415E+11,3.84499E+11,3.84848E+11,3.85197E+11,3.85543E+11,3.85885E+11,3.86219E+11,3.86546E+11,3.86869E+11,3.87189E+11,3.87507E+11,3.87824E+11,3.88145E+11,3.88468E+11,3.88795E+11,3.89123E+11,3.89448E+11,3.89782E+11,3.90115E+11,3.90446E+11,3.90774E+11,3.91098E+11,3.91411E+11,3.91713E+11,3.92037E+11,3.92359E+11,3.92679E+11,3.92997E+11,3.93317E+11,3.93624E+11,3.93916E+11,3.94237E+11,3.94558E+11,3.94879E+11,3.95201E+11,3.95521E+11,3.95816E+11,3.96099E+11,3.96454E+11,3.96807E+11,3.9716E+11,3.97519E+11,3.97882E+11,3.98185E+11,3.98455E+11,3.98802E+11,3.99129E+11,3.99436E+11,3.99721E+11,3.99995E+11,4.0022E+11,4.0042E+11,4.00704E+11,4.00968E+11,4.01215E+11,4.01447E+11,4.01663E+11,4.01815E+11,4.01949E+11,4.02136E+11,4.02311E+11,4.02475E+11,4.0263E+11,4.02777E+11,4.0289E+11,4.02989E+11,4.03121E+11,4.03242E+11,4.03353E+11,4.03456E+11,4.03552E+11,4.03623E+11,4.03686E+11,4.03771E+11,4.03854E+11,4.03937E+11,4.04018E+11,4.04099E+11,4.04161E+11,4.04221E+11,4.04314E+11,4.04405E+11,4.04495E+11,4.04583E+11,4.0467E+11,4.04744E+11,4.04814E+11,4.04908E+11,4.05001E+11,4.05093E+11,4.05184E+11,4.05274E+11,4.05346E+11,4.05415E+11,4.05513E+11,4.05609E+11,4.05703E+11,4.05796E+11,4.05889E+11,4.05962E+11,4.06031E+11,4.0613E+11,4.06226E+11,4.06319E+11,4.06411E+11,4.06499E+11,4.06571E+11,4.06639E+11,4.06731E+11,4.06821E+11,4.06908E+11,4.06994E+11,4.07079E+11,4.07149E+11,4.07214E+11,4.07301E+11,4.07386E+11,4.07469E+11,4.0755E+11,4.07629E+11,4.07696E+11,4.07758E+11,4.07839E+11,4.07918E+11,4.07995E+11,4.0807E+11,4.08144E+11,4.08212E+11,4.08276E+11,4.08351E+11,4.08425E+11,4.08498E+11,4.0857E+11,4.08641E+11,4.08705E+11,4.08765E+11,4.08839E+11,4.0891E+11,4.08981E+11,4.09052E+11,4.09122E+11,4.0919E+11,4.09256E+11,4.09324E+11,4.09392E+11,4.09459E+11,4.09525E+11,4.0959E+11,4.0965E+11,4.09708E+11,4.09776E+11,4.09843E+11,4.09909E+11,4.09975E+11,4.10041E+11,4.10103E+11,4.10165E+11,4.10235E+11,4.10296E+11,4.10358E+11,4.1042E+11,4.10483E+11,4.10546E+11,4.1061E+11,4.10673E+11,4.10738E+11,4.10802E+11,4.10867E+11,4.10932E+11,4.10998E+11,4.11063E+11,4.11129E+11,4.11196E+11,4.11262E+11,4.11329E+11,4.11396E+11,4.11464E+11,4.11531E+11,4.11599E+11,4.11667E+11,4.11736E+11,4.11804E+11,4.11873E+11
"Cost of Deaths Cumulative[Arkansas]",0,0,0,0,0,0,0,0,0,0,0,0,0,0,0,0,0,0,0,0,0,0,0,0,0,0,0,0,0,2.72906,24.5176,97.0576,264.913,584.228,1122.22,1957.48,3181.19,4898.57,7229.63,10309.8,14292.2,19353.1,25703.1,33597.4,43345.8,55319.2,69957.3,87778,109390,135509,166983,204821,250239,304710,370052,448561,543151,657449,795874,963711,1.16727E+06,1.41418E+06,1.71375E+06,2.07744E+06,2.51934E+06,3.05691E+06,3.71173E+06,4.51038E+06,5.4854E+06,6.67629E+06,8.12948E+06,9.89846E+06,1.20457E+07,1.46454E+07,1.77872E+07,2.15784E+07,2.61469E+07,3.16422E+07,3.82387E+07,4.61351E+07,5.55249E+07,6.6654E+07,7.98114E+07,9.53286E+07,1.13587E+08,1.35031E+08,1.60179E+08,1.89641E+08,2.24137E+08,2.64522E+08,3.11811E+08,3.67199E+08,4.32055E+08,5.07949E+08,5.96668E+08,7.00247E+08,8.21016E+08,9.61641E+08,1.12512E+09,1.3148E+09,1.53435E+09,1.78779E+09,2.07849E+09,2.40853E+09,2.77852E+09,3.18766E+09,3.63391E+09,4.11428E+09,4.62507E+09,5.16211E+09,5.72098E+09,6.30636E+09,6.90971E+09,7.52049E+09,8.13583E+09,8.75221E+09,9.36642E+09,9.9757E+09,1.05775E+10,1.11697E+10,1.17496E+10,1.23163E+10,1.28696E+10,1.34073E+10,1.39291E+10,1.44337E+10,1.49211E+10,1.53905E+10,1.58384E+10,1.62656E+10,1.66756E+10,1.70682E+10,1.74432E+10,1.77994E+10,1.81397E+10,1.84655E+10,1.87775E+10,1.90744E+10,1.93552E+10,1.96216E+10,1.98774E+10,2.01216E+10,2.0355E+10,2.05767E+10,2.07867E+10,2.09896E+10,2.11853E+10,2.13706E+10,2.15443E+10,2.17079E+10,2.18654E+10,2.20205E+10,2.21712E+10,2.23164E+10,2.24574E+10,2.25962E+10,2.2733E+10,2.28645E+10,2.29871E+10,2.31024E+10,2.32106E+10,2.33114E+10,2.34055E+10,2.34931E+10,2.35758E+10,2.36543E+10,2.37272E+10,2.37947E+10,2.38579E+10,2.39182E+10,2.39762E+10,2.40311E+10,2.40826E+10,2.41321E+10,2.418E+10,2.42258E+10,2.42701E+10,2.43136E+10,2.43567E+10,2.43998E+10,2.44414E+10,2.44825E+10,2.45245E+10,2.45666E+10,2.46085E+10,2.46493E+10,2.46893E+10,2.47287E+10,2.47661E+10,2.4802E+10,2.48366E+10,2.48707E+10,2.49052E+10,2.49399E+10,2.49758E+10,2.50133E+10,2.50517E+10,2.50902E+10,2.51259E+10,2.51586E+10,2.51897E+10,2.52193E+10,2.52473E+10,2.52747E+10,2.53014E+10,2.5328E+10,2.53547E+10,2.53814E+10,2.54082E+10,2.54356E+10,2.5462E+10,2.54874E+10,2.55126E+10,2.55376E+10,2.55627E+10,2.55878E+10,2.56128E+10,2.56381E+10,2.56638E+10,2.56902E+10,2.5717E+10,2.57438E+10,2.57709E+10,2.57983E+10,2.58263E+10,2.58547E+10,2.58834E+10,2.59127E+10,2.59426E+10,2.59727E+10,2.60028E+10,2.60331E+10,2.60639E+10,2.60957E+10,2.61284E+10,2.61623E+10,2.61975E+10,2.6234E+10,2.62713E+10,2.6308E+10,2.63439E+10,2.63798E+10,2.64158E+10,2.6452E+10,2.64894E+10,2.65273E+10,2.65652E+10,2.66035E+10,2.66422E+10,2.66813E+10,2.67208E+10,2.67602E+10,2.68003E+10,2.68425E+10,2.68861E+10,2.69309E+10,2.69765E+10,2.70233E+10,2.70714E+10,2.71202E+10,2.71692E+10,2.72187E+10,2.72693E+10,2.73213E+10,2.73752E+10,2.7431E+10,2.74889E+10,2.7549E+10,2.76109E+10,2.76747E+10,2.77409E+10,2.78081E+10,2.78753E+10,2.7943E+10,2.80121E+10,2.80829E+10,2.81546E+10,2.82274E+10,2.83016E+10,2.83771E+10,2.8454E+10,2.85312E+10,2.86079E+10,2.86855E+10,2.87632E+10,2.8841E+10,2.89187E+10,2.89967E+10,2.90759E+10,2.91562E+10,2.92369E+10,2.93171E+10,2.93972E+10,2.94762E+10,2.95523E+10,2.96265E+10,2.97016E+10,2.97783E+10,2.98575E+10,2.99407E+10,3.00276E+10,3.01161E+10,3.02013E+10,3.02837E+10,3.03649E+10,3.04433E+10,3.05191E+10,3.05942E+10,3.06705E+10,3.07492E+10,3.08302E+10,3.09137E+10,3.09991E+10,3.10871E+10,3.11755E+10,3.12625E+10,3.13493E+10,3.14363E+10,3.15237E+10,3.16138E+10,3.17058E+10,3.17995E+10,3.18956E+10,3.19945E+10,3.20967E+10,3.22018E+10,3.23086E+10,3.24156E+10,3.25241E+10,3.26343E+10,3.27449E+10,3.2856E+10,3.2968E+10,3.30813E+10,3.3198E+10,3.3318E+10,3.34401E+10,3.35646E+10,3.36904E+10,3.38177E+10,3.39487E+10,3.40821E+10,3.42148E+10,3.43476E+10,3.44815E+10,3.46153E+10,3.47479E+10,3.48775E+10,3.50055E+10,3.51333E+10,3.52615E+10,3.53918E+10,3.55261E+10,3.56612E+10,3.5795E+10,3.59296E+10,3.60645E+10,3.61981E+10,3.63284E+10,3.64518E+10,3.65682E+10,3.6679E+10,3.67834E+10,3.68844E+10,3.69828E+10,3.70779E+10,3.71712E+10,3.72644E+10,3.7357E+10,3.74493E+10,3.75418E+10,3.76353E+10,3.77313E+10,3.78293E+10,3.79265E+10,3.80238E+10,3.81205E+10,3.82171E+10,3.8316E+10,3.84174E+10,3.85202E+10,3.86253E+10,3.87328E+10,3.88477E+10,3.89713E+10,3.91018E+10,3.9227E+10,3.93447E+10,3.94631E+10,3.95843E+10,3.97039E+10,3.98208E+10,3.99361E+10,4.00574E+10,4.01882E+10,4.03224E+10,4.04598E+10,4.06007E+10,4.07447E+10,4.08883E+10,4.10308E+10,4.11749E+10,4.1325E+10,4.14813E+10,4.16434E+10,4.18111E+10,4.19854E+10,4.21704E+10,4.237E+10,4.25826E+10,4.28039E+10,4.30328E+10,4.3264E+10,4.3489E+10,4.37097E+10,4.39239E+10,4.41287E+10,4.43294E+10,4.45233E+10,4.4713E+10,4.49027E+10,4.50858E+10,4.52589E+10,4.54263E+10,4.55886E+10,4.57486E+10,4.5905E+10,4.60573E+10,4.62071E+10,4.63546E+10,4.64983E+10,4.66395E+10,4.67784E+10,4.69152E+10,4.70508E+10,4.71838E+10,4.73142E+10,4.74438E+10,4.75716E+10,4.76967E+10,4.78201E+10,4.79418E+10,4.80617E+10,4.81801E+10,4.8296E+10,4.84108E+10,4.85232E+10,4.86313E+10,4.87378E+10,4.8844E+10,4.89502E+10,4.90563E+10,4.91623E+10,4.92712E+10,4.9387E+10,4.95095E+10,4.96373E+10,4.97695E+10,4.99048E+10,5.00438E+10,5.01912E+10,5.03516E+10,5.05252E+10,5.07187E+10,5.0927E+10,5.11366E+10,5.13339E+10,5.15013E+10,5.16366E+10,5.1751E+10,5.18535E+10,5.19492E+10,5.20442E+10,5.21395E+10,5.22358E+10,5.2336E+10,5.24398E+10,5.25499E+10,5.26671E+10,5.27867E+10,5.29074E+10,5.30273E+10,5.31427E+10,5.32553E+10,5.33624E+10,5.34667E+10,5.35719E+10,5.36771E+10,5.37822E+10,5.38877E+10,5.39942E+10,5.41023E+10,5.42111E+10,5.43203E+10,5.4431E+10,5.45434E+10,5.46581E+10,5.47752E+10,5.48942E+10,5.50142E+10,5.51345E+10,5.5255E+10,5.53755E+10,5.5498E+10,5.56224E+10,5.57461E+10,5.58691E+10,5.59915E+10,5.6114E+10,5.62385E+10,5.63662E+10,5.64946E+10,5.66235E+10,5.67516E+10,5.6879E+10,5.70053E+10,5.71297E+10,5.72521E+10,5.73747E+10,5.74978E+10,5.76222E+10,5.7747E+10,5.78729E+10,5.80007E+10,5.81318E+10,5.82651E+10,5.84008E+10,5.85382E+10,5.86776E+10,5.88171E+10,5.89562E+10,5.90961E+10,5.92378E+10,5.9381E+10,5.95266E+10,5.96732E+10,5.98214E+10,5.99751E+10,6.01382E+10,6.03069E+10,6.04743E+10,6.06409E+10,6.08073E+10,6.09736E+10,6.11376E+10,6.12962E+10,6.14517E+10,6.16074E+10,6.17595E+10,6.19091E+10,6.20596E+10,6.22126E+10,6.23677E+10,6.2525E+10,6.26865E+10,6.28544E+10,6.3028E+10,6.32046E+10,6.33822E+10,6.35603E+10,6.37399E+10,6.39223E+10,6.4108E+10,6.42943E+10,6.44812E+10,6.46697E+10,6.48548E+10,6.50383E+10,6.52176E+10,6.53907E+10,6.55602E+10,6.57238E+10,6.58826E+10,6.60452E+10,6.6209E+10,6.63756E+10,6.65449E+10,6.67131E+10,6.68808E+10,6.70467E+10,6.72097E+10,6.73688E+10,6.7522E+10,6.76724E+10,6.78232E+10,6.79748E+10,6.81267E+10,6.82777E+10,6.84291E+10,6.85822E+10,6.87369E+10,6.88934E+10,6.90513E+10,6.92098E+10,6.93688E+10,6.95287E+10,6.9692E+10,6.98601E+10,7.00349E+10,7.02207E+10,7.04161E+10,7.06141E+10,7.08157E+10,7.10189E+10,7.12298E+10,7.14499E+10,7.1676E+10,7.19098E+10,7.21603E+10,7.2426E+10,7.27088E+10,7.30077E+10,7.33246E+10,7.36571E+10,7.40017E+10,7.4357E+10,7.47222E+10,7.50962E+10,7.54818E+10,7.58797E+10,7.62869E+10,7.67021E+10,7.71297E+10,7.75695E+10,7.80202E+10,7.84765E+10,7.89353E+10,7.9397E+10,7.98573E+10,8.03082E+10,8.075E+10,8.11821E+10,8.16075E+10,8.20287E+10,8.24441E+10,8.28546E+10,8.3261E+10,8.36591E+10,8.40469E+10,8.44265E+10,8.47969E+10,8.51566E+10,8.55031E+10,8.58395E+10,8.61645E+10,8.64775E+10,8.67779E+10,8.7068E+10,8.73469E+10,8.76141E+10,8.78704E+10,8.81173E+10,8.83539E+10,8.85811E+10,8.87999E+10,8.90106E+10,8.92138E+10,8.94122E+10,8.96108E+10,8.98158E+10,9.00231E+10,9.02248E+10,9.04295E+10,9.06404E+10,9.08398E+10,9.10261E+10,9.11954E+10,9.13553E+10,9.15118E+10,9.16604E+10,9.18006E+10,9.19401E+10,9.2078E+10,9.22158E+10,9.23518E+10,9.24864E+10,9.26199E+10,9.27558E+10,9.28948E+10,9.3031E+10,9.31662E+10,9.32976E+10,9.34244E+10,9.35538E+10,9.36824E+10,9.38026E+10,9.39243E+10,9.40484E+10,9.41739E+10,9.43005E+10,9.44274E+10,9.45566E+10,9.46903E+10,9.48263E+10,9.49631E+10,9.51016E+10,9.5242E+10,9.53841E+10,9.55293E+10,9.56796E+10,9.58354E+10,9.59953E+10,9.61592E+10,9.63277E+10,9.65013E+10,9.66815E+10,9.6867E+10,9.70556E+10,9.72509E+10,9.74534E+10,9.76627E+10,9.78783E+10,9.80997E+10,9.83278E+10,9.85641E+10,9.88081E+10,9.90611E+10,9.93222E+10,9.95926E+10,9.98745E+10,1.00169E+11,1.00477E+11,1.00797E+11,1.01128E+11,1.01473E+11,1.01831E+11,1.02202E+11,1.02587E+11,1.02986E+11,1.03402E+11,1.03834E+11,1.0428E+11,1.0474E+11,1.05209E+11,1.0569E+11,1.06182E+11,1.06683E+11,1.07189E+11,1.07701E+11,1.0822E+11,1.08747E+11,1.09281E+11,1.09818E+11,1.10367E+11,1.10926E+11,1.11477E+11,1.12013E+11,1.12531E+11,1.13028E+11,1.13505E+11,1.13953E+11,1.14379E+11,1.14798E+11,1.15215E+11,1.15629E+11,1.16039E+11,1.16447E+11,1.16853E+11,1.17255E+11,1.17649E+11,1.18037E+11,1.18418E+11,1.18794E+11,1.19165E+11,1.19525E+11,1.19877E+11,1.20221E+11,1.20554E+11,1.20877E+11,1.21189E+11,1.21488E+11,1.21778E+11,1.22066E+11,1.2235E+11,1.22624E+11,1.22883E+11,1.23125E+11,1.23349E+11,1.23555E+11,1.23747E+11,1.23936E+11,1.24117E+11,1.24295E+11,1.24466E+11,1.24616E+11,1.24759E+11,1.24899E+11,1.25039E+11,1.25188E+11,1.25337E+11,1.25483E+11,1.25617E+11,1.2574E+11,1.25864E+11,1.25994E+11,1.26141E+11,1.26306E+11,1.26474E+11,1.26629E+11,1.26752E+11,1.26885E+11,1.2703E+11,1.2724E+11,1.27461E+11,1.27677E+11,1.27862E+11,1.28068E+11,1.28284E+11,1.28532E+11,1.28791E+11,1.29031E+11,1.29221E+11,1.29472E+11,1.29729E+11,1.30023E+11,1.30335E+11,1.30646E+11,1.30958E+11,1.31268E+11,1.31558E+11,1.31864E+11,1.32162E+11,1.32459E+11,1.32758E+11,1.33061E+11,1.33365E+11,1.33672E+11,1.33982E+11,1.34294E+11,1.34604E+11,1.34915E+11,1.35228E+11,1.35543E+11,1.35859E+11,1.36178E+11,1.365E+11,1.36821E+11,1.37138E+11,1.37449E+11,1.37758E+11,1.38064E+11,1.38363E+11,1.38657E+11,1.3895E+11,1.39239E+11,1.39525E+11,1.39809E+11,1.40089E+11,1.40365E+11,1.40637E+11,1.40906E+11,1.41169E+11,1.41425E+11,1.41676E+11,1.4192E+11,1.42158E+11,1.42388E+11,1.42613E+11,1.42835E+11,1.43056E+11,1.43276E+11,1.43494E+11,1.43712E+11,1.43929E+11,1.44143E+11,1.44351E+11,1.44554E+11,1.44751E+11,1.44943E+11,1.4513E+11,1.45314E+11,1.45495E+11,1.45672E+11,1.45846E+11,1.46018E+11,1.46187E+11,1.46352E+11,1.46512E+11,1.46669E+11,1.46823E+11,1.46972E+11,1.47119E+11,1.47262E+11,1.47403E+11,1.47542E+11,1.4768E+11,1.47815E+11,1.47948E+11,1.4808E+11,1.48211E+11,1.4834E+11,1.48467E+11,1.48592E+11,1.48716E+11,1.48838E+11,1.48959E+11,1.49078E+11,1.49195E+11,1.49311E+11,1.49426E+11,1.4954E+11,1.49654E+11,1.49767E+11,1.49879E+11,1.4999E+11,1.501E+11,1.5021E+11,1.50319E+11,1.50428E+11,1.50536E+11,1.50644E+11,1.50751E+11,1.50858E+11,1.50964E+11,1.5107E+11,1.51175E+11,1.51281E+11,1.51387E+11,1.51492E+11,1.51598E+11,1.51705E+11,1.51812E+11,1.51919E+11,1.52026E+11,1.52133E+11,1.52241E+11,1.52349E+11,1.52457E+11,1.52566E+11,1.52678E+11,1.52791E+11,1.52903E+11,1.53011E+11,1.53114E+11,1.53214E+11,1.53309E+11,1.534E+11,1.53488E+11,1.53572E+11,1.53654E+11,1.53733E+11,1.5381E+11,1.53885E+11,1.53956E+11,1.54025E+11,1.54092E+11,1.54155E+11,1.54217E+11,1.54276E+11,1.54332E+11,1.54386E+11,1.54438E+11,1.54487E+11,1.54534E+11,1.54579E+11,1.54621E+11,1.54662E+11,1.547E+11,1.54736E+11,1.5477E+11,1.54803E+11,1.54833E+11,1.54865E+11,1.54897E+11,1.5493E+11,1.54964E+11,1.54998E+11,1.5503E+11,1.55065E+11,1.55101E+11,1.55139E+11,1.55177E+11,1.55215E+11,1.55254E+11,1.55294E+11,1.55335E+11,1.55376E+11,1.55419E+11,1.55462E+11,1.55505E+11,1.55548E+11,1.55592E+11,1.55637E+11,1.55681E+11,1.55726E+11,1.55771E+11,1.55817E+11,1.55862E+11,1.55907E+11,1.55953E+11,1.55999E+11,1.56045E+11,1.5609E+11,1.56136E+11,1.56181E+11,1.56226E+11,1.5627E+11,1.56314E+11,1.56358E+11,1.56401E+11,1.56444E+11,1.56487E+11,1.56529E+11,1.5657E+11,1.56612E+11,1.56652E+11,1.56693E+11,1.56733E+11,1.56772E+11,1.56811E+11,1.56849E+11,1.56887E+11,1.56924E+11,1.5696E+11,1.56996E+11,1.57031E+11,1.57066E+11,1.571E+11,1.57134E+11,1.57167E+11,1.572E+11,1.57232E+11,1.57264E+11,1.57296E+11,1.57327E+11,1.57358E+11,1.57389E+11,1.5742E+11,1.57451E+11,1.57481E+11,1.57511E+11,1.5754E+11,1.57569E+11,1.57598E+11,1.57626E+11,1.57654E+11,1.57682E+11,1.5771E+11,1.57738E+11,1.57766E+11,1.57793E+11,1.5782E+11,1.57847E+11,1.57874E+11,1.57901E+11,1.57929E+11,1.57955E+11,1.5798E+11,1.58006E+11,1.58031E+11,1.58056E+11,1.58082E+11,1.58107E+11,1.58133E+11,1.58158E+11,1.58184E+11,1.58209E+11,1.58235E+11,1.58261E+11,1.58286E+11,1.58312E+11,1.58338E+11,1.58364E+11,1.5839E+11,1.58416E+11,1.58442E+11,1.58469E+11,1.58495E+11,1.58522E+11,1.58549E+11,1.58576E+11
"Cost of Deaths Cumulative[California]",0,0,0,0,0,0,0,0,0,0,0,0,0,0,0,0,0,0,0,0,0,0,0,0,0,0,0,0,0,0,0,0,0,3.07098,27.4601,108.183,294.079,646.313,1238.24,2157.55,3509.37,5419.68,8039.45,11549.4,16165.6,22146.1,29797.8,39485.1,51642,66789,85551.7,108681,137077,171818,214152,265500,327506,402091,491506,598412,725997,878137,1.05954E+06,1.27589E+06,1.53394E+06,1.84166E+06,2.20845E+06,2.64531E+06,3.16501E+06,3.78237E+06,4.51454E+06,5.38141E+06,6.40608E+06,7.61541E+06,9.04049E+06,1.07168E+07,1.2684E+07,1.49877E+07,1.76806E+07,2.08262E+07,2.45E+07,2.87915E+07,3.38057E+07,3.96656E+07,4.65168E+07,5.45289E+07,6.39009E+07,7.48661E+07,8.76963E+07,1.02708E+08,1.20271E+08,1.40812E+08,1.64823E+08,1.92862E+08,2.25554E+08,2.63594E+08,3.07761E+08,3.58945E+08,4.18179E+08,4.86644E+08,5.65682E+08,6.56802E+08,7.61711E+08,8.82336E+08,1.02085E+09,1.17971E+09,1.36172E+09,1.57011E+09,1.80855E+09,2.08102E+09,2.39221E+09,2.748E+09,3.15439E+09,3.61804E+09,4.14678E+09,4.74985E+09,5.43645E+09,6.21009E+09,7.06866E+09,8.00546E+09,9.01161E+09,1.00783E+10,1.11939E+10,1.23467E+10,1.35253E+10,1.47197E+10,1.59209E+10,1.71176E+10,1.82991E+10,1.94602E+10,2.05966E+10,2.1708E+10,2.27882E+10,2.38365E+10,2.4852E+10,2.58366E+10,2.67935E+10,2.77263E+10,2.86328E+10,2.9519E+10,3.03797E+10,3.12188E+10,3.2041E+10,3.2849E+10,3.36439E+10,3.44145E+10,3.51537E+10,3.58837E+10,3.66048E+10,3.73129E+10,3.80088E+10,3.86937E+10,3.93712E+10,4.00439E+10,4.07048E+10,4.13508E+10,4.19846E+10,4.26044E+10,4.32117E+10,4.38141E+10,4.44109E+10,4.49921E+10,4.55614E+10,4.61168E+10,4.66672E+10,4.72181E+10,4.77609E+10,4.82963E+10,4.88251E+10,4.93426E+10,4.98541E+10,5.03616E+10,5.08603E+10,5.13529E+10,5.18448E+10,5.23346E+10,5.28301E+10,5.33339E+10,5.3839E+10,5.43481E+10,5.48639E+10,5.53844E+10,5.59064E+10,5.64238E+10,5.69353E+10,5.74531E+10,5.79812E+10,5.85178E+10,5.90556E+10,5.95948E+10,6.01321E+10,6.06686E+10,6.12059E+10,6.17417E+10,6.22803E+10,6.28292E+10,6.33905E+10,6.39637E+10,6.45496E+10,6.51436E+10,6.57424E+10,6.63463E+10,6.69548E+10,6.75641E+10,6.81792E+10,6.88E+10,6.94236E+10,7.00555E+10,7.06924E+10,7.13254E+10,7.19556E+10,7.25847E+10,7.3214E+10,7.38442E+10,7.44749E+10,7.51022E+10,7.57276E+10,7.63564E+10,7.69888E+10,7.76236E+10,7.82635E+10,7.89066E+10,7.9555E+10,8.02061E+10,8.08554E+10,8.15023E+10,8.21464E+10,8.27892E+10,8.3434E+10,8.40786E+10,8.47236E+10,8.53718E+10,8.6026E+10,8.66957E+10,8.73817E+10,8.80791E+10,8.87881E+10,8.95095E+10,9.02378E+10,9.09655E+10,9.16853E+10,9.24059E+10,9.31285E+10,9.38487E+10,9.45726E+10,9.53052E+10,9.60521E+10,9.68162E+10,9.75922E+10,9.83754E+10,9.91642E+10,9.99533E+10,1.00745E+11,1.01543E+11,1.02348E+11,1.03164E+11,1.03992E+11,1.04833E+11,1.05686E+11,1.06546E+11,1.07405E+11,1.08263E+11,1.09115E+11,1.09968E+11,1.10825E+11,1.11693E+11,1.12569E+11,1.13445E+11,1.14318E+11,1.15193E+11,1.16069E+11,1.1695E+11,1.17834E+11,1.18716E+11,1.19605E+11,1.20503E+11,1.21412E+11,1.22328E+11,1.23241E+11,1.24152E+11,1.25065E+11,1.25976E+11,1.26885E+11,1.27789E+11,1.28698E+11,1.29612E+11,1.30518E+11,1.31418E+11,1.32317E+11,1.33213E+11,1.34103E+11,1.34982E+11,1.35856E+11,1.36716E+11,1.37566E+11,1.38399E+11,1.39219E+11,1.40034E+11,1.4085E+11,1.41676E+11,1.42505E+11,1.43315E+11,1.44106E+11,1.44881E+11,1.45638E+11,1.46377E+11,1.47089E+11,1.47781E+11,1.48467E+11,1.49154E+11,1.4984E+11,1.50525E+11,1.51209E+11,1.51894E+11,1.52581E+11,1.53274E+11,1.53974E+11,1.54687E+11,1.55424E+11,1.56213E+11,1.57072E+11,1.57992E+11,1.58933E+11,1.59876E+11,1.60821E+11,1.61752E+11,1.62657E+11,1.63501E+11,1.64295E+11,1.65071E+11,1.65843E+11,1.66615E+11,1.67386E+11,1.68158E+11,1.6897E+11,1.69868E+11,1.70862E+11,1.71897E+11,1.72943E+11,1.74008E+11,1.75091E+11,1.76134E+11,1.77109E+11,1.78031E+11,1.78938E+11,1.79852E+11,1.80772E+11,1.81696E+11,1.82624E+11,1.83558E+11,1.84501E+11,1.85449E+11,1.86393E+11,1.87326E+11,1.88249E+11,1.89172E+11,1.90098E+11,1.91026E+11,1.91953E+11,1.92886E+11,1.9383E+11,1.94789E+11,1.95764E+11,1.96758E+11,1.97768E+11,1.98788E+11,1.99809E+11,2.00834E+11,2.01854E+11,2.02861E+11,2.03856E+11,2.04853E+11,2.05862E+11,2.06884E+11,2.07917E+11,2.08966E+11,2.10034E+11,2.11122E+11,2.12233E+11,2.1338E+11,2.14579E+11,2.15837E+11,2.17134E+11,2.18445E+11,2.19779E+11,2.21134E+11,2.22485E+11,2.2384E+11,2.25213E+11,2.26611E+11,2.28041E+11,2.29509E+11,2.31007E+11,2.32532E+11,2.34086E+11,2.35668E+11,2.37281E+11,2.38916E+11,2.40569E+11,2.4225E+11,2.43953E+11,2.45674E+11,2.47417E+11,2.49186E+11,2.5099E+11,2.52824E+11,2.54679E+11,2.56586E+11,2.58567E+11,2.60619E+11,2.62729E+11,2.64886E+11,2.67081E+11,2.69311E+11,2.7158E+11,2.73905E+11,2.76287E+11,2.78705E+11,2.81155E+11,2.83646E+11,2.86181E+11,2.88736E+11,2.91292E+11,2.9387E+11,2.96498E+11,2.99174E+11,3.01893E+11,3.04629E+11,3.07372E+11,3.10129E+11,3.12929E+11,3.15795E+11,3.18742E+11,3.21763E+11,3.2488E+11,3.28095E+11,3.31359E+11,3.34627E+11,3.37897E+11,3.4116E+11,3.44405E+11,3.47649E+11,3.50917E+11,3.54195E+11,3.5745E+11,3.60684E+11,3.63896E+11,3.671E+11,3.7032E+11,3.73523E+11,3.76725E+11,3.79949E+11,3.83193E+11,3.86493E+11,3.89949E+11,3.93656E+11,3.97651E+11,4.01958E+11,4.06509E+11,4.11225E+11,4.16027E+11,4.20593E+11,4.24649E+11,4.28322E+11,4.3171E+11,4.34918E+11,4.37977E+11,4.40891E+11,4.43724E+11,4.46545E+11,4.49393E+11,4.523E+11,4.55258E+11,4.58223E+11,4.61164E+11,4.64071E+11,4.66925E+11,4.69709E+11,4.72393E+11,4.74979E+11,4.77506E+11,4.79992E+11,4.82449E+11,4.84899E+11,4.87342E+11,4.8977E+11,4.92193E+11,4.94631E+11,4.97064E+11,4.9948E+11,5.01861E+11,5.04201E+11,5.06495E+11,5.08747E+11,5.10949E+11,5.13112E+11,5.15254E+11,5.1738E+11,5.19499E+11,5.2162E+11,5.2373E+11,5.25802E+11,5.27837E+11,5.29842E+11,5.31825E+11,5.33778E+11,5.35708E+11,5.37621E+11,5.39523E+11,5.41411E+11,5.43282E+11,5.45126E+11,5.46935E+11,5.48709E+11,5.5046E+11,5.52194E+11,5.5391E+11,5.55611E+11,5.57295E+11,5.5897E+11,5.60647E+11,5.62322E+11,5.6399E+11,5.6565E+11,5.67287E+11,5.68906E+11,5.70511E+11,5.72093E+11,5.73654E+11,5.75201E+11,5.76733E+11,5.78255E+11,5.79777E+11,5.81301E+11,5.8283E+11,5.84365E+11,5.85898E+11,5.87425E+11,5.88942E+11,5.90437E+11,5.91916E+11,5.93387E+11,5.94846E+11,5.96299E+11,5.97745E+11,5.99188E+11,6.00634E+11,6.02079E+11,6.03519E+11,6.04957E+11,6.0639E+11,6.07822E+11,6.0926E+11,6.1071E+11,6.12167E+11,6.13623E+11,6.15079E+11,6.16542E+11,6.18015E+11,6.19492E+11,6.2097E+11,6.2246E+11,6.23979E+11,6.25512E+11,6.27073E+11,6.287E+11,6.30348E+11,6.31963E+11,6.33537E+11,6.35064E+11,6.3657E+11,6.38044E+11,6.39476E+11,6.40918E+11,6.42404E+11,6.43921E+11,6.4545E+11,6.46969E+11,6.48484E+11,6.5001E+11,6.51545E+11,6.53088E+11,6.5465E+11,6.5623E+11,6.57817E+11,6.594E+11,6.60983E+11,6.62576E+11,6.64182E+11,6.65804E+11,6.67455E+11,6.69144E+11,6.70884E+11,6.72698E+11,6.74594E+11,6.76576E+11,6.78682E+11,6.80944E+11,6.83375E+11,6.86042E+11,6.89016E+11,6.9222E+11,6.95609E+11,6.99203E+11,7.03019E+11,7.071E+11,7.11428E+11,7.15973E+11,7.20878E+11,7.26235E+11,7.32031E+11,7.38289E+11,7.45029E+11,7.5224E+11,7.59925E+11,7.68059E+11,7.76665E+11,7.85816E+11,7.95547E+11,8.05875E+11,8.16863E+11,8.28537E+11,8.40864E+11,8.5382E+11,8.67508E+11,8.82069E+11,8.97405E+11,9.1326E+11,9.29379E+11,9.45745E+11,9.62328E+11,9.78844E+11,9.95159E+11,1.01158E+12,1.0284E+12,1.0457E+12,1.06341E+12,1.08134E+12,1.09948E+12,1.11781E+12,1.13635E+12,1.15507E+12,1.17387E+12,1.19265E+12,1.21154E+12,1.23088E+12,1.25079E+12,1.27093E+12,1.29089E+12,1.31031E+12,1.32894E+12,1.34676E+12,1.36338E+12,1.3788E+12,1.39337E+12,1.40752E+12,1.42138E+12,1.43485E+12,1.44787E+12,1.46056E+12,1.47303E+12,1.48533E+12,1.49728E+12,1.50917E+12,1.52094E+12,1.53212E+12,1.54262E+12,1.55231E+12,1.56134E+12,1.56989E+12,1.5778E+12,1.58524E+12,1.59239E+12,1.5993E+12,1.60601E+12,1.6125E+12,1.61872E+12,1.6247E+12,1.63043E+12,1.63592E+12,1.64115E+12,1.64615E+12,1.65094E+12,1.65553E+12,1.65995E+12,1.66419E+12,1.66825E+12,1.67214E+12,1.67587E+12,1.67945E+12,1.68289E+12,1.68619E+12,1.68935E+12,1.69239E+12,1.69531E+12,1.69812E+12,1.70082E+12,1.70341E+12,1.7059E+12,1.70829E+12,1.71059E+12,1.7128E+12,1.71492E+12,1.71697E+12,1.71893E+12,1.72082E+12,1.72265E+12,1.72441E+12,1.7261E+12,1.72774E+12,1.72933E+12,1.73086E+12,1.73235E+12,1.73379E+12,1.73519E+12,1.73655E+12,1.73788E+12,1.73917E+12,1.74043E+12,1.74166E+12,1.74287E+12,1.74405E+12,1.74521E+12,1.74634E+12,1.74746E+12,1.74856E+12,1.74964E+12,1.75071E+12,1.75177E+12,1.75281E+12,1.75384E+12,1.75486E+12,1.75588E+12,1.75688E+12,1.75788E+12,1.75887E+12,1.75985E+12,1.76084E+12,1.76182E+12,1.7628E+12,1.76378E+12,1.76476E+12,1.76577E+12,1.76683E+12,1.76797E+12,1.76912E+12,1.77024E+12,1.77134E+12,1.77244E+12,1.77354E+12,1.77467E+12,1.77582E+12,1.77699E+12,1.77818E+12,1.77939E+12,1.78061E+12,1.78187E+12,1.78315E+12,1.78447E+12,1.78584E+12,1.78724E+12,1.7887E+12,1.79023E+12,1.79183E+12,1.7935E+12,1.79527E+12,1.79714E+12,1.79911E+12,1.80123E+12,1.80353E+12,1.80603E+12,1.80874E+12,1.81169E+12,1.81486E+12,1.81814E+12,1.82151E+12,1.82496E+12,1.82846E+12,1.832E+12,1.83561E+12,1.83932E+12,1.84311E+12,1.84703E+12,1.85108E+12,1.85526E+12,1.85959E+12,1.86405E+12,1.86865E+12,1.87352E+12,1.87862E+12,1.88356E+12,1.8895E+12,1.89555E+12,1.9016E+12,1.90767E+12,1.91383E+12,1.9199E+12,1.92559E+12,1.93184E+12,1.93811E+12,1.94455E+12,1.95122E+12,1.95803E+12,1.96476E+12,1.9711E+12,1.97893E+12,1.98679E+12,1.99464E+12,2.00228E+12,2.0097E+12,2.0167E+12,2.02284E+12,2.02922E+12,2.0353E+12,2.04109E+12,2.04657E+12,2.05176E+12,2.05649E+12,2.06092E+12,2.06529E+12,2.06959E+12,2.07379E+12,2.07788E+12,2.08184E+12,2.08562E+12,2.08924E+12,2.09273E+12,2.0961E+12,2.09935E+12,2.10248E+12,2.10556E+12,2.10864E+12,2.11169E+12,2.11463E+12,2.11753E+12,2.12043E+12,2.12328E+12,2.12598E+12,2.12852E+12,2.13108E+12,2.13368E+12,2.13622E+12,2.13864E+12,2.14097E+12,2.14321E+12,2.14532E+12,2.14722E+12,2.14899E+12,2.15069E+12,2.1523E+12,2.15385E+12,2.15536E+12,2.15685E+12,2.15833E+12,2.15979E+12,2.16122E+12,2.16264E+12,2.16404E+12,2.16541E+12,2.16677E+12,2.16812E+12,2.16946E+12,2.17081E+12,2.17216E+12,2.17349E+12,2.17483E+12,2.17618E+12,2.17756E+12,2.17895E+12,2.18035E+12,2.18175E+12,2.18315E+12,2.18454E+12,2.18591E+12,2.18728E+12,2.18866E+12,2.19003E+12,2.19141E+12,2.19281E+12,2.19423E+12,2.19569E+12,2.19723E+12,2.19884E+12,2.20054E+12,2.20234E+12,2.20415E+12,2.20593E+12,2.20765E+12,2.20925E+12,2.21078E+12,2.21224E+12,2.21367E+12,2.21512E+12,2.21662E+12,2.21814E+12,2.21969E+12,2.22129E+12,2.22293E+12,2.22461E+12,2.22633E+12,2.2281E+12,2.22993E+12,2.23179E+12,2.23368E+12,2.23559E+12,2.23754E+12,2.23952E+12,2.24154E+12,2.2436E+12,2.24569E+12,2.24783E+12,2.25E+12,2.2522E+12,2.25444E+12,2.25672E+12,2.25904E+12,2.26138E+12,2.26376E+12,2.26616E+12,2.26859E+12,2.27105E+12,2.27352E+12,2.27601E+12,2.27852E+12,2.28106E+12,2.28362E+12,2.28622E+12,2.28884E+12,2.29153E+12,2.29437E+12,2.29728E+12,2.30012E+12,2.30282E+12,2.3054E+12,2.30788E+12,2.31022E+12,2.31241E+12,2.31451E+12,2.31662E+12,2.31873E+12,2.32081E+12,2.32283E+12,2.32478E+12,2.32668E+12,2.32857E+12,2.33042E+12,2.33221E+12,2.33393E+12,2.33556E+12,2.33709E+12,2.33853E+12,2.3399E+12,2.34119E+12,2.34241E+12,2.34355E+12,2.34464E+12,2.34565E+12,2.34661E+12,2.34751E+12,2.34836E+12,2.34916E+12,2.34992E+12,2.35068E+12,2.35146E+12,2.35227E+12,2.3531E+12,2.35392E+12,2.35475E+12,2.35559E+12,2.35643E+12,2.35728E+12,2.35813E+12,2.35897E+12,2.35984E+12,2.36073E+12,2.36163E+12,2.36253E+12,2.36344E+12,2.36435E+12,2.36527E+12,2.36619E+12,2.36711E+12,2.36803E+12,2.36895E+12,2.36987E+12,2.37078E+12,2.37169E+12,2.3726E+12,2.3735E+12,2.3744E+12,2.37529E+12,2.37617E+12,2.37704E+12,2.3779E+12,2.37875E+12,2.37958E+12,2.38041E+12,2.38122E+12,2.38201E+12,2.38279E+12,2.38356E+12,2.38431E+12,2.38506E+12,2.38578E+12,2.3865E+12,2.3872E+12,2.38788E+12,2.38855E+12,2.38922E+12,2.38987E+12,2.39051E+12,2.39113E+12,2.39175E+12,2.39236E+12,2.39295E+12,2.39354E+12,2.39411E+12,2.39468E+12,2.39524E+12,2.3958E+12,2.39634E+12,2.39688E+12,2.39742E+12,2.39796E+12,2.39849E+12,2.39902E+12,2.39955E+12,2.40009E+12,2.40062E+12,2.40114E+12,2.40165E+12,2.40216E+12,2.40266E+12,2.40315E+12,2.40362E+12,2.40409E+12,2.40457E+12,2.40506E+12,2.40554E+12,2.40602E+12,2.40651E+12,2.40709E+12,2.40766E+12,2.40821E+12,2.40875E+12,2.40924E+12,2.40964E+12,2.41006E+12,2.41049E+12,2.41094E+12,2.4114E+12,2.41186E+12,2.41233E+12,2.41281E+12,2.41329E+12,2.41378E+12,2.41427E+12,2.41477E+12,2.41527E+12,2.41578E+12,2.41629E+12,2.41681E+12,2.41733E+12,2.41785E+12,2.41839E+12,2.41892E+12,2.41947E+12,2.42001E+12,2.42057E+12,2.42112E+12,2.42169E+12
"Cost of Deaths Cumulative[Colorado]",0,0,0,0,0,0,0,0,0,0,0,0,0,0,0,0,0,0,0,0,0,0,0,0,0,0,0,0,0,0,0,0,0,0,0,0,0,0,0,0,0,0,0,0,9.98941,91.8583,373.12,1048.18,2386.75,4750.39,8621.38,14648.5,23711.4,37008.4,56177.4,83459.3,121887,175524,249777,351819,491209,680796,937923,1.28597E+06,1.75638E+06,2.39112E+06,3.24572E+06,4.39376E+06,5.93332E+06,7.99381E+06,1.07445E+07,1.44067E+07,1.92711E+07,2.57197E+07,3.4254E+07,4.55331E+07,6.0422E+07,8.00252E+07,1.04579E+08,1.34614E+08,1.71347E+08,2.16301E+08,2.71414E+08,3.39086E+08,4.2226E+08,5.24523E+08,6.5032E+08,8.05064E+08,9.96967E+08,1.23919E+09,1.5429E+09,1.9136E+09,2.35183E+09,2.8547E+09,3.41717E+09,4.03299E+09,4.69543E+09,5.39752E+09,6.13233E+09,6.89395E+09,7.67673E+09,8.47564E+09,9.28627E+09,1.01048E+10,1.09277E+10,1.1752E+10,1.25753E+10,1.33953E+10,1.42102E+10,1.5019E+10,1.58195E+10,1.66101E+10,1.739E+10,1.81583E+10,1.89144E+10,1.96577E+10,2.03872E+10,2.11019E+10,2.18014E+10,2.24854E+10,2.31536E+10,2.38069E+10,2.4446E+10,2.50709E+10,2.56819E+10,2.62791E+10,2.6863E+10,2.74299E+10,2.79777E+10,2.85082E+10,2.90224E+10,2.95238E+10,3.00087E+10,3.04773E+10,3.09303E+10,3.13651E+10,3.17897E+10,3.22058E+10,3.26136E+10,3.30057E+10,3.33866E+10,3.37547E+10,3.41112E+10,3.44587E+10,3.48008E+10,3.51401E+10,3.54779E+10,3.58021E+10,3.61061E+10,3.63925E+10,3.66786E+10,3.69531E+10,3.72217E+10,3.74885E+10,3.77513E+10,3.80005E+10,3.82389E+10,3.84715E+10,3.86984E+10,3.89246E+10,3.91413E+10,3.93469E+10,3.95408E+10,3.97191E+10,3.98832E+10,4.00425E+10,4.01926E+10,4.03346E+10,4.04702E+10,4.06025E+10,4.07331E+10,4.08614E+10,4.09882E+10,4.11144E+10,4.12395E+10,4.13617E+10,4.14805E+10,4.15967E+10,4.17107E+10,4.18226E+10,4.19313E+10,4.20371E+10,4.21415E+10,4.22443E+10,4.2345E+10,4.24447E+10,4.25428E+10,4.26391E+10,4.27338E+10,4.28258E+10,4.29155E+10,4.30048E+10,4.30912E+10,4.31748E+10,4.32577E+10,4.33391E+10,4.34178E+10,4.3494E+10,4.35675E+10,4.36397E+10,4.37111E+10,4.37805E+10,4.38482E+10,4.39144E+10,4.39793E+10,4.40434E+10,4.41066E+10,4.41676E+10,4.42264E+10,4.42844E+10,4.43422E+10,4.43994E+10,4.44553E+10,4.45104E+10,4.45652E+10,4.46187E+10,4.46706E+10,4.47215E+10,4.47718E+10,4.48212E+10,4.48698E+10,4.49188E+10,4.49681E+10,4.50173E+10,4.50667E+10,4.51148E+10,4.51617E+10,4.52082E+10,4.52537E+10,4.52979E+10,4.53414E+10,4.53847E+10,4.54285E+10,4.54729E+10,4.55167E+10,4.55602E+10,4.5604E+10,4.56471E+10,4.56883E+10,4.57292E+10,4.577E+10,4.58107E+10,4.58515E+10,4.58921E+10,4.5933E+10,4.59752E+10,4.60177E+10,4.60603E+10,4.61028E+10,4.61452E+10,4.61877E+10,4.62308E+10,4.62741E+10,4.63171E+10,4.63608E+10,4.64059E+10,4.64527E+10,4.65013E+10,4.65523E+10,4.66055E+10,4.66617E+10,4.67208E+10,4.67827E+10,4.68476E+10,4.6915E+10,4.69843E+10,4.70562E+10,4.71302E+10,4.72065E+10,4.72846E+10,4.73656E+10,4.74508E+10,4.75384E+10,4.76264E+10,4.7715E+10,4.7804E+10,4.7894E+10,4.79832E+10,4.80725E+10,4.81614E+10,4.82498E+10,4.83383E+10,4.84269E+10,4.8514E+10,4.85993E+10,4.86829E+10,4.87651E+10,4.8846E+10,4.89251E+10,4.90019E+10,4.90775E+10,4.91535E+10,4.9228E+10,4.92999E+10,4.93697E+10,4.94369E+10,4.95023E+10,4.95649E+10,4.96249E+10,4.96849E+10,4.97453E+10,4.98072E+10,4.98733E+10,4.99383E+10,5.00008E+10,5.006E+10,5.01131E+10,5.01621E+10,5.02074E+10,5.0249E+10,5.02889E+10,5.03278E+10,5.03658E+10,5.0403E+10,5.04393E+10,5.04748E+10,5.05094E+10,5.05431E+10,5.05761E+10,5.06086E+10,5.06404E+10,5.06717E+10,5.07023E+10,5.07326E+10,5.07624E+10,5.07918E+10,5.08209E+10,5.08496E+10,5.08781E+10,5.09063E+10,5.09344E+10,5.09623E+10,5.09902E+10,5.10183E+10,5.10465E+10,5.10751E+10,5.11041E+10,5.11341E+10,5.1165E+10,5.11965E+10,5.12289E+10,5.12625E+10,5.12975E+10,5.13338E+10,5.13714E+10,5.14109E+10,5.1453E+10,5.14982E+10,5.15466E+10,5.15992E+10,5.16563E+10,5.1719E+10,5.17887E+10,5.18656E+10,5.19507E+10,5.20453E+10,5.21509E+10,5.22688E+10,5.23987E+10,5.25416E+10,5.26972E+10,5.28652E+10,5.30443E+10,5.32308E+10,5.34232E+10,5.36215E+10,5.38239E+10,5.4029E+10,5.42349E+10,5.44411E+10,5.46467E+10,5.48498E+10,5.50499E+10,5.5248E+10,5.54445E+10,5.56397E+10,5.58335E+10,5.60253E+10,5.62159E+10,5.64064E+10,5.65958E+10,5.67835E+10,5.6969E+10,5.71538E+10,5.73377E+10,5.75203E+10,5.77E+10,5.78785E+10,5.8057E+10,5.82354E+10,5.84111E+10,5.85847E+10,5.87566E+10,5.89271E+10,5.90958E+10,5.9263E+10,5.94285E+10,5.95926E+10,5.97554E+10,5.99169E+10,6.00777E+10,6.02375E+10,6.0395E+10,6.05509E+10,6.0706E+10,6.08591E+10,6.10112E+10,6.1162E+10,6.13135E+10,6.1466E+10,6.16191E+10,6.17736E+10,6.19316E+10,6.20915E+10,6.22504E+10,6.24054E+10,6.25563E+10,6.27036E+10,6.28459E+10,6.29836E+10,6.31181E+10,6.32507E+10,6.33815E+10,6.35112E+10,6.36405E+10,6.37686E+10,6.38961E+10,6.40235E+10,6.41499E+10,6.42751E+10,6.43989E+10,6.45213E+10,6.46429E+10,6.4764E+10,6.4883E+10,6.50006E+10,6.51173E+10,6.52335E+10,6.53494E+10,6.54643E+10,6.55775E+10,6.56914E+10,6.58059E+10,6.59189E+10,6.60298E+10,6.6139E+10,6.62462E+10,6.6351E+10,6.64534E+10,6.65539E+10,6.66533E+10,6.67515E+10,6.68486E+10,6.69444E+10,6.70389E+10,6.71323E+10,6.72249E+10,6.73166E+10,6.74079E+10,6.74989E+10,6.75898E+10,6.76811E+10,6.77726E+10,6.7864E+10,6.79544E+10,6.80429E+10,6.81295E+10,6.82141E+10,6.8297E+10,6.83787E+10,6.84594E+10,6.85395E+10,6.8619E+10,6.86981E+10,6.8777E+10,6.88554E+10,6.89335E+10,6.90111E+10,6.90882E+10,6.91646E+10,6.92404E+10,6.93156E+10,6.939E+10,6.94634E+10,6.95361E+10,6.96083E+10,6.96803E+10,6.97523E+10,6.98249E+10,6.98984E+10,6.99715E+10,7.00441E+10,7.0116E+10,7.01867E+10,7.0256E+10,7.03244E+10,7.03922E+10,7.046E+10,7.05281E+10,7.05961E+10,7.06641E+10,7.07318E+10,7.07987E+10,7.0865E+10,7.09313E+10,7.09975E+10,7.10639E+10,7.11302E+10,7.11965E+10,7.12627E+10,7.1329E+10,7.13956E+10,7.1462E+10,7.15283E+10,7.15947E+10,7.16611E+10,7.17277E+10,7.17945E+10,7.18615E+10,7.19289E+10,7.19966E+10,7.20647E+10,7.21333E+10,7.22025E+10,7.22721E+10,7.23424E+10,7.24132E+10,7.24847E+10,7.25565E+10,7.2629E+10,7.27021E+10,7.27759E+10,7.28506E+10,7.29265E+10,7.30035E+10,7.30816E+10,7.31601E+10,7.32392E+10,7.33195E+10,7.3401E+10,7.34843E+10,7.35693E+10,7.36551E+10,7.37422E+10,7.38314E+10,7.39222E+10,7.40137E+10,7.41041E+10,7.41944E+10,7.42853E+10,7.43763E+10,7.44672E+10,7.45579E+10,7.46478E+10,7.47377E+10,7.48272E+10,7.4916E+10,7.50045E+10,7.5092E+10,7.51782E+10,7.52635E+10,7.53476E+10,7.543E+10,7.55112E+10,7.55915E+10,7.5673E+10,7.57563E+10,7.58374E+10,7.59172E+10,7.59957E+10,7.6073E+10,7.61489E+10,7.62215E+10,7.62923E+10,7.6364E+10,7.64367E+10,7.65106E+10,7.65843E+10,7.66569E+10,7.67283E+10,7.67991E+10,7.68704E+10,7.69411E+10,7.70113E+10,7.70812E+10,7.71503E+10,7.72196E+10,7.72895E+10,7.73585E+10,7.7427E+10,7.74947E+10,7.75613E+10,7.76268E+10,7.76917E+10,7.77562E+10,7.7821E+10,7.78862E+10,7.79513E+10,7.80167E+10,7.80839E+10,7.81541E+10,7.82263E+10,7.8297E+10,7.83665E+10,7.84359E+10,7.85054E+10,7.85748E+10,7.86427E+10,7.87107E+10,7.8782E+10,7.88562E+10,7.89329E+10,7.9012E+10,7.90931E+10,7.91762E+10,7.92603E+10,7.93461E+10,7.94337E+10,7.95243E+10,7.96186E+10,7.9716E+10,7.98154E+10,7.99145E+10,8.00137E+10,8.01141E+10,8.02158E+10,8.03181E+10,8.04224E+10,8.05294E+10,8.06424E+10,8.07645E+10,8.08922E+10,8.10227E+10,8.11558E+10,8.12919E+10,8.14318E+10,8.15736E+10,8.17152E+10,8.18597E+10,8.201E+10,8.21663E+10,8.23278E+10,8.24958E+10,8.26693E+10,8.28458E+10,8.30269E+10,8.32137E+10,8.34072E+10,8.36097E+10,8.38221E+10,8.40427E+10,8.42719E+10,8.4511E+10,8.47628E+10,8.50281E+10,8.5305E+10,8.55915E+10,8.58924E+10,8.62072E+10,8.65345E+10,8.68754E+10,8.72297E+10,8.75999E+10,8.79982E+10,8.84225E+10,8.88606E+10,8.93055E+10,8.97565E+10,9.02197E+10,9.06959E+10,9.11745E+10,9.16561E+10,9.21562E+10,9.2679E+10,9.3221E+10,9.37794E+10,9.43546E+10,9.49425E+10,9.55395E+10,9.61384E+10,9.67435E+10,9.73557E+10,9.79854E+10,9.86263E+10,9.92732E+10,9.99232E+10,1.00578E+11,1.01241E+11,1.01907E+11,1.02565E+11,1.03224E+11,1.03889E+11,1.04559E+11,1.05226E+11,1.05887E+11,1.06549E+11,1.07217E+11,1.0789E+11,1.08562E+11,1.0923E+11,1.09906E+11,1.10591E+11,1.11283E+11,1.11974E+11,1.12665E+11,1.13359E+11,1.14059E+11,1.1476E+11,1.1546E+11,1.16157E+11,1.16856E+11,1.17551E+11,1.18235E+11,1.18909E+11,1.19583E+11,1.20254E+11,1.20924E+11,1.21592E+11,1.22263E+11,1.22936E+11,1.23612E+11,1.24285E+11,1.24953E+11,1.25615E+11,1.26272E+11,1.26928E+11,1.27577E+11,1.28215E+11,1.28852E+11,1.29486E+11,1.30116E+11,1.30738E+11,1.3135E+11,1.31951E+11,1.32543E+11,1.33122E+11,1.3369E+11,1.3425E+11,1.34802E+11,1.35342E+11,1.35877E+11,1.36406E+11,1.36939E+11,1.3749E+11,1.38048E+11,1.38591E+11,1.39123E+11,1.39634E+11,1.40122E+11,1.40582E+11,1.41005E+11,1.41404E+11,1.41792E+11,1.42167E+11,1.42538E+11,1.42906E+11,1.43266E+11,1.43618E+11,1.43963E+11,1.443E+11,1.44626E+11,1.44938E+11,1.45242E+11,1.45535E+11,1.45819E+11,1.4609E+11,1.4635E+11,1.46603E+11,1.46844E+11,1.4707E+11,1.47285E+11,1.47488E+11,1.4768E+11,1.47867E+11,1.48049E+11,1.48227E+11,1.48399E+11,1.48565E+11,1.48724E+11,1.48881E+11,1.49033E+11,1.49179E+11,1.49323E+11,1.49463E+11,1.49598E+11,1.4973E+11,1.49862E+11,1.49993E+11,1.50124E+11,1.50254E+11,1.50386E+11,1.50521E+11,1.50658E+11,1.50793E+11,1.50928E+11,1.51063E+11,1.512E+11,1.51337E+11,1.51473E+11,1.51613E+11,1.51754E+11,1.51896E+11,1.52039E+11,1.52183E+11,1.52327E+11,1.52472E+11,1.52618E+11,1.52766E+11,1.52915E+11,1.53066E+11,1.53216E+11,1.53368E+11,1.53525E+11,1.53685E+11,1.53842E+11,1.53997E+11,1.5415E+11,1.54301E+11,1.54451E+11,1.546E+11,1.54748E+11,1.54898E+11,1.55052E+11,1.55208E+11,1.55363E+11,1.55518E+11,1.55672E+11,1.55825E+11,1.55977E+11,1.56126E+11,1.56274E+11,1.56421E+11,1.56571E+11,1.56721E+11,1.56871E+11,1.57017E+11,1.57161E+11,1.57303E+11,1.57443E+11,1.57579E+11,1.57713E+11,1.57846E+11,1.57981E+11,1.58115E+11,1.58247E+11,1.58379E+11,1.58511E+11,1.58643E+11,1.58774E+11,1.58904E+11,1.59033E+11,1.59159E+11,1.59283E+11,1.59404E+11,1.59525E+11,1.59643E+11,1.5976E+11,1.59875E+11,1.59989E+11,1.60103E+11,1.60217E+11,1.60331E+11,1.60443E+11,1.60555E+11,1.60665E+11,1.60772E+11,1.60876E+11,1.60979E+11,1.61082E+11,1.61182E+11,1.61283E+11,1.61383E+11,1.61483E+11,1.61584E+11,1.61683E+11,1.61783E+11,1.61882E+11,1.6198E+11,1.62075E+11,1.6217E+11,1.62264E+11,1.62357E+11,1.62448E+11,1.62539E+11,1.62629E+11,1.62719E+11,1.62809E+11,1.62898E+11,1.62985E+11,1.63072E+11,1.63158E+11,1.63244E+11,1.63331E+11,1.63417E+11,1.63504E+11,1.63591E+11,1.63679E+11,1.63766E+11,1.63853E+11,1.63941E+11,1.64029E+11,1.64117E+11,1.64207E+11,1.64297E+11,1.64389E+11,1.64482E+11,1.64576E+11,1.64671E+11,1.64767E+11,1.64863E+11,1.64961E+11,1.65059E+11,1.65159E+11,1.6526E+11,1.65363E+11,1.65469E+11,1.65578E+11,1.65688E+11,1.658E+11,1.65913E+11,1.66028E+11,1.66143E+11,1.66261E+11,1.66379E+11,1.66499E+11,1.6662E+11,1.66743E+11,1.66867E+11,1.66995E+11,1.67127E+11,1.67263E+11,1.67399E+11,1.6753E+11,1.67657E+11,1.67782E+11,1.67902E+11,1.68015E+11,1.68125E+11,1.68232E+11,1.68338E+11,1.68442E+11,1.68542E+11,1.68638E+11,1.68732E+11,1.68824E+11,1.68912E+11,1.68997E+11,1.69078E+11,1.69156E+11,1.69231E+11,1.69303E+11,1.6937E+11,1.69434E+11,1.69495E+11,1.69553E+11,1.69608E+11,1.6966E+11,1.69709E+11,1.69756E+11,1.69799E+11,1.69841E+11,1.6988E+11,1.69919E+11,1.69959E+11,1.7E+11,1.70042E+11,1.70084E+11,1.70126E+11,1.70169E+11,1.70212E+11,1.70256E+11,1.703E+11,1.70344E+11,1.7039E+11,1.70437E+11,1.70485E+11,1.70533E+11,1.70582E+11,1.70633E+11,1.70683E+11,1.70735E+11,1.70787E+11,1.7084E+11,1.70893E+11,1.70947E+11,1.71002E+11,1.71058E+11,1.71114E+11,1.7117E+11,1.71226E+11,1.71283E+11,1.71339E+11,1.71395E+11,1.71452E+11,1.71508E+11,1.71563E+11,1.71619E+11,1.71674E+11,1.7173E+11,1.71785E+11,1.7184E+11,1.71894E+11,1.71948E+11,1.72002E+11,1.72054E+11,1.72106E+11,1.72157E+11,1.72206E+11,1.72255E+11,1.72303E+11,1.72349E+11,1.72394E+11,1.72438E+11,1.72481E+11,1.72523E+11,1.72563E+11,1.72603E+11,1.72642E+11,1.72679E+11,1.72716E+11,1.72751E+11,1.72786E+11,1.7282E+11,1.72853E+11,1.72886E+11,1.72918E+11,1.7295E+11,1.72982E+11,1.73013E+11,1.73044E+11,1.73073E+11,1.73102E+11,1.7313E+11,1.73158E+11,1.73185E+11,1.73212E+11,1.73239E+11,1.73266E+11,1.73293E+11,1.7332E+11,1.73346E+11,1.73373E+11,1.73399E+11,1.73425E+11,1.73451E+11,1.73478E+11,1.73503E+11,1.73528E+11,1.73554E+11,1.7358E+11,1.73606E+11,1.73632E+11,1.73659E+11,1.73686E+11,1.73713E+11,1.73741E+11,1.73768E+11,1.73797E+11,1.73825E+11,1.73854E+11,1.73883E+11,1.73913E+11,1.73943E+11,1.73974E+11,1.74004E+11,1.74036E+11,1.74067E+11,1.74099E+11,1.74132E+11,1.74164E+11,1.74197E+11
"Cost of Deaths Cumulative[Connecticut]",0,0,0,0,0,0,0,0,0,0,0,0,0,0,0,0,0,0,0,0,0,0,0,0,0,0,0,0,0,0,0,0,0,0,0,0,0,0,0,0,0,0,0,0,0,0,0,0,0,0,0,0,0,0,0,0,9.30349,83.5154,329.587,896.569,1972.84,3789.26,6628.58,10838.6,16848.3,25188,36515.7,51644.9,71578.4,97568.8,131193,174419,229687,300032,389257,502099,644343,822900,1.04594E+06,1.32305E+06,1.66553E+06,2.08672E+06,2.60251E+06,3.23178E+06,3.99668E+06,4.92313E+06,6.04181E+06,7.38969E+06,9.01058E+06,1.09567E+07,1.32908E+07,1.60893E+07,1.94449E+07,2.34709E+07,2.83064E+07,3.41219E+07,4.11253E+07,4.95697E+07,5.97604E+07,7.2062E+07,8.69053E+07,1.04797E+08,1.26342E+08,1.52129E+08,1.82E+08,2.16406E+08,2.56014E+08,3.01579E+08,3.53957E+08,4.141E+08,4.83096E+08,5.62164E+08,6.52576E+08,7.55729E+08,8.73073E+08,1.00595E+09,1.15545E+09,1.32239E+09,1.50768E+09,1.71189E+09,1.93529E+09,2.17784E+09,2.43916E+09,2.71904E+09,3.0171E+09,3.33194E+09,3.66192E+09,4.00613E+09,4.36245E+09,4.72762E+09,5.10108E+09,5.48261E+09,5.87211E+09,6.2697E+09,6.67212E+09,7.08086E+09,7.50001E+09,7.93119E+09,8.37291E+09,8.81891E+09,9.27038E+09,9.72898E+09,1.01925E+10,1.0656E+10,1.1119E+10,1.15806E+10,1.20444E+10,1.25052E+10,1.29634E+10,1.34176E+10,1.38694E+10,1.43198E+10,1.47718E+10,1.52201E+10,1.56597E+10,1.60851E+10,1.6499E+10,1.69046E+10,1.73013E+10,1.76832E+10,1.80439E+10,1.8399E+10,1.87376E+10,1.90794E+10,1.9411E+10,1.97363E+10,2.00572E+10,2.03758E+10,2.06918E+10,2.10012E+10,2.13025E+10,2.15917E+10,2.18651E+10,2.2121E+10,2.23569E+10,2.25774E+10,2.2788E+10,2.29927E+10,2.31923E+10,2.33836E+10,2.35661E+10,2.37392E+10,2.39019E+10,2.40549E+10,2.41987E+10,2.43348E+10,2.44656E+10,2.45928E+10,2.47159E+10,2.48349E+10,2.4952E+10,2.50695E+10,2.5187E+10,2.53015E+10,2.54125E+10,2.55227E+10,2.56354E+10,2.57498E+10,2.58629E+10,2.59747E+10,2.60877E+10,2.61963E+10,2.62934E+10,2.63779E+10,2.64526E+10,2.65193E+10,2.65802E+10,2.66374E+10,2.66922E+10,2.67454E+10,2.67968E+10,2.68465E+10,2.68953E+10,2.69435E+10,2.69905E+10,2.70362E+10,2.70802E+10,2.71226E+10,2.7164E+10,2.7205E+10,2.72462E+10,2.72877E+10,2.73294E+10,2.73719E+10,2.74146E+10,2.74527E+10,2.74849E+10,2.75138E+10,2.75411E+10,2.75673E+10,2.75928E+10,2.76177E+10,2.76419E+10,2.76654E+10,2.76884E+10,2.77109E+10,2.77328E+10,2.77542E+10,2.77752E+10,2.77957E+10,2.78159E+10,2.78357E+10,2.78552E+10,2.78744E+10,2.78935E+10,2.79123E+10,2.7931E+10,2.79495E+10,2.7968E+10,2.79864E+10,2.80047E+10,2.80231E+10,2.80415E+10,2.80599E+10,2.80785E+10,2.80971E+10,2.81159E+10,2.81349E+10,2.81544E+10,2.81748E+10,2.81968E+10,2.82209E+10,2.82472E+10,2.82758E+10,2.83063E+10,2.83386E+10,2.8372E+10,2.84063E+10,2.8442E+10,2.8478E+10,2.85124E+10,2.85462E+10,2.85773E+10,2.86071E+10,2.86387E+10,2.8672E+10,2.87043E+10,2.87351E+10,2.87649E+10,2.87941E+10,2.88222E+10,2.88488E+10,2.88748E+10,2.8901E+10,2.89277E+10,2.89548E+10,2.89822E+10,2.90103E+10,2.90389E+10,2.9068E+10,2.9097E+10,2.91257E+10,2.91547E+10,2.91843E+10,2.92141E+10,2.92445E+10,2.92754E+10,2.93069E+10,2.93397E+10,2.9374E+10,2.94091E+10,2.94442E+10,2.94793E+10,2.95148E+10,2.95516E+10,2.95888E+10,2.96256E+10,2.96617E+10,2.96977E+10,2.97337E+10,2.97696E+10,2.9805E+10,2.98401E+10,2.98753E+10,2.99108E+10,2.99464E+10,2.9982E+10,3.00177E+10,3.00537E+10,3.009E+10,3.01276E+10,3.01693E+10,3.02138E+10,3.02507E+10,3.02814E+10,3.03127E+10,3.03441E+10,3.03758E+10,3.04075E+10,3.04395E+10,3.04716E+10,3.05039E+10,3.05365E+10,3.05693E+10,3.06025E+10,3.0636E+10,3.06698E+10,3.07041E+10,3.07389E+10,3.07742E+10,3.081E+10,3.08465E+10,3.08836E+10,3.09213E+10,3.09598E+10,3.0999E+10,3.10389E+10,3.10797E+10,3.11212E+10,3.11637E+10,3.1207E+10,3.12513E+10,3.12965E+10,3.13426E+10,3.13897E+10,3.14379E+10,3.14872E+10,3.15376E+10,3.15891E+10,3.16419E+10,3.16961E+10,3.17515E+10,3.18084E+10,3.18668E+10,3.19267E+10,3.19884E+10,3.20518E+10,3.2117E+10,3.21842E+10,3.22535E+10,3.23249E+10,3.23986E+10,3.24745E+10,3.25528E+10,3.26336E+10,3.27169E+10,3.28028E+10,3.28912E+10,3.29823E+10,3.30758E+10,3.3172E+10,3.32706E+10,3.33716E+10,3.3475E+10,3.35807E+10,3.36887E+10,3.37987E+10,3.39108E+10,3.40249E+10,3.41408E+10,3.42586E+10,3.43781E+10,3.44991E+10,3.46218E+10,3.47459E+10,3.48716E+10,3.49987E+10,3.51271E+10,3.5257E+10,3.53883E+10,3.55219E+10,3.56604E+10,3.58072E+10,3.5964E+10,3.61333E+10,3.6318E+10,3.65164E+10,3.67208E+10,3.69295E+10,3.71365E+10,3.7344E+10,3.75484E+10,3.77498E+10,3.80193E+10,3.82996E+10,3.85331E+10,3.87206E+10,3.88793E+10,3.90181E+10,3.91527E+10,3.92901E+10,3.94272E+10,3.95634E+10,3.96986E+10,3.98329E+10,3.99662E+10,4.00983E+10,4.02294E+10,4.03594E+10,4.04883E+10,4.06163E+10,4.07433E+10,4.08694E+10,4.09949E+10,4.11197E+10,4.1244E+10,4.13679E+10,4.14915E+10,4.1615E+10,4.17384E+10,4.18618E+10,4.19855E+10,4.21094E+10,4.22336E+10,4.23581E+10,4.2483E+10,4.26083E+10,4.2734E+10,4.28599E+10,4.29862E+10,4.31127E+10,4.32394E+10,4.33663E+10,4.34934E+10,4.36205E+10,4.37478E+10,4.38751E+10,4.40025E+10,4.41299E+10,4.42575E+10,4.43852E+10,4.45132E+10,4.46413E+10,4.47697E+10,4.48984E+10,4.50275E+10,4.5157E+10,4.5287E+10,4.54176E+10,4.55485E+10,4.56799E+10,4.58116E+10,4.59436E+10,4.60758E+10,4.6208E+10,4.63401E+10,4.64724E+10,4.66048E+10,4.67371E+10,4.68693E+10,4.70014E+10,4.71334E+10,4.72653E+10,4.73976E+10,4.75295E+10,4.76605E+10,4.77908E+10,4.79204E+10,4.80493E+10,4.81773E+10,4.8304E+10,4.84299E+10,4.85551E+10,4.86794E+10,4.88028E+10,4.89254E+10,4.90472E+10,4.91682E+10,4.92884E+10,4.94078E+10,4.95265E+10,4.96444E+10,4.97615E+10,4.98779E+10,4.99936E+10,5.01086E+10,5.02228E+10,5.03362E+10,5.0449E+10,5.05609E+10,5.0672E+10,5.07823E+10,5.08918E+10,5.10005E+10,5.11085E+10,5.12156E+10,5.13219E+10,5.14274E+10,5.15321E+10,5.1636E+10,5.17392E+10,5.18416E+10,5.19432E+10,5.20441E+10,5.21443E+10,5.22437E+10,5.23424E+10,5.24404E+10,5.25378E+10,5.26344E+10,5.27304E+10,5.28257E+10,5.29204E+10,5.30145E+10,5.3108E+10,5.32009E+10,5.32932E+10,5.33849E+10,5.34761E+10,5.35668E+10,5.36574E+10,5.37486E+10,5.38393E+10,5.39294E+10,5.40192E+10,5.41092E+10,5.41994E+10,5.42885E+10,5.43761E+10,5.44636E+10,5.45508E+10,5.46381E+10,5.47256E+10,5.48153E+10,5.49096E+10,5.50043E+10,5.5099E+10,5.51937E+10,5.52921E+10,5.54053E+10,5.55263E+10,5.56335E+10,5.57436E+10,5.58559E+10,5.59695E+10,5.60851E+10,5.61902E+10,5.62807E+10,5.63699E+10,5.64584E+10,5.6546E+10,5.66322E+10,5.67163E+10,5.68006E+10,5.68877E+10,5.69765E+10,5.7065E+10,5.71524E+10,5.72385E+10,5.73232E+10,5.74078E+10,5.7493E+10,5.75776E+10,5.76611E+10,5.77435E+10,5.78248E+10,5.79057E+10,5.79854E+10,5.8064E+10,5.81415E+10,5.82184E+10,5.82949E+10,5.83708E+10,5.84462E+10,5.8522E+10,5.85973E+10,5.86734E+10,5.87499E+10,5.88259E+10,5.89031E+10,5.89823E+10,5.90631E+10,5.91446E+10,5.92259E+10,5.93063E+10,5.93857E+10,5.94674E+10,5.95533E+10,5.96397E+10,5.97284E+10,5.98194E+10,5.99127E+10,6.00099E+10,6.01063E+10,6.02009E+10,6.02991E+10,6.04008E+10,6.05079E+10,6.0623E+10,6.07447E+10,6.08741E+10,6.10118E+10,6.11577E+10,6.13149E+10,6.14823E+10,6.16591E+10,6.18549E+10,6.20727E+10,6.23008E+10,6.25417E+10,6.27934E+10,6.30573E+10,6.33396E+10,6.36349E+10,6.39396E+10,6.4262E+10,6.4601E+10,6.49615E+10,6.53413E+10,6.57375E+10,6.61468E+10,6.65716E+10,6.70167E+10,6.7477E+10,6.79467E+10,6.84247E+10,6.89076E+10,6.94013E+10,6.99091E+10,7.04262E+10,7.09468E+10,7.14699E+10,7.20005E+10,7.25401E+10,7.30858E+10,7.36351E+10,7.41874E+10,7.47462E+10,7.53133E+10,7.58882E+10,7.64633E+10,7.70381E+10,7.76247E+10,7.82309E+10,7.88418E+10,7.94366E+10,8.0016E+10,8.05879E+10,8.11579E+10,8.17255E+10,8.22866E+10,8.28507E+10,8.34216E+10,8.3992E+10,8.45658E+10,8.5142E+10,8.57161E+10,8.63055E+10,8.69162E+10,8.75088E+10,8.80942E+10,8.86715E+10,8.92437E+10,8.98028E+10,9.03297E+10,9.0826E+10,9.13329E+10,9.18351E+10,9.2326E+10,9.28087E+10,9.32878E+10,9.37573E+10,9.42104E+10,9.46547E+10,9.51018E+10,9.55554E+10,9.60135E+10,9.64741E+10,9.69391E+10,9.74119E+10,9.78757E+10,9.83314E+10,9.87804E+10,9.92217E+10,9.9661E+10,1.00097E+11,1.00526E+11,1.00958E+11,1.01393E+11,1.01829E+11,1.0227E+11,1.0271E+11,1.03148E+11,1.03587E+11,1.04028E+11,1.04467E+11,1.04901E+11,1.05331E+11,1.05758E+11,1.06182E+11,1.06605E+11,1.07029E+11,1.07458E+11,1.07897E+11,1.0834E+11,1.08785E+11,1.09226E+11,1.09654E+11,1.10068E+11,1.10473E+11,1.10871E+11,1.11262E+11,1.11649E+11,1.12034E+11,1.12423E+11,1.12817E+11,1.13211E+11,1.13604E+11,1.14004E+11,1.14404E+11,1.14807E+11,1.15212E+11,1.15627E+11,1.16069E+11,1.16525E+11,1.16984E+11,1.17444E+11,1.17903E+11,1.18358E+11,1.18796E+11,1.19208E+11,1.19606E+11,1.20001E+11,1.20391E+11,1.20778E+11,1.21165E+11,1.21553E+11,1.21946E+11,1.22343E+11,1.22747E+11,1.23155E+11,1.23568E+11,1.2398E+11,1.24378E+11,1.24766E+11,1.25145E+11,1.25516E+11,1.25881E+11,1.26239E+11,1.26594E+11,1.2695E+11,1.27304E+11,1.27663E+11,1.2803E+11,1.284E+11,1.28778E+11,1.29158E+11,1.2954E+11,1.29914E+11,1.30282E+11,1.30645E+11,1.30997E+11,1.31326E+11,1.31619E+11,1.31957E+11,1.32303E+11,1.32653E+11,1.33001E+11,1.33357E+11,1.33681E+11,1.33975E+11,1.34388E+11,1.3478E+11,1.35152E+11,1.3551E+11,1.35857E+11,1.36197E+11,1.36516E+11,1.36844E+11,1.37179E+11,1.37518E+11,1.37849E+11,1.38172E+11,1.38484E+11,1.38788E+11,1.39091E+11,1.39387E+11,1.39681E+11,1.39978E+11,1.40272E+11,1.40562E+11,1.40848E+11,1.41138E+11,1.41431E+11,1.41717E+11,1.41992E+11,1.42261E+11,1.42527E+11,1.4279E+11,1.43041E+11,1.43277E+11,1.43497E+11,1.43709E+11,1.43913E+11,1.44108E+11,1.44295E+11,1.44475E+11,1.44652E+11,1.4483E+11,1.45007E+11,1.4518E+11,1.45354E+11,1.45527E+11,1.45698E+11,1.45867E+11,1.46031E+11,1.46191E+11,1.46345E+11,1.46494E+11,1.4664E+11,1.46786E+11,1.46931E+11,1.47076E+11,1.47219E+11,1.4736E+11,1.47499E+11,1.47638E+11,1.47774E+11,1.47908E+11,1.48039E+11,1.48169E+11,1.48297E+11,1.48423E+11,1.4855E+11,1.48677E+11,1.48803E+11,1.48929E+11,1.49054E+11,1.49177E+11,1.49301E+11,1.49423E+11,1.49544E+11,1.49664E+11,1.49782E+11,1.499E+11,1.50018E+11,1.50135E+11,1.50251E+11,1.50367E+11,1.50484E+11,1.506E+11,1.50716E+11,1.50832E+11,1.50948E+11,1.51061E+11,1.51174E+11,1.51286E+11,1.51399E+11,1.51513E+11,1.51629E+11,1.51747E+11,1.51869E+11,1.51997E+11,1.52129E+11,1.52264E+11,1.524E+11,1.52535E+11,1.52672E+11,1.52808E+11,1.52935E+11,1.53054E+11,1.5317E+11,1.53283E+11,1.53394E+11,1.53503E+11,1.5361E+11,1.5372E+11,1.53833E+11,1.53949E+11,1.54063E+11,1.54178E+11,1.54294E+11,1.5441E+11,1.54527E+11,1.54641E+11,1.54754E+11,1.54867E+11,1.54981E+11,1.55095E+11,1.55208E+11,1.55319E+11,1.55431E+11,1.55545E+11,1.55661E+11,1.55777E+11,1.55894E+11,1.56013E+11,1.56135E+11,1.56258E+11,1.56382E+11,1.56507E+11,1.56633E+11,1.56762E+11,1.56892E+11,1.57024E+11,1.57163E+11,1.57307E+11,1.57455E+11,1.57609E+11,1.57769E+11,1.57937E+11,1.58105E+11,1.58263E+11,1.58411E+11,1.58549E+11,1.58679E+11,1.58799E+11,1.58912E+11,1.5902E+11,1.59124E+11,1.59223E+11,1.59318E+11,1.59408E+11,1.59492E+11,1.59573E+11,1.59651E+11,1.59726E+11,1.59797E+11,1.59865E+11,1.59931E+11,1.59995E+11,1.60056E+11,1.60115E+11,1.60174E+11,1.60231E+11,1.60286E+11,1.60337E+11,1.60385E+11,1.60431E+11,1.60473E+11,1.60512E+11,1.60549E+11,1.60586E+11,1.60626E+11,1.60667E+11,1.60711E+11,1.60755E+11,1.60801E+11,1.60848E+11,1.60897E+11,1.60946E+11,1.60997E+11,1.61049E+11,1.61104E+11,1.61161E+11,1.61218E+11,1.61276E+11,1.61334E+11,1.61393E+11,1.61451E+11,1.61507E+11,1.61563E+11,1.61619E+11,1.61675E+11,1.61731E+11,1.61787E+11,1.61843E+11,1.61899E+11,1.61954E+11,1.62009E+11,1.62062E+11,1.62115E+11,1.62166E+11,1.62216E+11,1.62265E+11,1.62313E+11,1.6236E+11,1.62405E+11,1.62449E+11,1.62492E+11,1.62534E+11,1.62574E+11,1.62613E+11,1.62651E+11,1.62688E+11,1.62725E+11,1.6276E+11,1.62795E+11,1.62828E+11,1.62861E+11,1.62893E+11,1.62925E+11,1.62955E+11,1.62985E+11,1.63015E+11,1.63044E+11,1.63073E+11,1.63101E+11,1.63129E+11,1.63156E+11,1.63183E+11,1.6321E+11,1.63236E+11,1.63262E+11,1.63287E+11,1.63313E+11,1.63339E+11,1.63365E+11,1.63391E+11,1.63416E+11,1.63442E+11,1.63467E+11,1.63492E+11,1.63517E+11,1.63542E+11,1.63567E+11,1.63591E+11,1.63616E+11,1.63641E+11,1.63666E+11,1.63691E+11,1.63716E+11,1.6374E+11,1.63765E+11,1.63792E+11,1.63823E+11,1.63848E+11,1.63874E+11,1.639E+11,1.63926E+11,1.63953E+11,1.6398E+11,1.64007E+11,1.64034E+11,1.64062E+11,1.6409E+11,1.64118E+11,1.64146E+11,1.64174E+11,1.64203E+11,1.64232E+11,1.64261E+11,1.64291E+11,1.6432E+11,1.6435E+11,1.6438E+11,1.6441E+11,1.64441E+11,1.64471E+11,1.64502E+11,1.64533E+11
"Cost of Deaths Cumulative[District of Columbia]",0,0,0,0,0,0,0,0,0,0,0,0,0,0,0,0,0,0,0,0,0,0,0,0,0,0,0,0,0.806381,54.4544,373.627,1341.97,3517.08,7653.23,14744.1,26093.5,43411.4,68933.5,105564,157025,228030,324534,454103,626401,853635,1.15119E+06,1.53842E+06,2.03943E+06,2.68417E+06,3.50985E+06,4.56299E+06,5.9029E+06,7.60682E+06,9.77573E+06,1.25408E+07,1.6072E+07,2.05899E+07,2.6379E+07,3.38045E+07,4.32109E+07,5.42594E+07,6.70658E+07,8.187E+07,9.89097E+07,1.18422E+08,1.40692E+08,1.65988E+08,1.9452E+08,2.26404E+08,2.61775E+08,3.00784E+08,3.43561E+08,3.90204E+08,4.40798E+08,4.9544E+08,5.54244E+08,6.17315E+08,6.84719E+08,7.56498E+08,8.3264E+08,9.13032E+08,9.97533E+08,1.08602E+09,1.17833E+09,1.27428E+09,1.37366E+09,1.47627E+09,1.58192E+09,1.69041E+09,1.80148E+09,1.9149E+09,2.03044E+09,2.14788E+09,2.26701E+09,2.38765E+09,2.50965E+09,2.63288E+09,2.7572E+09,2.88247E+09,3.00858E+09,3.1354E+09,3.26276E+09,3.39042E+09,3.51821E+09,3.64595E+09,3.77348E+09,3.90064E+09,4.02731E+09,4.15336E+09,4.27866E+09,4.4031E+09,4.52659E+09,4.64903E+09,4.77417E+09,4.90186E+09,5.0278E+09,5.15167E+09,5.27403E+09,5.39455E+09,5.51272E+09,5.62804E+09,5.74077E+09,5.85156E+09,5.96027E+09,6.06577E+09,6.16745E+09,6.26626E+09,6.36272E+09,6.45732E+09,6.54992E+09,6.64036E+09,6.72928E+09,6.81579E+09,6.89917E+09,6.98096E+09,7.06164E+09,7.14166E+09,7.22091E+09,7.2985E+09,7.37527E+09,7.45186E+09,7.52669E+09,7.59936E+09,7.67014E+09,7.73926E+09,7.80848E+09,7.87829E+09,7.94781E+09,8.01697E+09,8.08603E+09,8.1548E+09,8.22394E+09,8.2927E+09,8.36019E+09,8.42614E+09,8.49041E+09,8.55325E+09,8.61448E+09,8.67373E+09,8.73072E+09,8.78602E+09,8.83989E+09,8.89246E+09,8.94333E+09,8.99265E+09,9.04096E+09,9.08834E+09,9.13402E+09,9.17727E+09,9.21814E+09,9.2574E+09,9.29541E+09,9.33221E+09,9.36791E+09,9.40233E+09,9.43618E+09,9.46989E+09,9.50304E+09,9.53534E+09,9.56695E+09,9.59792E+09,9.62843E+09,9.65821E+09,9.68744E+09,9.71603E+09,9.74266E+09,9.76689E+09,9.79023E+09,9.81332E+09,9.83614E+09,9.85838E+09,9.88017E+09,9.90246E+09,9.92572E+09,9.94929E+09,9.97242E+09,9.99492E+09,1.00169E+10,1.00388E+10,1.00604E+10,1.00821E+10,1.01018E+10,1.01193E+10,1.01362E+10,1.01528E+10,1.01686E+10,1.01835E+10,1.01973E+10,1.0211E+10,1.0225E+10,1.02389E+10,1.02523E+10,1.0265E+10,1.02773E+10,1.02893E+10,1.03006E+10,1.03117E+10,1.03223E+10,1.03329E+10,1.03436E+10,1.03541E+10,1.03646E+10,1.03753E+10,1.03858E+10,1.03962E+10,1.04063E+10,1.04157E+10,1.04248E+10,1.04334E+10,1.04416E+10,1.04495E+10,1.04573E+10,1.04648E+10,1.04722E+10,1.04794E+10,1.04864E+10,1.04933E+10,1.04999E+10,1.05064E+10,1.05128E+10,1.05189E+10,1.05249E+10,1.05308E+10,1.05365E+10,1.05421E+10,1.05475E+10,1.05528E+10,1.0558E+10,1.0563E+10,1.05678E+10,1.05726E+10,1.05772E+10,1.05817E+10,1.0586E+10,1.05903E+10,1.05944E+10,1.05985E+10,1.06024E+10,1.06063E+10,1.061E+10,1.06137E+10,1.06174E+10,1.06209E+10,1.06244E+10,1.06279E+10,1.06313E+10,1.06347E+10,1.06381E+10,1.06415E+10,1.06448E+10,1.06481E+10,1.06514E+10,1.06547E+10,1.06581E+10,1.06614E+10,1.06648E+10,1.06681E+10,1.06716E+10,1.0675E+10,1.06785E+10,1.0682E+10,1.06855E+10,1.06891E+10,1.06927E+10,1.06964E+10,1.07001E+10,1.07039E+10,1.07078E+10,1.07117E+10,1.07157E+10,1.07198E+10,1.0724E+10,1.07283E+10,1.07326E+10,1.07371E+10,1.07416E+10,1.07462E+10,1.0751E+10,1.07558E+10,1.07607E+10,1.07658E+10,1.07709E+10,1.07762E+10,1.07816E+10,1.07871E+10,1.07927E+10,1.07982E+10,1.08038E+10,1.08095E+10,1.08152E+10,1.08211E+10,1.08269E+10,1.08328E+10,1.08388E+10,1.08449E+10,1.08509E+10,1.08571E+10,1.08632E+10,1.08694E+10,1.08756E+10,1.08819E+10,1.08881E+10,1.08944E+10,1.09007E+10,1.0907E+10,1.09133E+10,1.09196E+10,1.0926E+10,1.09323E+10,1.09386E+10,1.09449E+10,1.09512E+10,1.09574E+10,1.09637E+10,1.097E+10,1.09762E+10,1.09824E+10,1.09887E+10,1.09949E+10,1.10012E+10,1.10074E+10,1.10137E+10,1.10199E+10,1.10262E+10,1.10325E+10,1.10389E+10,1.10453E+10,1.10517E+10,1.10581E+10,1.10646E+10,1.10712E+10,1.10777E+10,1.10844E+10,1.10911E+10,1.10979E+10,1.11047E+10,1.11116E+10,1.11187E+10,1.11258E+10,1.1133E+10,1.11403E+10,1.11478E+10,1.11554E+10,1.11632E+10,1.11711E+10,1.11792E+10,1.11876E+10,1.11961E+10,1.12049E+10,1.12139E+10,1.12232E+10,1.12327E+10,1.12424E+10,1.12525E+10,1.12628E+10,1.12734E+10,1.12842E+10,1.12954E+10,1.13069E+10,1.13186E+10,1.13307E+10,1.1343E+10,1.13556E+10,1.13685E+10,1.13817E+10,1.13951E+10,1.14089E+10,1.14229E+10,1.14371E+10,1.14517E+10,1.14665E+10,1.14816E+10,1.1497E+10,1.15127E+10,1.15286E+10,1.15449E+10,1.15615E+10,1.15783E+10,1.15955E+10,1.1613E+10,1.16308E+10,1.16489E+10,1.16673E+10,1.16861E+10,1.17053E+10,1.17247E+10,1.17445E+10,1.17647E+10,1.17851E+10,1.18059E+10,1.18269E+10,1.18483E+10,1.18699E+10,1.18918E+10,1.19141E+10,1.19365E+10,1.19591E+10,1.19817E+10,1.20044E+10,1.20272E+10,1.205E+10,1.2073E+10,1.2096E+10,1.21192E+10,1.21425E+10,1.21658E+10,1.21893E+10,1.22128E+10,1.22365E+10,1.22602E+10,1.2284E+10,1.2308E+10,1.2332E+10,1.23562E+10,1.23805E+10,1.24049E+10,1.24294E+10,1.24541E+10,1.24789E+10,1.2504E+10,1.2529E+10,1.25541E+10,1.25793E+10,1.26047E+10,1.26301E+10,1.26556E+10,1.26813E+10,1.27071E+10,1.27333E+10,1.27595E+10,1.27857E+10,1.2812E+10,1.28382E+10,1.28641E+10,1.28897E+10,1.29152E+10,1.29405E+10,1.29658E+10,1.2991E+10,1.3016E+10,1.30411E+10,1.30661E+10,1.30909E+10,1.31159E+10,1.31407E+10,1.31653E+10,1.31895E+10,1.32133E+10,1.32368E+10,1.326E+10,1.32829E+10,1.33055E+10,1.33278E+10,1.335E+10,1.33718E+10,1.33934E+10,1.34147E+10,1.34358E+10,1.34565E+10,1.34771E+10,1.34973E+10,1.35172E+10,1.35369E+10,1.35563E+10,1.35755E+10,1.35943E+10,1.36129E+10,1.36312E+10,1.36493E+10,1.36671E+10,1.36846E+10,1.37019E+10,1.37189E+10,1.37357E+10,1.37522E+10,1.37685E+10,1.37846E+10,1.38004E+10,1.3816E+10,1.38314E+10,1.38466E+10,1.38616E+10,1.38764E+10,1.3891E+10,1.39054E+10,1.39197E+10,1.39338E+10,1.39478E+10,1.39617E+10,1.39754E+10,1.39889E+10,1.40024E+10,1.40158E+10,1.40291E+10,1.40422E+10,1.40553E+10,1.40684E+10,1.40813E+10,1.40942E+10,1.41071E+10,1.41199E+10,1.41327E+10,1.41455E+10,1.41583E+10,1.4171E+10,1.41838E+10,1.41967E+10,1.42095E+10,1.42224E+10,1.42353E+10,1.42483E+10,1.42613E+10,1.42744E+10,1.42875E+10,1.43007E+10,1.4314E+10,1.43273E+10,1.43407E+10,1.43542E+10,1.43678E+10,1.43814E+10,1.43951E+10,1.44088E+10,1.44226E+10,1.44364E+10,1.44503E+10,1.44641E+10,1.4478E+10,1.44919E+10,1.45058E+10,1.45197E+10,1.45336E+10,1.45476E+10,1.45615E+10,1.45754E+10,1.45892E+10,1.4603E+10,1.46168E+10,1.46305E+10,1.46442E+10,1.46579E+10,1.46716E+10,1.46853E+10,1.46989E+10,1.47125E+10,1.47263E+10,1.47401E+10,1.47537E+10,1.47671E+10,1.47803E+10,1.47933E+10,1.48062E+10,1.48189E+10,1.48314E+10,1.48439E+10,1.48563E+10,1.48686E+10,1.48809E+10,1.48931E+10,1.49052E+10,1.49173E+10,1.49292E+10,1.49412E+10,1.49531E+10,1.4965E+10,1.49769E+10,1.49888E+10,1.50007E+10,1.50127E+10,1.50246E+10,1.50366E+10,1.50485E+10,1.50605E+10,1.50724E+10,1.50843E+10,1.50963E+10,1.51082E+10,1.512E+10,1.51317E+10,1.51434E+10,1.51554E+10,1.51673E+10,1.51788E+10,1.51901E+10,1.52011E+10,1.5212E+10,1.52225E+10,1.52327E+10,1.52427E+10,1.52527E+10,1.52625E+10,1.52723E+10,1.5282E+10,1.52918E+10,1.53015E+10,1.53112E+10,1.5321E+10,1.53308E+10,1.53407E+10,1.53508E+10,1.5361E+10,1.53715E+10,1.53823E+10,1.53934E+10,1.54048E+10,1.54167E+10,1.54291E+10,1.54421E+10,1.54559E+10,1.54706E+10,1.54865E+10,1.55035E+10,1.55216E+10,1.55411E+10,1.5562E+10,1.55843E+10,1.56083E+10,1.56335E+10,1.56602E+10,1.56888E+10,1.57192E+10,1.57517E+10,1.5786E+10,1.58216E+10,1.58583E+10,1.58964E+10,1.5936E+10,1.59767E+10,1.60187E+10,1.60624E+10,1.61073E+10,1.61538E+10,1.62018E+10,1.62516E+10,1.63041E+10,1.63598E+10,1.64176E+10,1.6477E+10,1.65388E+10,1.66032E+10,1.66706E+10,1.67403E+10,1.68129E+10,1.68908E+10,1.69723E+10,1.7053E+10,1.71341E+10,1.72161E+10,1.73006E+10,1.73861E+10,1.74711E+10,1.75578E+10,1.7648E+10,1.77398E+10,1.78338E+10,1.79305E+10,1.80302E+10,1.81323E+10,1.82355E+10,1.83394E+10,1.84441E+10,1.85487E+10,1.8654E+10,1.87611E+10,1.8869E+10,1.89771E+10,1.90854E+10,1.91946E+10,1.93044E+10,1.94138E+10,1.95229E+10,1.96309E+10,1.9738E+10,1.98439E+10,1.99482E+10,2.00523E+10,2.01558E+10,2.0259E+10,2.03632E+10,2.04682E+10,2.05715E+10,2.06737E+10,2.07743E+10,2.0874E+10,2.09724E+10,2.10683E+10,2.11623E+10,2.12557E+10,2.13485E+10,2.14404E+10,2.15316E+10,2.16217E+10,2.17106E+10,2.17979E+10,2.18844E+10,2.19698E+10,2.20538E+10,2.21363E+10,2.22177E+10,2.22977E+10,2.23765E+10,2.24541E+10,2.25306E+10,2.26063E+10,2.26808E+10,2.27542E+10,2.28263E+10,2.28971E+10,2.29668E+10,2.30358E+10,2.31043E+10,2.31719E+10,2.32385E+10,2.33042E+10,2.3369E+10,2.34328E+10,2.34955E+10,2.3557E+10,2.36177E+10,2.36774E+10,2.37363E+10,2.37943E+10,2.38521E+10,2.39118E+10,2.39754E+10,2.40399E+10,2.41024E+10,2.41625E+10,2.42181E+10,2.42692E+10,2.43186E+10,2.43672E+10,2.44141E+10,2.44595E+10,2.45033E+10,2.45456E+10,2.45865E+10,2.4626E+10,2.46643E+10,2.47013E+10,2.47372E+10,2.4772E+10,2.48058E+10,2.48386E+10,2.48705E+10,2.49016E+10,2.49319E+10,2.49615E+10,2.49903E+10,2.50186E+10,2.50462E+10,2.50732E+10,2.50997E+10,2.51257E+10,2.51511E+10,2.51761E+10,2.52006E+10,2.52246E+10,2.52483E+10,2.52715E+10,2.52944E+10,2.5317E+10,2.53396E+10,2.53623E+10,2.53854E+10,2.54086E+10,2.54321E+10,2.54559E+10,2.54801E+10,2.55043E+10,2.55288E+10,2.55537E+10,2.55791E+10,2.56049E+10,2.56313E+10,2.56583E+10,2.56862E+10,2.57154E+10,2.57457E+10,2.57773E+10,2.58098E+10,2.58432E+10,2.58767E+10,2.59101E+10,2.59433E+10,2.59771E+10,2.60114E+10,2.60462E+10,2.60815E+10,2.61174E+10,2.61534E+10,2.61893E+10,2.62251E+10,2.62608E+10,2.62968E+10,2.63325E+10,2.63681E+10,2.64033E+10,2.64376E+10,2.64716E+10,2.65051E+10,2.6538E+10,2.65703E+10,2.66019E+10,2.6633E+10,2.66638E+10,2.66942E+10,2.67241E+10,2.67534E+10,2.6782E+10,2.68103E+10,2.6839E+10,2.68686E+10,2.6898E+10,2.69267E+10,2.69548E+10,2.6982E+10,2.7008E+10,2.70324E+10,2.70553E+10,2.70777E+10,2.70996E+10,2.71211E+10,2.71422E+10,2.71629E+10,2.71833E+10,2.72033E+10,2.72231E+10,2.72429E+10,2.72626E+10,2.72819E+10,2.73009E+10,2.73197E+10,2.73383E+10,2.73565E+10,2.73742E+10,2.73916E+10,2.74089E+10,2.7426E+10,2.74433E+10,2.74607E+10,2.74782E+10,2.74959E+10,2.75136E+10,2.75315E+10,2.75495E+10,2.75674E+10,2.75856E+10,2.76041E+10,2.76232E+10,2.76425E+10,2.7662E+10,2.76816E+10,2.77012E+10,2.77209E+10,2.77407E+10,2.77604E+10,2.77803E+10,2.78003E+10,2.78206E+10,2.78415E+10,2.78634E+10,2.78864E+10,2.79104E+10,2.7935E+10,2.79594E+10,2.79834E+10,2.80068E+10,2.80293E+10,2.80507E+10,2.80711E+10,2.8091E+10,2.8111E+10,2.81311E+10,2.81509E+10,2.81707E+10,2.81912E+10,2.82126E+10,2.82346E+10,2.82563E+10,2.82777E+10,2.82991E+10,2.83205E+10,2.83415E+10,2.8362E+10,2.8382E+10,2.84019E+10,2.84217E+10,2.84416E+10,2.84618E+10,2.8482E+10,2.85021E+10,2.85224E+10,2.85425E+10,2.85627E+10,2.85829E+10,2.86031E+10,2.86234E+10,2.86438E+10,2.86643E+10,2.86851E+10,2.87059E+10,2.87268E+10,2.8748E+10,2.87695E+10,2.87911E+10,2.88128E+10,2.88348E+10,2.88576E+10,2.88824E+10,2.89082E+10,2.89334E+10,2.89575E+10,2.8981E+10,2.90033E+10,2.90245E+10,2.90438E+10,2.90618E+10,2.908E+10,2.90983E+10,2.91163E+10,2.9134E+10,2.91509E+10,2.91671E+10,2.91834E+10,2.91995E+10,2.9215E+10,2.92299E+10,2.92442E+10,2.92582E+10,2.92723E+10,2.92861E+10,2.92991E+10,2.93116E+10,2.93236E+10,2.9335E+10,2.93457E+10,2.93558E+10,2.93656E+10,2.93751E+10,2.93844E+10,2.93935E+10,2.94027E+10,2.94124E+10,2.94228E+10,2.94337E+10,2.94449E+10,2.94565E+10,2.94683E+10,2.94805E+10,2.94929E+10,2.95053E+10,2.95181E+10,2.95312E+10,2.95447E+10,2.95585E+10,2.95725E+10,2.95867E+10,2.96011E+10,2.96154E+10,2.96298E+10,2.96441E+10,2.96584E+10,2.96724E+10,2.96863E+10,2.97E+10,2.97134E+10,2.97264E+10,2.97392E+10,2.97516E+10,2.97637E+10,2.97754E+10,2.97868E+10,2.9798E+10,2.9809E+10,2.98197E+10,2.98303E+10,2.98405E+10,2.98504E+10,2.98599E+10,2.98691E+10,2.98782E+10,2.9887E+10,2.98956E+10,2.99039E+10,2.99119E+10,2.99195E+10,2.99268E+10,2.99338E+10,2.99403E+10,2.99465E+10,2.99526E+10,2.99585E+10,2.99643E+10,2.997E+10,2.99757E+10,2.99815E+10,2.99873E+10,2.99931E+10,2.99989E+10,3.00048E+10,3.00107E+10,3.00166E+10,3.00225E+10,3.00283E+10,3.00342E+10,3.00401E+10,3.00462E+10,3.00522E+10,3.00583E+10,3.00643E+10,3.00704E+10,3.00765E+10,3.00825E+10,3.00884E+10,3.00943E+10,3.01004E+10,3.01064E+10,3.01126E+10,3.01188E+10,3.0125E+10,3.01313E+10,3.01376E+10,3.01441E+10,3.01506E+10,3.01573E+10,3.01634E+10,3.01696E+10,3.01757E+10,3.01819E+10,3.01881E+10,3.01943E+10,3.02005E+10,3.02067E+10,3.02129E+10,3.0219E+10,3.02252E+10,3.02313E+10,3.02374E+10,3.02435E+10,3.02495E+10,3.02556E+10,3.02616E+10,3.02676E+10,3.02736E+10,3.02796E+10,3.02856E+10,3.02915E+10,3.02975E+10,3.03034E+10,3.03094E+10
"Cost of Deaths Cumulative[Delaware]",0,0,0,0,0,0,0,0,0,0,0,0,0,0,0,0,0,0,0,0,0,0.765404,50.7896,341.929,1202.84,3078.83,6521.88,12184.8,20823.2,33306,50633.2,73965.7,104672,144385,195068,259075,339222,438848,561891,712961,897417,1.12145E+06,1.39227E+06,1.71838E+06,2.10974E+06,2.57793E+06,3.13636E+06,3.80035E+06,4.58734E+06,5.51727E+06,6.61323E+06,7.90239E+06,9.41721E+06,1.11968E+07,1.32884E+07,1.57484E+07,1.86442E+07,2.20557E+07,2.60758E+07,3.08129E+07,3.6394E+07,4.29703E+07,5.07235E+07,5.98746E+07,7.06914E+07,8.34981E+07,9.86802E+07,1.16689E+08,1.38053E+08,1.63129E+08,1.90499E+08,2.20003E+08,2.53529E+08,2.90077E+08,3.29112E+08,3.71019E+08,4.16311E+08,4.65745E+08,5.20073E+08,5.7991E+08,6.45647E+08,7.17485E+08,7.95447E+08,8.79361E+08,9.69808E+08,1.06633E+09,1.16846E+09,1.27592E+09,1.38835E+09,1.50537E+09,1.62656E+09,1.75168E+09,1.88021E+09,2.0118E+09,2.14611E+09,2.28264E+09,2.42137E+09,2.56206E+09,2.70451E+09,2.84853E+09,2.99403E+09,3.14076E+09,3.28841E+09,3.43684E+09,3.58575E+09,3.7349E+09,3.88407E+09,4.03306E+09,4.18169E+09,4.32992E+09,4.4773E+09,4.62399E+09,4.76972E+09,4.91434E+09,5.05772E+09,5.19982E+09,5.34055E+09,5.4798E+09,5.6174E+09,5.75313E+09,5.88662E+09,6.01693E+09,6.14432E+09,6.26881E+09,6.38957E+09,6.50786E+09,6.62397E+09,6.73762E+09,6.84972E+09,6.96081E+09,7.07077E+09,7.18071E+09,7.28929E+09,7.39628E+09,7.50213E+09,7.60656E+09,7.7094E+09,7.81083E+09,7.91122E+09,8.00876E+09,8.10197E+09,8.19218E+09,8.28012E+09,8.3677E+09,8.45459E+09,8.5396E+09,8.62565E+09,8.71373E+09,8.80261E+09,8.89338E+09,8.98422E+09,9.07503E+09,9.16594E+09,9.25447E+09,9.34054E+09,9.42526E+09,9.50673E+09,9.5862E+09,9.66362E+09,9.73815E+09,9.81054E+09,9.8799E+09,9.94663E+09,1.00121E+10,1.0076E+10,1.01381E+10,1.01999E+10,1.02611E+10,1.0322E+10,1.03815E+10,1.0439E+10,1.04944E+10,1.05472E+10,1.05968E+10,1.06426E+10,1.06857E+10,1.07271E+10,1.07679E+10,1.08087E+10,1.08501E+10,1.08915E+10,1.09337E+10,1.09752E+10,1.10137E+10,1.10507E+10,1.10869E+10,1.11223E+10,1.11569E+10,1.1191E+10,1.12247E+10,1.12594E+10,1.12944E+10,1.13274E+10,1.13587E+10,1.13899E+10,1.14191E+10,1.14465E+10,1.14731E+10,1.14987E+10,1.15249E+10,1.15513E+10,1.1576E+10,1.16E+10,1.16248E+10,1.16506E+10,1.16761E+10,1.16997E+10,1.17209E+10,1.17415E+10,1.17615E+10,1.17797E+10,1.1796E+10,1.18112E+10,1.18258E+10,1.18403E+10,1.18546E+10,1.18686E+10,1.1882E+10,1.18953E+10,1.19083E+10,1.19211E+10,1.19337E+10,1.19459E+10,1.19579E+10,1.19696E+10,1.19811E+10,1.19923E+10,1.20033E+10,1.20141E+10,1.20246E+10,1.20351E+10,1.20453E+10,1.20555E+10,1.20655E+10,1.20753E+10,1.2085E+10,1.20947E+10,1.21042E+10,1.21136E+10,1.2123E+10,1.21324E+10,1.21419E+10,1.21512E+10,1.21606E+10,1.21699E+10,1.21793E+10,1.21886E+10,1.2198E+10,1.22073E+10,1.22168E+10,1.22264E+10,1.2236E+10,1.22459E+10,1.2256E+10,1.22664E+10,1.2277E+10,1.22878E+10,1.22988E+10,1.231E+10,1.2321E+10,1.23321E+10,1.23434E+10,1.2355E+10,1.23668E+10,1.23788E+10,1.23909E+10,1.24036E+10,1.24167E+10,1.24298E+10,1.24433E+10,1.24569E+10,1.24706E+10,1.24846E+10,1.24986E+10,1.2513E+10,1.25276E+10,1.25424E+10,1.25573E+10,1.25726E+10,1.25883E+10,1.26041E+10,1.26197E+10,1.26354E+10,1.26517E+10,1.2668E+10,1.26838E+10,1.26992E+10,1.27142E+10,1.27294E+10,1.27447E+10,1.27598E+10,1.27749E+10,1.27901E+10,1.28055E+10,1.28212E+10,1.2837E+10,1.28526E+10,1.28683E+10,1.28844E+10,1.29006E+10,1.2917E+10,1.29335E+10,1.29495E+10,1.29653E+10,1.29811E+10,1.29965E+10,1.30116E+10,1.30265E+10,1.30413E+10,1.30561E+10,1.3071E+10,1.30857E+10,1.31006E+10,1.31156E+10,1.31307E+10,1.31452E+10,1.31591E+10,1.31729E+10,1.31866E+10,1.32E+10,1.32134E+10,1.32266E+10,1.32397E+10,1.32527E+10,1.32656E+10,1.32784E+10,1.3291E+10,1.33036E+10,1.33161E+10,1.33284E+10,1.33407E+10,1.33529E+10,1.3365E+10,1.33771E+10,1.33891E+10,1.3401E+10,1.34129E+10,1.34248E+10,1.34366E+10,1.34485E+10,1.34605E+10,1.34725E+10,1.34846E+10,1.34968E+10,1.35091E+10,1.35215E+10,1.35341E+10,1.35469E+10,1.35599E+10,1.35731E+10,1.35865E+10,1.36002E+10,1.36142E+10,1.36284E+10,1.3643E+10,1.3658E+10,1.36733E+10,1.3689E+10,1.3705E+10,1.37213E+10,1.3738E+10,1.37552E+10,1.37728E+10,1.3791E+10,1.38097E+10,1.3829E+10,1.38491E+10,1.38699E+10,1.38914E+10,1.39138E+10,1.39371E+10,1.39612E+10,1.39863E+10,1.40124E+10,1.40395E+10,1.40678E+10,1.4097E+10,1.41275E+10,1.41593E+10,1.41923E+10,1.42264E+10,1.42619E+10,1.42987E+10,1.43365E+10,1.43755E+10,1.44156E+10,1.44568E+10,1.44989E+10,1.45416E+10,1.45852E+10,1.46293E+10,1.4674E+10,1.47198E+10,1.47667E+10,1.48143E+10,1.48624E+10,1.49109E+10,1.496E+10,1.501E+10,1.50609E+10,1.51126E+10,1.51655E+10,1.52203E+10,1.52777E+10,1.53367E+10,1.53959E+10,1.54544E+10,1.55133E+10,1.55714E+10,1.56285E+10,1.56859E+10,1.57443E+10,1.58036E+10,1.58644E+10,1.5926E+10,1.59875E+10,1.60483E+10,1.61072E+10,1.61639E+10,1.62198E+10,1.62751E+10,1.63293E+10,1.63828E+10,1.6436E+10,1.64889E+10,1.65415E+10,1.65936E+10,1.66452E+10,1.66964E+10,1.67473E+10,1.67979E+10,1.68482E+10,1.68983E+10,1.69479E+10,1.6997E+10,1.70458E+10,1.7094E+10,1.71419E+10,1.71895E+10,1.72369E+10,1.72839E+10,1.73305E+10,1.73768E+10,1.74229E+10,1.74688E+10,1.75145E+10,1.75604E+10,1.76071E+10,1.76538E+10,1.76995E+10,1.7744E+10,1.77878E+10,1.78308E+10,1.78725E+10,1.79131E+10,1.7953E+10,1.79925E+10,1.80318E+10,1.80706E+10,1.81086E+10,1.81461E+10,1.8183E+10,1.82195E+10,1.82556E+10,1.82912E+10,1.83262E+10,1.83605E+10,1.83941E+10,1.84269E+10,1.84589E+10,1.84903E+10,1.8521E+10,1.85511E+10,1.85807E+10,1.86097E+10,1.86382E+10,1.86663E+10,1.86938E+10,1.87208E+10,1.87473E+10,1.87733E+10,1.87988E+10,1.88239E+10,1.88485E+10,1.88726E+10,1.88963E+10,1.89196E+10,1.89425E+10,1.8965E+10,1.89871E+10,1.90089E+10,1.90303E+10,1.90514E+10,1.90721E+10,1.90926E+10,1.91127E+10,1.91326E+10,1.91522E+10,1.91715E+10,1.91906E+10,1.92095E+10,1.92282E+10,1.92466E+10,1.92649E+10,1.92831E+10,1.93011E+10,1.9319E+10,1.93367E+10,1.93544E+10,1.9372E+10,1.93895E+10,1.9407E+10,1.94245E+10,1.94419E+10,1.94593E+10,1.94767E+10,1.94942E+10,1.95116E+10,1.95291E+10,1.95467E+10,1.95644E+10,1.95821E+10,1.95999E+10,1.96179E+10,1.9636E+10,1.96542E+10,1.96726E+10,1.96912E+10,1.97099E+10,1.97289E+10,1.9748E+10,1.97674E+10,1.9787E+10,1.98068E+10,1.98268E+10,1.98472E+10,1.98677E+10,1.98884E+10,1.99094E+10,1.99305E+10,1.99521E+10,1.9974E+10,1.99961E+10,2.00185E+10,2.00413E+10,2.00646E+10,2.00882E+10,2.01122E+10,2.01365E+10,2.01611E+10,2.01858E+10,2.02107E+10,2.0236E+10,2.02618E+10,2.02881E+10,2.03147E+10,2.03412E+10,2.03679E+10,2.03951E+10,2.04229E+10,2.04507E+10,2.04789E+10,2.05073E+10,2.05358E+10,2.0565E+10,2.05958E+10,2.06282E+10,2.06616E+10,2.06932E+10,2.07238E+10,2.07539E+10,2.07828E+10,2.081E+10,2.08362E+10,2.08626E+10,2.08899E+10,2.09171E+10,2.09439E+10,2.09702E+10,2.0996E+10,2.10214E+10,2.10463E+10,2.10708E+10,2.10952E+10,2.11194E+10,2.11432E+10,2.11667E+10,2.119E+10,2.12134E+10,2.12367E+10,2.12598E+10,2.12824E+10,2.13045E+10,2.13263E+10,2.13478E+10,2.13688E+10,2.13896E+10,2.14101E+10,2.14304E+10,2.14507E+10,2.14716E+10,2.1493E+10,2.15139E+10,2.15333E+10,2.15518E+10,2.15699E+10,2.15872E+10,2.16038E+10,2.16197E+10,2.16355E+10,2.16518E+10,2.16682E+10,2.16844E+10,2.17002E+10,2.17158E+10,2.17318E+10,2.17481E+10,2.17639E+10,2.17797E+10,2.17949E+10,2.18097E+10,2.18247E+10,2.18397E+10,2.1855E+10,2.18707E+10,2.18868E+10,2.1904E+10,2.19228E+10,2.19426E+10,2.19633E+10,2.1985E+10,2.20085E+10,2.20341E+10,2.20626E+10,2.20945E+10,2.21302E+10,2.21698E+10,2.22136E+10,2.22622E+10,2.23175E+10,2.23803E+10,2.24515E+10,2.25299E+10,2.26163E+10,2.27129E+10,2.28203E+10,2.29367E+10,2.3064E+10,2.31995E+10,2.33429E+10,2.34963E+10,2.36573E+10,2.38256E+10,2.40056E+10,2.41982E+10,2.44043E+10,2.46221E+10,2.48472E+10,2.50794E+10,2.53217E+10,2.5581E+10,2.58488E+10,2.61236E+10,2.64158E+10,2.67201E+10,2.70312E+10,2.73442E+10,2.76557E+10,2.79687E+10,2.82819E+10,2.85866E+10,2.88887E+10,2.91936E+10,2.95035E+10,2.9817E+10,3.01356E+10,3.0459E+10,3.07818E+10,3.11027E+10,3.14236E+10,3.17441E+10,3.20619E+10,3.23767E+10,3.2692E+10,3.30116E+10,3.33276E+10,3.36353E+10,3.39355E+10,3.42282E+10,3.45139E+10,3.47944E+10,3.50689E+10,3.53385E+10,3.56077E+10,3.58731E+10,3.61347E+10,3.63914E+10,3.66391E+10,3.688E+10,3.71158E+10,3.73441E+10,3.75683E+10,3.77879E+10,3.80016E+10,3.82126E+10,3.84191E+10,3.86224E+10,3.88221E+10,3.90159E+10,3.92051E+10,3.93909E+10,3.95734E+10,3.9751E+10,3.99244E+10,4.0096E+10,4.02649E+10,4.04288E+10,4.05878E+10,4.07416E+10,4.08913E+10,4.10362E+10,4.11753E+10,4.13099E+10,4.14408E+10,4.1568E+10,4.16913E+10,4.18098E+10,4.19246E+10,4.20379E+10,4.21511E+10,4.22633E+10,4.23719E+10,4.24782E+10,4.25827E+10,4.26854E+10,4.27852E+10,4.28812E+10,4.2974E+10,4.30658E+10,4.31563E+10,4.32454E+10,4.33328E+10,4.34207E+10,4.35119E+10,4.36055E+10,4.36988E+10,4.37885E+10,4.38743E+10,4.3956E+10,4.40327E+10,4.41046E+10,4.41731E+10,4.4239E+10,4.43033E+10,4.43662E+10,4.44276E+10,4.44874E+10,4.45453E+10,4.46016E+10,4.46566E+10,4.47103E+10,4.4763E+10,4.48146E+10,4.48653E+10,4.49149E+10,4.49635E+10,4.50111E+10,4.50579E+10,4.51041E+10,4.51491E+10,4.51931E+10,4.52368E+10,4.52807E+10,4.53248E+10,4.53692E+10,4.54132E+10,4.54571E+10,4.55011E+10,4.55446E+10,4.55877E+10,4.56305E+10,4.56718E+10,4.57135E+10,4.57563E+10,4.57995E+10,4.58426E+10,4.58857E+10,4.59298E+10,4.59759E+10,4.60235E+10,4.60727E+10,4.61244E+10,4.61796E+10,4.62388E+10,4.63009E+10,4.63656E+10,4.64338E+10,4.6505E+10,4.65778E+10,4.66532E+10,4.67294E+10,4.68059E+10,4.68844E+10,4.69652E+10,4.70495E+10,4.71402E+10,4.72361E+10,4.73365E+10,4.74422E+10,4.75509E+10,4.76604E+10,4.77709E+10,4.78803E+10,4.79885E+10,4.80964E+10,4.82032E+10,4.83096E+10,4.84173E+10,4.85276E+10,4.8642E+10,4.87594E+10,4.88776E+10,4.89952E+10,4.91115E+10,4.92255E+10,4.93366E+10,4.94445E+10,4.95498E+10,4.96529E+10,4.97544E+10,4.98552E+10,4.99554E+10,5.00553E+10,5.01562E+10,5.0257E+10,5.03567E+10,5.04552E+10,5.05513E+10,5.06443E+10,5.07347E+10,5.08237E+10,5.09121E+10,5.09997E+10,5.10858E+10,5.11705E+10,5.12551E+10,5.13405E+10,5.14262E+10,5.15106E+10,5.15935E+10,5.1674E+10,5.17517E+10,5.1826E+10,5.18967E+10,5.1964E+10,5.20295E+10,5.20935E+10,5.21564E+10,5.22183E+10,5.22797E+10,5.23405E+10,5.24005E+10,5.24588E+10,5.2516E+10,5.25722E+10,5.26276E+10,5.26823E+10,5.27365E+10,5.27904E+10,5.28434E+10,5.28952E+10,5.29459E+10,5.29954E+10,5.30432E+10,5.30893E+10,5.31344E+10,5.31791E+10,5.32232E+10,5.32662E+10,5.33086E+10,5.33502E+10,5.33907E+10,5.34302E+10,5.34687E+10,5.35067E+10,5.35443E+10,5.3582E+10,5.36209E+10,5.36621E+10,5.37041E+10,5.37463E+10,5.37887E+10,5.38301E+10,5.38696E+10,5.39058E+10,5.39389E+10,5.39703E+10,5.40008E+10,5.40307E+10,5.40607E+10,5.40911E+10,5.41223E+10,5.41545E+10,5.41875E+10,5.42209E+10,5.42542E+10,5.42874E+10,5.43201E+10,5.43524E+10,5.43843E+10,5.44154E+10,5.44459E+10,5.44764E+10,5.45069E+10,5.45377E+10,5.45688E+10,5.46002E+10,5.46319E+10,5.46639E+10,5.46963E+10,5.47292E+10,5.47627E+10,5.47969E+10,5.48318E+10,5.48684E+10,5.49066E+10,5.49463E+10,5.49866E+10,5.50283E+10,5.50728E+10,5.51188E+10,5.51647E+10,5.52092E+10,5.52521E+10,5.52937E+10,5.53333E+10,5.53707E+10,5.54077E+10,5.54448E+10,5.54806E+10,5.55148E+10,5.55477E+10,5.55794E+10,5.56099E+10,5.56388E+10,5.56661E+10,5.56924E+10,5.57181E+10,5.57431E+10,5.57675E+10,5.57914E+10,5.58145E+10,5.58365E+10,5.58575E+10,5.58776E+10,5.58967E+10,5.59149E+10,5.59323E+10,5.59488E+10,5.59646E+10,5.59794E+10,5.59936E+10,5.60081E+10,5.60231E+10,5.60384E+10,5.60541E+10,5.60704E+10,5.60874E+10,5.61051E+10,5.61236E+10,5.61428E+10,5.61626E+10,5.61834E+10,5.62052E+10,5.6228E+10,5.62517E+10,5.62763E+10,5.63017E+10,5.63278E+10,5.63546E+10,5.63819E+10,5.64096E+10,5.64377E+10,5.64659E+10,5.64942E+10,5.65226E+10,5.6551E+10,5.65793E+10,5.66073E+10,5.66349E+10,5.6662E+10,5.66885E+10,5.67141E+10,5.67388E+10,5.6763E+10,5.67867E+10,5.68097E+10,5.68321E+10,5.6854E+10,5.68753E+10,5.68959E+10,5.69158E+10,5.69348E+10,5.69531E+10,5.69707E+10,5.69876E+10,5.70039E+10,5.70197E+10,5.70349E+10,5.70495E+10,5.70637E+10,5.70773E+10,5.70904E+10,5.7103E+10,5.71152E+10,5.7127E+10,5.71384E+10,5.71496E+10,5.71604E+10,5.7171E+10,5.71814E+10,5.71915E+10,5.72015E+10,5.72114E+10,5.72211E+10,5.72308E+10,5.72404E+10,5.72501E+10,5.72597E+10,5.72692E+10,5.72785E+10,5.72878E+10,5.72971E+10,5.73063E+10,5.73154E+10,5.73245E+10,5.73338E+10,5.73433E+10,5.73529E+10,5.73628E+10,5.73729E+10,5.73832E+10,5.73939E+10,5.7405E+10,5.74178E+10,5.74315E+10,5.74423E+10,5.74534E+10,5.74649E+10,5.74766E+10,5.74886E+10,5.75009E+10,5.75133E+10,5.75259E+10,5.75387E+10,5.75516E+10,5.75647E+10,5.75779E+10,5.75912E+10,5.76045E+10,5.7618E+10,5.76315E+10,5.76451E+10,5.76587E+10,5.76723E+10,5.76859E+10,5.76995E+10,5.77131E+10,5.77267E+10,5.77402E+10,5.77537E+10
"Cost of Deaths Cumulative[Florida]",0,0,0,0,0,0,0,0,0,0,0,0,0,0,0,0,0,0,0,0,0,0,0,0,0,0,0,0,3.61297,85.4194,456.204,1434.34,3419.87,6879.21,12337.9,20384.9,31683.4,46978.5,67106,93004.6,125731,166481,216606,277642,351332,439675,544969,669838,817254,990595,1.19367E+06,1.43067E+06,1.70626E+06,2.02568E+06,2.39494E+06,2.8209E+06,3.31138E+06,3.8752E+06,4.52236E+06,5.26417E+06,6.11342E+06,7.08469E+06,8.19461E+06,9.46224E+06,1.09093E+07,1.25607E+07,1.44454E+07,1.65968E+07,1.90535E+07,2.18594E+07,2.50642E+07,2.87248E+07,3.29057E+07,3.7681E+07,4.31355E+07,4.9367E+07,5.64896E+07,6.4636E+07,7.39594E+07,8.46341E+07,9.68547E+07,1.10836E+08,1.26817E+08,1.45064E+08,1.65881E+08,1.89614E+08,2.16652E+08,2.47436E+08,2.8247E+08,3.22306E+08,3.67569E+08,4.18953E+08,4.77222E+08,5.43215E+08,6.17865E+08,7.02212E+08,7.97435E+08,9.04868E+08,1.02601E+09,1.16256E+09,1.31639E+09,1.48969E+09,1.68497E+09,1.90518E+09,2.15371E+09,2.43447E+09,2.75193E+09,3.11117E+09,3.51804E+09,3.97823E+09,4.49876E+09,5.08944E+09,5.75908E+09,6.48299E+09,7.18862E+09,7.87608E+09,8.54588E+09,9.19874E+09,9.83557E+09,1.0454E+10,1.10501E+10,1.16256E+10,1.21932E+10,1.27657E+10,1.33483E+10,1.3948E+10,1.45682E+10,1.52098E+10,1.58746E+10,1.65663E+10,1.728E+10,1.80079E+10,1.87516E+10,1.9514E+10,2.02939E+10,2.1085E+10,2.18788E+10,2.26708E+10,2.34606E+10,2.42453E+10,2.50178E+10,2.57734E+10,2.6506E+10,2.72141E+10,2.79004E+10,2.85626E+10,2.92062E+10,2.98413E+10,3.0471E+10,3.10968E+10,3.17229E+10,3.23473E+10,3.2963E+10,3.35663E+10,3.41498E+10,3.47152E+10,3.5266E+10,3.5806E+10,3.6334E+10,3.68514E+10,3.73598E+10,3.78645E+10,3.83695E+10,3.8882E+10,3.94069E+10,3.99466E+10,4.05004E+10,4.10727E+10,4.16691E+10,4.22938E+10,4.29449E+10,4.3631E+10,4.4363E+10,4.51478E+10,4.59847E+10,4.68644E+10,4.77696E+10,4.86934E+10,4.96426E+10,5.05875E+10,5.14902E+10,5.23663E+10,5.32312E+10,5.40989E+10,5.49842E+10,5.58857E+10,5.68003E+10,5.7729E+10,5.86564E+10,5.9573E+10,6.04709E+10,6.13366E+10,6.21735E+10,6.29987E+10,6.38171E+10,6.45947E+10,6.53399E+10,6.60533E+10,6.67419E+10,6.74054E+10,6.80315E+10,6.862E+10,6.91972E+10,6.976E+10,7.03074E+10,7.08372E+10,7.13507E+10,7.18468E+10,7.23228E+10,7.27785E+10,7.32163E+10,7.36407E+10,7.40577E+10,7.44746E+10,7.4893E+10,7.53139E+10,7.57412E+10,7.61748E+10,7.6617E+10,7.70688E+10,7.75275E+10,7.79994E+10,7.84799E+10,7.89592E+10,7.94378E+10,7.99137E+10,8.03887E+10,8.08664E+10,8.13512E+10,8.18444E+10,8.23462E+10,8.28556E+10,8.3374E+10,8.39097E+10,8.44727E+10,8.50529E+10,8.56417E+10,8.62396E+10,8.68503E+10,8.74777E+10,8.81141E+10,8.87547E+10,8.94127E+10,9.00939E+10,9.08006E+10,9.15304E+10,9.22755E+10,9.30327E+10,9.38015E+10,9.45779E+10,9.53571E+10,9.61441E+10,9.69379E+10,9.77432E+10,9.85633E+10,9.93949E+10,1.00238E+11,1.01098E+11,1.01967E+11,1.02849E+11,1.03743E+11,1.04651E+11,1.05582E+11,1.06523E+11,1.07463E+11,1.084E+11,1.09319E+11,1.10218E+11,1.11091E+11,1.11918E+11,1.12698E+11,1.13442E+11,1.14159E+11,1.14855E+11,1.15533E+11,1.16192E+11,1.16835E+11,1.17464E+11,1.18079E+11,1.18679E+11,1.1927E+11,1.19846E+11,1.20406E+11,1.20949E+11,1.21484E+11,1.22019E+11,1.2255E+11,1.23072E+11,1.2359E+11,1.24105E+11,1.24617E+11,1.25121E+11,1.2562E+11,1.26114E+11,1.26603E+11,1.27086E+11,1.27563E+11,1.28035E+11,1.28514E+11,1.29013E+11,1.2953E+11,1.30057E+11,1.30568E+11,1.31065E+11,1.31558E+11,1.32038E+11,1.32488E+11,1.32917E+11,1.33334E+11,1.33756E+11,1.34183E+11,1.34615E+11,1.35051E+11,1.35491E+11,1.35935E+11,1.36387E+11,1.3684E+11,1.37291E+11,1.3774E+11,1.38187E+11,1.38632E+11,1.39075E+11,1.39516E+11,1.39958E+11,1.40399E+11,1.40841E+11,1.41281E+11,1.41716E+11,1.42142E+11,1.42566E+11,1.42988E+11,1.43411E+11,1.43836E+11,1.44264E+11,1.44704E+11,1.45172E+11,1.45663E+11,1.46154E+11,1.46642E+11,1.4713E+11,1.47616E+11,1.48092E+11,1.48551E+11,1.49E+11,1.49455E+11,1.49917E+11,1.50385E+11,1.50858E+11,1.51335E+11,1.51815E+11,1.52297E+11,1.52783E+11,1.53272E+11,1.53763E+11,1.54257E+11,1.54754E+11,1.55253E+11,1.55751E+11,1.56249E+11,1.56747E+11,1.57248E+11,1.57756E+11,1.58271E+11,1.58795E+11,1.59332E+11,1.59878E+11,1.60428E+11,1.60982E+11,1.61539E+11,1.62096E+11,1.62654E+11,1.63213E+11,1.63779E+11,1.64358E+11,1.64953E+11,1.65563E+11,1.66191E+11,1.6684E+11,1.67522E+11,1.68255E+11,1.69031E+11,1.69839E+11,1.70671E+11,1.71524E+11,1.72398E+11,1.73275E+11,1.74129E+11,1.74985E+11,1.75851E+11,1.76734E+11,1.77637E+11,1.78556E+11,1.79483E+11,1.80415E+11,1.81344E+11,1.82274E+11,1.83204E+11,1.84126E+11,1.85034E+11,1.85932E+11,1.86823E+11,1.87703E+11,1.8857E+11,1.89426E+11,1.90272E+11,1.91105E+11,1.91926E+11,1.92761E+11,1.93628E+11,1.94514E+11,1.95403E+11,1.96289E+11,1.97174E+11,1.98063E+11,1.98954E+11,1.99843E+11,2.00734E+11,2.01628E+11,2.02524E+11,2.03433E+11,2.04352E+11,2.05257E+11,2.06146E+11,2.07042E+11,2.07955E+11,2.08887E+11,2.09843E+11,2.10815E+11,2.11809E+11,2.12824E+11,2.13855E+11,2.14901E+11,2.15963E+11,2.1703E+11,2.18105E+11,2.19177E+11,2.20239E+11,2.21288E+11,2.22317E+11,2.23323E+11,2.24305E+11,2.25267E+11,2.26214E+11,2.27143E+11,2.28055E+11,2.28947E+11,2.29823E+11,2.30688E+11,2.31543E+11,2.32387E+11,2.33221E+11,2.34046E+11,2.34864E+11,2.3568E+11,2.36492E+11,2.37304E+11,2.38118E+11,2.38934E+11,2.39748E+11,2.40562E+11,2.41382E+11,2.42214E+11,2.43046E+11,2.43879E+11,2.44718E+11,2.45561E+11,2.46407E+11,2.4725E+11,2.48084E+11,2.48922E+11,2.49765E+11,2.50615E+11,2.51475E+11,2.52347E+11,2.53236E+11,2.54145E+11,2.55065E+11,2.56002E+11,2.56956E+11,2.57925E+11,2.58907E+11,2.59907E+11,2.60928E+11,2.61967E+11,2.63011E+11,2.64067E+11,2.65139E+11,2.66225E+11,2.6732E+11,2.68414E+11,2.69516E+11,2.70635E+11,2.71759E+11,2.72878E+11,2.7399E+11,2.75102E+11,2.76205E+11,2.77299E+11,2.7838E+11,2.79446E+11,2.80497E+11,2.81534E+11,2.82559E+11,2.83572E+11,2.84576E+11,2.85574E+11,2.86568E+11,2.8756E+11,2.88555E+11,2.89551E+11,2.9055E+11,2.91552E+11,2.9256E+11,2.93582E+11,2.94621E+11,2.95681E+11,2.96769E+11,2.9789E+11,2.9905E+11,3.00244E+11,3.01473E+11,3.0274E+11,3.0404E+11,3.05372E+11,3.06737E+11,3.08134E+11,3.0955E+11,3.10979E+11,3.12415E+11,3.13854E+11,3.15287E+11,3.16711E+11,3.1812E+11,3.19521E+11,3.20905E+11,3.22266E+11,3.23604E+11,3.24926E+11,3.26234E+11,3.27529E+11,3.28798E+11,3.30043E+11,3.3126E+11,3.32449E+11,3.33609E+11,3.34742E+11,3.35858E+11,3.36963E+11,3.38053E+11,3.39131E+11,3.40196E+11,3.41259E+11,3.42324E+11,3.43395E+11,3.44472E+11,3.45552E+11,3.46631E+11,3.47715E+11,3.48815E+11,3.49926E+11,3.51042E+11,3.52162E+11,3.53285E+11,3.54414E+11,3.5557E+11,3.56773E+11,3.5798E+11,3.59158E+11,3.60312E+11,3.61455E+11,3.62585E+11,3.6368E+11,3.6473E+11,3.65781E+11,3.66863E+11,3.67968E+11,3.69078E+11,3.70196E+11,3.71329E+11,3.72482E+11,3.73661E+11,3.7486E+11,3.76086E+11,3.77351E+11,3.78656E+11,3.80002E+11,3.81383E+11,3.82806E+11,3.84291E+11,3.85834E+11,3.87436E+11,3.89085E+11,3.90774E+11,3.92528E+11,3.94345E+11,3.962E+11,3.98089E+11,4.00015E+11,4.01977E+11,4.04007E+11,4.06098E+11,4.0819E+11,4.10266E+11,4.1233E+11,4.14368E+11,4.16389E+11,4.18338E+11,4.202E+11,4.2206E+11,4.23915E+11,4.25759E+11,4.27602E+11,4.29438E+11,4.31259E+11,4.33044E+11,4.34758E+11,4.36416E+11,4.38022E+11,4.39588E+11,4.41128E+11,4.42632E+11,4.44092E+11,4.45529E+11,4.46944E+11,4.48346E+11,4.49748E+11,4.5117E+11,4.52627E+11,4.54125E+11,4.5566E+11,4.57228E+11,4.58836E+11,4.60509E+11,4.62257E+11,4.64061E+11,4.65906E+11,4.67822E+11,4.69826E+11,4.71915E+11,4.74078E+11,4.76307E+11,4.78587E+11,4.80902E+11,4.83243E+11,4.85594E+11,4.87941E+11,4.90272E+11,4.92589E+11,4.9488E+11,4.97132E+11,4.99335E+11,5.01492E+11,5.03607E+11,5.05676E+11,5.07696E+11,5.09669E+11,5.11597E+11,5.13485E+11,5.15335E+11,5.17148E+11,5.18924E+11,5.20659E+11,5.22396E+11,5.24159E+11,5.25867E+11,5.27557E+11,5.2924E+11,5.3092E+11,5.32582E+11,5.34162E+11,5.35662E+11,5.37173E+11,5.38684E+11,5.40196E+11,5.41705E+11,5.43222E+11,5.44775E+11,5.46394E+11,5.48069E+11,5.49785E+11,5.51543E+11,5.53351E+11,5.55204E+11,5.57102E+11,5.59057E+11,5.61067E+11,5.63135E+11,5.65252E+11,5.67408E+11,5.69591E+11,5.718E+11,5.74032E+11,5.76268E+11,5.78482E+11,5.80672E+11,5.82844E+11,5.84995E+11,5.87135E+11,5.89273E+11,5.91404E+11,5.9353E+11,5.95639E+11,5.97708E+11,5.99725E+11,6.01689E+11,6.03605E+11,6.05471E+11,6.07289E+11,6.09069E+11,6.10822E+11,6.1255E+11,6.14262E+11,6.15962E+11,6.17661E+11,6.19369E+11,6.21089E+11,6.22818E+11,6.24556E+11,6.26305E+11,6.28071E+11,6.29846E+11,6.31627E+11,6.3343E+11,6.35264E+11,6.37131E+11,6.3904E+11,6.41E+11,6.43031E+11,6.45144E+11,6.47323E+11,6.49546E+11,6.51831E+11,6.5418E+11,6.56572E+11,6.58989E+11,6.61426E+11,6.63878E+11,6.66353E+11,6.68833E+11,6.71317E+11,6.7383E+11,6.76379E+11,6.79009E+11,6.81742E+11,6.8441E+11,6.87007E+11,6.89518E+11,6.91926E+11,6.94213E+11,6.9631E+11,6.98225E+11,7.00081E+11,7.0188E+11,7.0363E+11,7.05329E+11,7.06984E+11,7.08612E+11,7.10209E+11,7.1178E+11,7.13332E+11,7.14859E+11,7.16364E+11,7.17849E+11,7.19315E+11,7.20768E+11,7.22216E+11,7.23672E+11,7.25139E+11,7.26602E+11,7.28075E+11,7.29576E+11,7.3117E+11,7.32958E+11,7.34928E+11,7.36973E+11,7.39079E+11,7.41274E+11,7.43582E+11,7.46019E+11,7.48604E+11,7.51341E+11,7.54189E+11,7.57172E+11,7.6032E+11,7.63635E+11,7.67033E+11,7.70404E+11,7.73807E+11,7.77356E+11,7.81038E+11,7.84838E+11,7.88725E+11,7.92672E+11,7.96637E+11,8.00599E+11,8.04597E+11,8.08638E+11,8.12633E+11,8.16583E+11,8.20495E+11,8.24341E+11,8.28077E+11,8.31686E+11,8.35213E+11,8.38715E+11,8.42167E+11,8.45552E+11,8.48868E+11,8.52108E+11,8.55295E+11,8.58454E+11,8.61554E+11,8.64582E+11,8.67536E+11,8.70386E+11,8.73098E+11,8.75608E+11,8.77905E+11,8.8015E+11,8.82345E+11,8.84487E+11,8.86584E+11,8.88648E+11,8.90762E+11,8.92983E+11,8.95136E+11,8.97235E+11,8.99291E+11,9.01315E+11,9.03306E+11,9.05272E+11,9.07227E+11,9.09165E+11,9.11097E+11,9.13028E+11,9.14956E+11,9.16882E+11,9.18804E+11,9.2073E+11,9.22679E+11,9.24645E+11,9.26618E+11,9.28601E+11,9.3059E+11,9.32596E+11,9.34623E+11,9.36656E+11,9.38693E+11,9.40742E+11,9.42808E+11,9.44892E+11,9.46996E+11,9.49127E+11,9.5128E+11,9.53449E+11,9.55625E+11,9.57816E+11,9.60039E+11,9.62283E+11,9.64552E+11,9.66863E+11,9.69231E+11,9.7166E+11,9.74119E+11,9.7657E+11,9.79019E+11,9.81467E+11,9.83897E+11,9.86306E+11,9.88693E+11,9.91054E+11,9.93383E+11,9.95681E+11,9.9795E+11,1.00019E+12,1.00239E+12,1.00456E+12,1.00671E+12,1.00882E+12,1.01088E+12,1.01288E+12,1.01482E+12,1.01676E+12,1.01869E+12,1.02063E+12,1.02257E+12,1.02455E+12,1.02658E+12,1.02864E+12,1.0307E+12,1.03277E+12,1.03485E+12,1.03693E+12,1.03902E+12,1.04112E+12,1.04322E+12,1.04532E+12,1.04737E+12,1.04943E+12,1.05151E+12,1.05362E+12,1.05574E+12,1.05786E+12,1.06002E+12,1.06222E+12,1.06442E+12,1.0666E+12,1.06875E+12,1.07087E+12,1.07295E+12,1.07499E+12,1.07699E+12,1.07895E+12,1.08088E+12,1.08276E+12,1.08461E+12,1.08643E+12,1.08822E+12,1.08999E+12,1.09174E+12,1.09347E+12,1.09518E+12,1.09686E+12,1.09853E+12,1.10018E+12,1.10182E+12,1.10345E+12,1.10508E+12,1.10673E+12,1.10842E+12,1.11009E+12,1.11173E+12,1.1133E+12,1.11482E+12,1.11627E+12,1.11764E+12,1.11892E+12,1.12016E+12,1.12137E+12,1.12253E+12,1.12363E+12,1.12469E+12,1.12571E+12,1.12669E+12,1.12764E+12,1.12854E+12,1.12941E+12,1.13024E+12,1.13103E+12,1.13178E+12,1.1325E+12,1.13318E+12,1.13383E+12,1.13444E+12,1.13502E+12,1.13556E+12,1.13608E+12,1.13656E+12,1.13702E+12,1.13745E+12,1.13785E+12,1.13823E+12,1.13861E+12,1.13901E+12,1.13941E+12,1.13981E+12,1.14022E+12,1.14063E+12,1.14105E+12,1.14147E+12,1.14189E+12,1.14231E+12,1.14274E+12,1.14318E+12,1.14362E+12,1.14406E+12,1.14451E+12,1.14496E+12,1.14542E+12,1.14587E+12,1.14633E+12,1.14679E+12,1.14725E+12,1.14771E+12,1.14818E+12,1.14864E+12,1.1491E+12,1.14957E+12,1.15003E+12,1.15049E+12,1.15095E+12,1.1514E+12,1.15186E+12,1.1523E+12,1.15275E+12,1.15319E+12,1.15363E+12,1.15407E+12,1.1545E+12,1.15493E+12,1.15536E+12,1.15578E+12,1.15619E+12,1.1566E+12,1.15701E+12,1.15741E+12,1.1578E+12,1.15819E+12,1.15857E+12,1.15894E+12,1.15931E+12,1.15968E+12,1.16003E+12,1.16039E+12,1.16073E+12,1.16108E+12,1.16142E+12,1.16175E+12,1.16209E+12,1.16242E+12,1.16274E+12,1.16306E+12,1.16338E+12,1.1637E+12,1.16402E+12,1.16433E+12,1.16464E+12,1.16496E+12,1.16527E+12,1.16558E+12,1.16589E+12,1.16619E+12,1.16649E+12,1.16679E+12,1.16709E+12,1.16738E+12,1.16768E+12,1.16797E+12,1.16827E+12,1.16856E+12,1.16886E+12,1.16915E+12,1.16944E+12,1.16974E+12,1.17004E+12,1.17037E+12,1.17064E+12,1.17091E+12,1.17119E+12,1.17147E+12,1.17176E+12,1.17204E+12,1.17233E+12,1.17262E+12,1.17291E+12,1.1732E+12,1.17349E+12,1.17379E+12,1.17408E+12,1.17438E+12,1.17468E+12,1.17498E+12,1.17528E+12,1.17559E+12,1.17589E+12,1.1762E+12,1.17651E+12,1.17682E+12,1.17714E+12,1.17745E+12,1.17777E+12
"Cost of Deaths Cumulative[Georgia]",0,0,0,0,0,0,0,0,0,0,0,0,0,0,0,0,0,0,0,0,0,0,0,0,0,0,0,13.6994,124.763,500.513,1386.73,3111.72,6098.32,10884.2,18152.8,28784.6,43928.8,65083.2,94191.1,133754,186955,257807,351345,473946,633765,841241,1.10968E+06,1.4559E+06,1.90114E+06,2.47214E+06,3.20231E+06,4.13263E+06,5.31368E+06,6.80913E+06,8.69991E+06,1.109E+07,1.41139E+07,1.79454E+07,2.28119E+07,2.90043E+07,3.68914E+07,4.69404E+07,5.97472E+07,7.6076E+07,9.6911E+07,1.2353E+08,1.57602E+08,2.01308E+08,2.57482E+08,3.29667E+08,4.18405E+08,5.25658E+08,6.55342E+08,8.12078E+08,1.00149E+09,1.23047E+09,1.50734E+09,1.84192E+09,2.24577E+09,2.73315E+09,3.32701E+09,4.04865E+09,4.91061E+09,5.91668E+09,7.06278E+09,8.34099E+09,9.73869E+09,1.1241E+10,1.28321E+10,1.44958E+10,1.62164E+10,1.79795E+10,1.97716E+10,2.15806E+10,2.3396E+10,2.52085E+10,2.70104E+10,2.87952E+10,3.05573E+10,3.22922E+10,3.39961E+10,3.5666E+10,3.72994E+10,3.88948E+10,4.04509E+10,4.1967E+10,4.34428E+10,4.48781E+10,4.62749E+10,4.76324E+10,4.89503E+10,5.02285E+10,5.14674E+10,5.26677E+10,5.38308E+10,5.4958E+10,5.60477E+10,5.70993E+10,5.81137E+10,5.90907E+10,6.00305E+10,6.09366E+10,6.18114E+10,6.26519E+10,6.3455E+10,6.42231E+10,6.49596E+10,6.56657E+10,6.6344E+10,6.6999E+10,6.76302E+10,6.82361E+10,6.88192E+10,6.93806E+10,6.99231E+10,7.04491E+10,7.09597E+10,7.14561E+10,7.19402E+10,7.24125E+10,7.28713E+10,7.33157E+10,7.37447E+10,7.416E+10,7.45634E+10,7.49537E+10,7.53303E+10,7.56889E+10,7.60353E+10,7.63668E+10,7.66881E+10,7.69996E+10,7.72982E+10,7.75839E+10,7.78586E+10,7.81234E+10,7.83799E+10,7.86295E+10,7.88704E+10,7.91008E+10,7.93223E+10,7.95374E+10,7.97488E+10,7.99549E+10,8.01576E+10,8.03575E+10,8.05536E+10,8.07437E+10,8.09256E+10,8.10987E+10,8.12658E+10,8.14282E+10,8.15861E+10,8.17401E+10,8.18928E+10,8.20455E+10,8.21974E+10,8.23458E+10,8.24914E+10,8.26343E+10,8.27696E+10,8.2894E+10,8.30077E+10,8.31147E+10,8.32187E+10,8.33219E+10,8.34247E+10,8.35272E+10,8.3631E+10,8.37388E+10,8.38515E+10,8.39693E+10,8.4089E+10,8.42126E+10,8.43446E+10,8.44801E+10,8.46195E+10,8.47656E+10,8.49197E+10,8.5078E+10,8.52376E+10,8.54018E+10,8.55723E+10,8.57388E+10,8.58956E+10,8.60408E+10,8.6181E+10,8.63146E+10,8.64376E+10,8.6558E+10,8.66794E+10,8.68032E+10,8.69313E+10,8.70643E+10,8.72028E+10,8.7347E+10,8.74952E+10,8.76478E+10,8.7804E+10,8.79628E+10,8.81263E+10,8.82922E+10,8.8456E+10,8.86212E+10,8.87876E+10,8.89555E+10,8.91265E+10,8.9303E+10,8.94841E+10,8.96668E+10,8.98508E+10,9.00366E+10,9.02278E+10,9.04299E+10,9.06379E+10,9.0846E+10,9.10526E+10,9.12577E+10,9.14606E+10,9.16573E+10,9.18444E+10,9.20275E+10,9.22081E+10,9.23865E+10,9.25624E+10,9.27348E+10,9.29035E+10,9.30691E+10,9.3231E+10,9.33893E+10,9.35447E+10,9.36978E+10,9.38488E+10,9.39982E+10,9.41446E+10,9.42886E+10,9.44308E+10,9.45717E+10,9.47115E+10,9.48515E+10,9.49936E+10,9.51375E+10,9.52827E+10,9.54299E+10,9.55798E+10,9.57301E+10,9.58799E+10,9.60287E+10,9.61775E+10,9.63271E+10,9.64774E+10,9.66286E+10,9.67827E+10,9.69402E+10,9.71E+10,9.7262E+10,9.74257E+10,9.75917E+10,9.77626E+10,9.79343E+10,9.81065E+10,9.82799E+10,9.84538E+10,9.86285E+10,9.88035E+10,9.89773E+10,9.9153E+10,9.93302E+10,9.95091E+10,9.96907E+10,9.98749E+10,1.00062E+11,1.00254E+11,1.00456E+11,1.00671E+11,1.00897E+11,1.01128E+11,1.01362E+11,1.01609E+11,1.01875E+11,1.02131E+11,1.02367E+11,1.02591E+11,1.0281E+11,1.03025E+11,1.03227E+11,1.03412E+11,1.03592E+11,1.0377E+11,1.03946E+11,1.04117E+11,1.04281E+11,1.04442E+11,1.04598E+11,1.0475E+11,1.04898E+11,1.0504E+11,1.0518E+11,1.05317E+11,1.05451E+11,1.05582E+11,1.0571E+11,1.05836E+11,1.05958E+11,1.06076E+11,1.06192E+11,1.06306E+11,1.06416E+11,1.06523E+11,1.06629E+11,1.06734E+11,1.06839E+11,1.06944E+11,1.0705E+11,1.07158E+11,1.07268E+11,1.0738E+11,1.07494E+11,1.07611E+11,1.0773E+11,1.0785E+11,1.07971E+11,1.08094E+11,1.0822E+11,1.08349E+11,1.08481E+11,1.08617E+11,1.08756E+11,1.089E+11,1.09049E+11,1.09206E+11,1.0937E+11,1.09541E+11,1.0972E+11,1.09906E+11,1.10101E+11,1.10303E+11,1.1051E+11,1.1072E+11,1.10936E+11,1.11161E+11,1.11395E+11,1.11636E+11,1.11886E+11,1.1215E+11,1.12425E+11,1.12709E+11,1.13006E+11,1.13313E+11,1.13626E+11,1.13941E+11,1.14254E+11,1.14568E+11,1.14882E+11,1.15197E+11,1.15512E+11,1.15823E+11,1.16134E+11,1.16455E+11,1.16799E+11,1.17155E+11,1.17504E+11,1.17842E+11,1.18171E+11,1.18486E+11,1.18776E+11,1.19041E+11,1.19294E+11,1.19541E+11,1.19783E+11,1.20019E+11,1.20249E+11,1.20473E+11,1.20692E+11,1.20906E+11,1.21116E+11,1.21323E+11,1.21525E+11,1.21725E+11,1.21923E+11,1.22119E+11,1.22315E+11,1.2251E+11,1.22705E+11,1.22902E+11,1.23101E+11,1.23302E+11,1.23512E+11,1.23736E+11,1.23966E+11,1.242E+11,1.24442E+11,1.24691E+11,1.24944E+11,1.252E+11,1.25464E+11,1.2574E+11,1.2604E+11,1.26393E+11,1.26805E+11,1.27224E+11,1.27655E+11,1.28024E+11,1.28372E+11,1.28737E+11,1.29075E+11,1.29398E+11,1.29719E+11,1.30041E+11,1.30367E+11,1.30697E+11,1.3103E+11,1.31368E+11,1.31707E+11,1.32048E+11,1.32388E+11,1.32727E+11,1.33064E+11,1.33396E+11,1.33723E+11,1.3405E+11,1.34378E+11,1.34706E+11,1.35036E+11,1.35365E+11,1.35695E+11,1.3603E+11,1.36367E+11,1.36707E+11,1.37049E+11,1.37394E+11,1.37741E+11,1.38091E+11,1.38447E+11,1.38808E+11,1.39175E+11,1.39549E+11,1.39929E+11,1.40312E+11,1.40699E+11,1.41092E+11,1.41488E+11,1.41885E+11,1.4228E+11,1.4267E+11,1.43052E+11,1.43424E+11,1.43785E+11,1.44138E+11,1.44482E+11,1.4482E+11,1.45153E+11,1.45479E+11,1.45798E+11,1.46112E+11,1.46423E+11,1.46732E+11,1.47038E+11,1.47339E+11,1.47636E+11,1.47931E+11,1.48223E+11,1.48513E+11,1.488E+11,1.49087E+11,1.49375E+11,1.49662E+11,1.49949E+11,1.50237E+11,1.5053E+11,1.50824E+11,1.51119E+11,1.51414E+11,1.51708E+11,1.52E+11,1.52293E+11,1.52585E+11,1.52877E+11,1.5317E+11,1.53463E+11,1.53757E+11,1.54056E+11,1.54371E+11,1.54698E+11,1.55023E+11,1.55343E+11,1.5566E+11,1.55975E+11,1.56288E+11,1.56596E+11,1.56916E+11,1.5727E+11,1.57647E+11,1.58025E+11,1.584E+11,1.58768E+11,1.59124E+11,1.59454E+11,1.59757E+11,1.60053E+11,1.60354E+11,1.60663E+11,1.60978E+11,1.61298E+11,1.61626E+11,1.61961E+11,1.62304E+11,1.62653E+11,1.6301E+11,1.63375E+11,1.63747E+11,1.64127E+11,1.64516E+11,1.64915E+11,1.65323E+11,1.65737E+11,1.66158E+11,1.66587E+11,1.67024E+11,1.67462E+11,1.67903E+11,1.68341E+11,1.68777E+11,1.6921E+11,1.69637E+11,1.70059E+11,1.70475E+11,1.70884E+11,1.71287E+11,1.71683E+11,1.7207E+11,1.72454E+11,1.72834E+11,1.73209E+11,1.73579E+11,1.73943E+11,1.743E+11,1.74653E+11,1.75002E+11,1.75347E+11,1.75689E+11,1.76028E+11,1.76362E+11,1.76687E+11,1.77017E+11,1.77356E+11,1.77681E+11,1.77997E+11,1.78306E+11,1.78609E+11,1.78908E+11,1.79193E+11,1.79464E+11,1.7974E+11,1.80018E+11,1.80296E+11,1.80576E+11,1.80856E+11,1.81138E+11,1.81423E+11,1.81709E+11,1.81997E+11,1.82286E+11,1.82576E+11,1.82867E+11,1.8316E+11,1.83455E+11,1.83753E+11,1.84051E+11,1.84352E+11,1.84652E+11,1.84951E+11,1.85248E+11,1.85541E+11,1.8583E+11,1.86117E+11,1.86403E+11,1.86687E+11,1.86971E+11,1.87263E+11,1.87563E+11,1.87854E+11,1.88143E+11,1.88426E+11,1.88709E+11,1.88991E+11,1.89267E+11,1.89538E+11,1.89818E+11,1.90102E+11,1.90392E+11,1.90689E+11,1.90992E+11,1.91302E+11,1.91618E+11,1.91938E+11,1.92267E+11,1.92607E+11,1.92963E+11,1.93341E+11,1.93741E+11,1.94165E+11,1.94616E+11,1.95101E+11,1.95623E+11,1.96191E+11,1.9681E+11,1.9748E+11,1.98194E+11,1.9895E+11,1.99746E+11,2.00578E+11,2.01446E+11,2.02351E+11,2.03278E+11,2.04215E+11,2.05162E+11,2.06112E+11,2.07063E+11,2.08021E+11,2.08994E+11,2.0997E+11,2.10935E+11,2.11889E+11,2.12827E+11,2.13749E+11,2.1466E+11,2.15566E+11,2.16465E+11,2.17355E+11,2.18236E+11,2.19116E+11,2.19999E+11,2.20887E+11,2.2178E+11,2.22683E+11,2.23598E+11,2.2453E+11,2.25471E+11,2.2642E+11,2.2738E+11,2.28342E+11,2.29335E+11,2.30376E+11,2.31388E+11,2.32378E+11,2.3336E+11,2.34321E+11,2.35264E+11,2.36163E+11,2.37015E+11,2.3787E+11,2.38728E+11,2.39579E+11,2.40421E+11,2.41256E+11,2.42088E+11,2.42921E+11,2.43754E+11,2.4459E+11,2.45428E+11,2.46265E+11,2.47094E+11,2.47913E+11,2.48725E+11,2.49533E+11,2.50336E+11,2.5114E+11,2.5194E+11,2.52728E+11,2.53513E+11,2.5432E+11,2.5513E+11,2.55917E+11,2.56685E+11,2.57437E+11,2.5818E+11,2.58913E+11,2.59624E+11,2.60325E+11,2.61036E+11,2.61759E+11,2.62496E+11,2.63247E+11,2.64013E+11,2.648E+11,2.65608E+11,2.6643E+11,2.67271E+11,2.68135E+11,2.69028E+11,2.69947E+11,2.70877E+11,2.71816E+11,2.72774E+11,2.73744E+11,2.74718E+11,2.75698E+11,2.76684E+11,2.77685E+11,2.78703E+11,2.79739E+11,2.80795E+11,2.81865E+11,2.82944E+11,2.84031E+11,2.85133E+11,2.86252E+11,2.87385E+11,2.88539E+11,2.89709E+11,2.90893E+11,2.92095E+11,2.93304E+11,2.94527E+11,2.95776E+11,2.97052E+11,2.98374E+11,2.9973E+11,3.01122E+11,3.02596E+11,3.04161E+11,3.058E+11,3.07531E+11,3.09266E+11,3.10968E+11,3.12626E+11,3.14204E+11,3.15718E+11,3.17218E+11,3.1868E+11,3.20142E+11,3.21646E+11,3.23199E+11,3.24777E+11,3.26323E+11,3.27802E+11,3.29235E+11,3.30653E+11,3.32062E+11,3.33466E+11,3.34871E+11,3.36308E+11,3.37758E+11,3.39199E+11,3.40623E+11,3.42027E+11,3.43412E+11,3.44771E+11,3.46095E+11,3.47386E+11,3.48668E+11,3.49995E+11,3.5137E+11,3.52737E+11,3.54071E+11,3.55363E+11,3.5668E+11,3.5801E+11,3.59343E+11,3.60682E+11,3.62069E+11,3.6339E+11,3.64502E+11,3.65978E+11,3.67364E+11,3.68711E+11,3.70074E+11,3.71427E+11,3.7267E+11,3.73697E+11,3.75094E+11,3.76494E+11,3.77875E+11,3.79261E+11,3.80668E+11,3.82064E+11,3.83356E+11,3.84807E+11,3.86158E+11,3.87648E+11,3.8914E+11,3.90604E+11,3.91983E+11,3.93212E+11,3.94774E+11,3.96326E+11,3.97859E+11,3.99384E+11,4.00903E+11,4.02425E+11,4.03927E+11,4.05448E+11,4.06982E+11,4.08515E+11,4.10038E+11,4.11543E+11,4.13033E+11,4.14508E+11,4.15966E+11,4.17393E+11,4.1878E+11,4.20125E+11,4.21436E+11,4.22713E+11,4.23942E+11,4.25123E+11,4.26263E+11,4.27376E+11,4.28458E+11,4.29516E+11,4.30557E+11,4.31578E+11,4.32584E+11,4.33566E+11,4.34519E+11,4.35449E+11,4.36345E+11,4.37206E+11,4.38043E+11,4.3886E+11,4.39659E+11,4.4044E+11,4.412E+11,4.41952E+11,4.42703E+11,4.43451E+11,4.44191E+11,4.44927E+11,4.45651E+11,4.46359E+11,4.47049E+11,4.4772E+11,4.48375E+11,4.49014E+11,4.49633E+11,4.50234E+11,4.50818E+11,4.51387E+11,4.51945E+11,4.52498E+11,4.53043E+11,4.5358E+11,4.54106E+11,4.5462E+11,4.55122E+11,4.55612E+11,4.56088E+11,4.56548E+11,4.56992E+11,4.5742E+11,4.57836E+11,4.58248E+11,4.58661E+11,4.59079E+11,4.59504E+11,4.59937E+11,4.60372E+11,4.60803E+11,4.61221E+11,4.61625E+11,4.62017E+11,4.62399E+11,4.62773E+11,4.63148E+11,4.63523E+11,4.63904E+11,4.64292E+11,4.64686E+11,4.65087E+11,4.65488E+11,4.65884E+11,4.66277E+11,4.66662E+11,4.67039E+11,4.67407E+11,4.67772E+11,4.68133E+11,4.68494E+11,4.68858E+11,4.69224E+11,4.69596E+11,4.6997E+11,4.70346E+11,4.7072E+11,4.71099E+11,4.71477E+11,4.71856E+11,4.72235E+11,4.72616E+11,4.72995E+11,4.73362E+11,4.7375E+11,4.7414E+11,4.74532E+11,4.74927E+11,4.75321E+11,4.75712E+11,4.76092E+11,4.76501E+11,4.7691E+11,4.77323E+11,4.77741E+11,4.78163E+11,4.78575E+11,4.7897E+11,4.79429E+11,4.7989E+11,4.8036E+11,4.80844E+11,4.81326E+11,4.81768E+11,4.82166E+11,4.82628E+11,4.83072E+11,4.83492E+11,4.83889E+11,4.84285E+11,4.84632E+11,4.84945E+11,4.8535E+11,4.85731E+11,4.86089E+11,4.86427E+11,4.8674E+11,4.86992E+11,4.87211E+11,4.87481E+11,4.8774E+11,4.87988E+11,4.88228E+11,4.88454E+11,4.88644E+11,4.88806E+11,4.88981E+11,4.89151E+11,4.89316E+11,4.89474E+11,4.89625E+11,4.89764E+11,4.89892E+11,4.90041E+11,4.90188E+11,4.90334E+11,4.9048E+11,4.90624E+11,4.90757E+11,4.90884E+11,4.9104E+11,4.91196E+11,4.91351E+11,4.91505E+11,4.91661E+11,4.91799E+11,4.91931E+11,4.92103E+11,4.92274E+11,4.92445E+11,4.92616E+11,4.92786E+11,4.92935E+11,4.93074E+11,4.93255E+11,4.93433E+11,4.93609E+11,4.93784E+11,4.93957E+11,4.94103E+11,4.94237E+11,4.94418E+11,4.94596E+11,4.94769E+11,4.94936E+11,4.95099E+11,4.95238E+11,4.95364E+11,4.9553E+11,4.95692E+11,4.95851E+11,4.96005E+11,4.96154E+11,4.96283E+11,4.96399E+11,4.96547E+11,4.96691E+11,4.96831E+11,4.96967E+11,4.971E+11,4.97213E+11,4.97315E+11,4.97447E+11,4.97576E+11,4.977E+11,4.97821E+11,4.97938E+11,4.9804E+11,4.98132E+11,4.98249E+11,4.98363E+11,4.98474E+11,4.98582E+11,4.98689E+11,4.98785E+11,4.98872E+11,4.98977E+11,4.9908E+11,4.99181E+11,4.99282E+11,4.99379E+11,4.99468E+11,4.99551E+11,4.99644E+11,4.99735E+11,4.99823E+11,4.99909E+11,4.99994E+11,5.00077E+11,5.00155E+11,5.0024E+11,5.00323E+11,5.00405E+11,5.00486E+11,5.00567E+11,5.00647E+11,5.00724E+11,5.00812E+11,5.00883E+11,5.00955E+11,5.01026E+11,5.01098E+11,5.01171E+11,5.01243E+11,5.01316E+11,5.01389E+11,5.01462E+11,5.01535E+11,5.01608E+11,5.01682E+11,5.01756E+11,5.0183E+11,5.01905E+11,5.0198E+11,5.02055E+11,5.0213E+11,5.02206E+11,5.02283E+11,5.0236E+11,5.02437E+11,5.02515E+11,5.02593E+11,5.02672E+11
"Cost of Deaths Cumulative[Hawaii]",0,0,0,0,0,0,0,0,0,0,0,0,0,0,0,0,0,0,0,0,0,0,0,0,0,0,0,0,0,1.01025,8.85957,34.1482,90.5501,193.607,359.894,606.515,950.84,1410.44,2003.19,2747.39,3661.77,4765.5,6078.28,7620.38,9412.95,11478.4,13841.1,16527.6,19566.8,22990,26831.2,31128.1,35921.9,41258,47185.9,53761.7,61051.1,69130.6,78088.4,88023.5,99045.7,111276,124845,139899,156594,175100,195600,218290,243377,271083,301640,335284,372242,412740,457003,505265,557772,614784,676580,743456,815737,893782,978001,1.06886E+06,1.16687E+06,1.2726E+06,1.3867E+06,1.50988E+06,1.6429E+06,1.78662E+06,1.94199E+06,2.11004E+06,2.29194E+06,2.48896E+06,2.70254E+06,2.93428E+06,3.18594E+06,3.45944E+06,3.75685E+06,4.08047E+06,4.43273E+06,4.81631E+06,5.23416E+06,5.68956E+06,6.18617E+06,6.72809E+06,7.31996E+06,7.96697E+06,8.67486E+06,9.48756E+06,1.04123E+07,1.1421E+07,1.25257E+07,1.37302E+07,1.50432E+07,1.64802E+07,1.80532E+07,1.97778E+07,2.16737E+07,2.37538E+07,2.60406E+07,2.8516E+07,3.12015E+07,3.41667E+07,3.74454E+07,4.10714E+07,4.50879E+07,4.95607E+07,5.45546E+07,6.01363E+07,6.63888E+07,7.34503E+07,8.15451E+07,9.08982E+07,1.01534E+08,1.1334E+08,1.26463E+08,1.41219E+08,1.57264E+08,1.74039E+08,1.91844E+08,2.11011E+08,2.31984E+08,2.54446E+08,2.77263E+08,3.00238E+08,3.24114E+08,3.48281E+08,3.71807E+08,3.94218E+08,4.15544E+08,4.36455E+08,4.57179E+08,4.76661E+08,4.9491E+08,5.12778E+08,5.30071E+08,5.46672E+08,5.62621E+08,5.77841E+08,5.92754E+08,6.07418E+08,6.21502E+08,6.35314E+08,6.49006E+08,6.62483E+08,6.751E+08,6.86587E+08,6.9745E+08,7.07793E+08,7.17713E+08,7.27076E+08,7.35685E+08,7.43941E+08,7.52278E+08,7.60345E+08,7.68178E+08,7.75576E+08,7.82616E+08,7.89544E+08,7.96227E+08,8.02408E+08,8.08233E+08,8.13743E+08,8.19013E+08,8.24007E+08,8.28664E+08,8.33035E+08,8.37222E+08,8.41278E+08,8.45226E+08,8.49056E+08,8.52841E+08,8.56631E+08,8.60346E+08,8.64067E+08,8.67631E+08,8.71002E+08,8.74245E+08,8.77339E+08,8.80275E+08,8.83107E+08,8.85664E+08,8.8805E+08,8.90384E+08,8.92652E+08,8.94871E+08,8.97065E+08,8.99237E+08,9.01421E+08,9.03634E+08,9.05858E+08,9.08057E+08,9.10235E+08,9.12381E+08,9.14492E+08,9.16595E+08,9.18669E+08,9.20695E+08,9.22728E+08,9.24771E+08,9.26844E+08,9.2892E+08,9.31016E+08,9.33182E+08,9.35402E+08,9.37651E+08,9.3994E+08,9.42317E+08,9.44808E+08,9.47419E+08,9.50145E+08,9.53021E+08,9.56135E+08,9.59554E+08,9.63219E+08,9.67091E+08,9.71165E+08,9.7543E+08,9.7989E+08,9.84522E+08,9.89342E+08,9.94425E+08,9.99817E+08,1.00552E+09,1.01162E+09,1.01815E+09,1.02514E+09,1.03269E+09,1.04092E+09,1.05004E+09,1.06007E+09,1.07079E+09,1.08254E+09,1.09517E+09,1.1086E+09,1.12322E+09,1.13888E+09,1.15531E+09,1.1729E+09,1.19032E+09,1.20794E+09,1.22634E+09,1.24399E+09,1.26178E+09,1.28024E+09,1.2988E+09,1.3168E+09,1.33494E+09,1.35294E+09,1.37144E+09,1.38967E+09,1.40696E+09,1.42357E+09,1.44037E+09,1.45679E+09,1.47273E+09,1.48829E+09,1.50355E+09,1.51866E+09,1.53365E+09,1.54837E+09,1.56284E+09,1.57697E+09,1.59075E+09,1.60416E+09,1.6173E+09,1.63014E+09,1.64263E+09,1.65479E+09,1.66673E+09,1.67844E+09,1.68974E+09,1.7007E+09,1.71145E+09,1.72203E+09,1.73245E+09,1.74267E+09,1.75271E+09,1.76256E+09,1.77223E+09,1.78175E+09,1.79111E+09,1.80034E+09,1.80944E+09,1.8184E+09,1.82723E+09,1.83593E+09,1.84454E+09,1.85304E+09,1.86146E+09,1.8698E+09,1.87807E+09,1.88627E+09,1.89443E+09,1.90268E+09,1.91114E+09,1.91984E+09,1.92843E+09,1.93695E+09,1.94545E+09,1.95394E+09,1.96236E+09,1.97085E+09,1.97975E+09,1.98927E+09,1.9989E+09,2.00947E+09,2.02143E+09,2.03283E+09,2.04358E+09,2.05372E+09,2.06317E+09,2.07245E+09,2.08125E+09,2.08958E+09,2.09801E+09,2.10645E+09,2.11492E+09,2.12344E+09,2.13197E+09,2.14053E+09,2.14927E+09,2.15809E+09,2.16669E+09,2.17497E+09,2.18293E+09,2.19077E+09,2.19853E+09,2.20625E+09,2.21395E+09,2.22168E+09,2.22945E+09,2.23727E+09,2.24513E+09,2.25306E+09,2.26095E+09,2.26885E+09,2.27669E+09,2.28444E+09,2.29217E+09,2.29988E+09,2.30755E+09,2.31522E+09,2.32288E+09,2.33054E+09,2.33822E+09,2.34593E+09,2.35365E+09,2.3614E+09,2.36915E+09,2.37691E+09,2.38465E+09,2.3924E+09,2.40015E+09,2.40793E+09,2.41574E+09,2.42361E+09,2.43154E+09,2.43956E+09,2.44766E+09,2.45586E+09,2.46416E+09,2.47255E+09,2.48103E+09,2.48958E+09,2.4982E+09,2.50692E+09,2.51576E+09,2.52473E+09,2.53383E+09,2.54306E+09,2.55243E+09,2.56201E+09,2.57178E+09,2.58176E+09,2.59204E+09,2.6025E+09,2.61314E+09,2.62394E+09,2.63481E+09,2.64581E+09,2.65691E+09,2.66795E+09,2.67915E+09,2.69061E+09,2.7023E+09,2.71437E+09,2.72707E+09,2.74013E+09,2.75339E+09,2.76697E+09,2.78116E+09,2.7974E+09,2.81522E+09,2.83225E+09,2.84851E+09,2.86384E+09,2.87834E+09,2.89152E+09,2.90353E+09,2.91521E+09,2.92676E+09,2.93816E+09,2.94941E+09,2.96049E+09,2.9714E+09,2.98214E+09,2.99271E+09,3.00311E+09,3.01335E+09,3.02341E+09,3.03333E+09,3.04308E+09,3.0527E+09,3.06217E+09,3.07147E+09,3.0806E+09,3.08959E+09,3.09839E+09,3.10706E+09,3.11557E+09,3.12391E+09,3.13212E+09,3.14018E+09,3.14809E+09,3.15587E+09,3.16352E+09,3.171E+09,3.17834E+09,3.18556E+09,3.19269E+09,3.19972E+09,3.20665E+09,3.2135E+09,3.22029E+09,3.22703E+09,3.23367E+09,3.24023E+09,3.24676E+09,3.25324E+09,3.2597E+09,3.26614E+09,3.27256E+09,3.279E+09,3.28549E+09,3.29197E+09,3.29846E+09,3.30499E+09,3.31156E+09,3.31818E+09,3.32488E+09,3.33165E+09,3.33849E+09,3.34542E+09,3.35242E+09,3.35953E+09,3.36676E+09,3.37413E+09,3.38165E+09,3.38932E+09,3.39715E+09,3.4052E+09,3.41345E+09,3.42188E+09,3.43053E+09,3.43942E+09,3.4486E+09,3.4581E+09,3.46793E+09,3.47815E+09,3.4888E+09,3.4999E+09,3.51149E+09,3.52359E+09,3.53621E+09,3.54944E+09,3.56335E+09,3.57796E+09,3.59337E+09,3.60959E+09,3.62648E+09,3.64374E+09,3.66119E+09,3.67899E+09,3.69723E+09,3.71579E+09,3.73468E+09,3.75385E+09,3.77353E+09,3.79377E+09,3.81401E+09,3.83393E+09,3.85367E+09,3.87309E+09,3.89214E+09,3.91095E+09,3.92952E+09,3.94779E+09,3.96588E+09,3.98374E+09,4.00141E+09,4.01887E+09,4.03596E+09,4.05271E+09,4.06932E+09,4.08569E+09,4.10169E+09,4.11748E+09,4.1331E+09,4.14849E+09,4.16372E+09,4.17874E+09,4.19357E+09,4.20832E+09,4.22289E+09,4.23732E+09,4.25165E+09,4.26581E+09,4.27981E+09,4.29372E+09,4.30752E+09,4.32122E+09,4.33485E+09,4.34841E+09,4.36196E+09,4.37557E+09,4.38909E+09,4.4026E+09,4.41622E+09,4.42982E+09,4.4434E+09,4.45705E+09,4.47081E+09,4.4847E+09,4.49875E+09,4.51289E+09,4.5271E+09,4.54145E+09,4.55576E+09,4.57007E+09,4.58456E+09,4.59926E+09,4.61406E+09,4.6289E+09,4.64398E+09,4.65921E+09,4.67447E+09,4.68979E+09,4.70512E+09,4.72056E+09,4.73618E+09,4.75186E+09,4.7677E+09,4.78371E+09,4.79988E+09,4.81631E+09,4.83301E+09,4.85002E+09,4.86742E+09,4.88561E+09,4.90552E+09,4.92679E+09,4.94919E+09,4.97301E+09,4.99816E+09,5.02389E+09,5.04878E+09,5.07149E+09,5.09394E+09,5.11617E+09,5.13779E+09,5.15863E+09,5.17911E+09,5.19934E+09,5.21937E+09,5.23907E+09,5.25841E+09,5.27721E+09,5.29592E+09,5.31468E+09,5.33275E+09,5.35006E+09,5.36673E+09,5.3826E+09,5.39813E+09,5.41311E+09,5.42745E+09,5.44115E+09,5.45443E+09,5.46732E+09,5.47992E+09,5.49222E+09,5.50424E+09,5.51589E+09,5.52726E+09,5.53836E+09,5.54923E+09,5.55987E+09,5.57028E+09,5.58058E+09,5.59087E+09,5.60092E+09,5.61076E+09,5.62053E+09,5.63027E+09,5.64003E+09,5.64985E+09,5.65976E+09,5.66982E+09,5.68007E+09,5.69057E+09,5.70139E+09,5.7126E+09,5.72427E+09,5.73649E+09,5.74937E+09,5.76302E+09,5.77757E+09,5.79315E+09,5.80993E+09,5.82808E+09,5.84783E+09,5.86965E+09,5.89434E+09,5.92195E+09,5.95298E+09,5.98771E+09,6.02602E+09,6.0679E+09,6.11264E+09,6.15927E+09,6.2056E+09,6.25132E+09,6.29803E+09,6.34582E+09,6.39418E+09,6.44239E+09,6.4908E+09,6.54003E+09,6.59035E+09,6.64006E+09,6.68866E+09,6.73653E+09,6.78462E+09,6.83185E+09,6.87822E+09,6.92375E+09,6.96844E+09,7.01226E+09,7.05472E+09,7.09561E+09,7.13558E+09,7.17474E+09,7.21316E+09,7.25057E+09,7.28702E+09,7.32254E+09,7.35723E+09,7.3912E+09,7.42434E+09,7.45666E+09,7.48824E+09,7.51901E+09,7.54921E+09,7.57885E+09,7.60795E+09,7.63665E+09,7.66481E+09,7.69245E+09,7.71973E+09,7.74631E+09,7.77225E+09,7.79759E+09,7.82238E+09,7.84709E+09,7.87156E+09,7.89568E+09,7.91982E+09,7.94383E+09,7.96708E+09,7.98991E+09,8.01165E+09,8.03231E+09,8.05222E+09,8.07161E+09,8.09075E+09,8.10976E+09,8.12835E+09,8.14684E+09,8.16545E+09,8.18364E+09,8.20108E+09,8.21828E+09,8.23511E+09,8.25166E+09,8.26775E+09,8.28351E+09,8.29914E+09,8.31469E+09,8.33E+09,8.34522E+09,8.36034E+09,8.37519E+09,8.38989E+09,8.40441E+09,8.41884E+09,8.43305E+09,8.44703E+09,8.46082E+09,8.47459E+09,8.48823E+09,8.50183E+09,8.51532E+09,8.52864E+09,8.54187E+09,8.55513E+09,8.56846E+09,8.58189E+09,8.59544E+09,8.60913E+09,8.62303E+09,8.63732E+09,8.65253E+09,8.66903E+09,8.68644E+09,8.70562E+09,8.72618E+09,8.74619E+09,8.76547E+09,8.78451E+09,8.80377E+09,8.82347E+09,8.84379E+09,8.86493E+09,8.88669E+09,8.90923E+09,8.9326E+09,8.95675E+09,8.98191E+09,9.00771E+09,9.03466E+09,9.06387E+09,9.09593E+09,9.1318E+09,9.16901E+09,9.20591E+09,9.24319E+09,9.27925E+09,9.31284E+09,9.34495E+09,9.37493E+09,9.40462E+09,9.43514E+09,9.466E+09,9.49673E+09,9.5263E+09,9.5562E+09,9.58732E+09,9.61856E+09,9.65109E+09,9.68364E+09,9.71576E+09,9.74811E+09,9.77957E+09,9.80887E+09,9.83824E+09,9.86846E+09,9.89979E+09,9.93255E+09,9.96675E+09,1.00023E+10,1.00395E+10,1.00796E+10,1.0124E+10,1.01764E+10,1.0244E+10,1.03099E+10,1.03763E+10,1.04498E+10,1.05163E+10,1.05939E+10,1.0678E+10,1.07701E+10,1.08701E+10,1.09741E+10,1.10663E+10,1.11455E+10,1.12143E+10,1.12764E+10,1.13324E+10,1.13857E+10,1.14363E+10,1.14857E+10,1.1535E+10,1.1584E+10,1.16326E+10,1.16814E+10,1.17298E+10,1.17778E+10,1.18259E+10,1.18733E+10,1.19191E+10,1.19637E+10,1.20082E+10,1.20502E+10,1.2088E+10,1.21231E+10,1.21567E+10,1.21897E+10,1.22217E+10,1.2253E+10,1.22844E+10,1.23163E+10,1.23483E+10,1.23795E+10,1.24093E+10,1.24388E+10,1.2467E+10,1.24944E+10,1.2522E+10,1.25498E+10,1.2578E+10,1.26073E+10,1.26358E+10,1.26648E+10,1.26953E+10,1.27255E+10,1.27558E+10,1.27865E+10,1.28175E+10,1.28495E+10,1.28805E+10,1.291E+10,1.29396E+10,1.29695E+10,1.29997E+10,1.30291E+10,1.30581E+10,1.30877E+10,1.31188E+10,1.31518E+10,1.31849E+10,1.32187E+10,1.32535E+10,1.3289E+10,1.33249E+10,1.336E+10,1.33952E+10,1.34322E+10,1.34718E+10,1.3514E+10,1.35581E+10,1.36043E+10,1.36534E+10,1.37054E+10,1.37597E+10,1.38155E+10,1.38733E+10,1.39332E+10,1.39965E+10,1.40639E+10,1.41333E+10,1.42035E+10,1.42776E+10,1.43549E+10,1.44355E+10,1.45186E+10,1.4602E+10,1.46853E+10,1.47667E+10,1.48558E+10,1.49433E+10,1.50303E+10,1.51152E+10,1.51979E+10,1.52753E+10,1.53489E+10,1.5433E+10,1.55181E+10,1.56051E+10,1.56943E+10,1.57835E+10,1.58601E+10,1.59311E+10,1.60228E+10,1.6114E+10,1.62038E+10,1.62918E+10,1.63798E+10,1.64545E+10,1.65262E+10,1.66291E+10,1.67288E+10,1.6826E+10,1.69211E+10,1.70143E+10,1.70872E+10,1.71561E+10,1.72551E+10,1.73512E+10,1.74456E+10,1.7538E+10,1.76277E+10,1.76961E+10,1.77622E+10,1.78536E+10,1.79427E+10,1.80302E+10,1.8118E+10,1.82061E+10,1.8275E+10,1.83371E+10,1.843E+10,1.85161E+10,1.85963E+10,1.86706E+10,1.87395E+10,1.87887E+10,1.88318E+10,1.88974E+10,1.8959E+10,1.90153E+10,1.90672E+10,1.91166E+10,1.91517E+10,1.91818E+10,1.92276E+10,1.92702E+10,1.93102E+10,1.93485E+10,1.9385E+10,1.94116E+10,1.94335E+10,1.94663E+10,1.94958E+10,1.95224E+10,1.95466E+10,1.95694E+10,1.95866E+10,1.96012E+10,1.96225E+10,1.96435E+10,1.96645E+10,1.9686E+10,1.97072E+10,1.9725E+10,1.97422E+10,1.97657E+10,1.97895E+10,1.98136E+10,1.98378E+10,1.98626E+10,1.98855E+10,1.99084E+10,1.99386E+10,1.99697E+10,2.00015E+10,2.00344E+10,2.00686E+10,2.00998E+10,2.01306E+10,2.01709E+10,2.02117E+10,2.02534E+10,2.02955E+10,2.03379E+10,2.03776E+10,2.04167E+10,2.0465E+10,2.05139E+10,2.05631E+10,2.06131E+10,2.0664E+10,2.07107E+10,2.07552E+10,2.08095E+10,2.08631E+10,2.09159E+10,2.09677E+10,2.1018E+10,2.10631E+10,2.1105E+10,2.11539E+10,2.12016E+10,2.12481E+10,2.12934E+10,2.13371E+10,2.13769E+10,2.14135E+10,2.14551E+10,2.14949E+10,2.1533E+10,2.15693E+10,2.16041E+10,2.16362E+10,2.16655E+10,2.16965E+10,2.17265E+10,2.17555E+10,2.17837E+10,2.18113E+10,2.18374E+10,2.18616E+10,2.18866E+10,2.19105E+10,2.19337E+10,2.19564E+10,2.19779E+10,2.19987E+10,2.20184E+10,2.2038E+10,2.2057E+10,2.20752E+10,2.20925E+10,2.21096E+10,2.21264E+10,2.2142E+10,2.21577E+10,2.21731E+10,2.21881E+10,2.22028E+10,2.22174E+10,2.22327E+10,2.22482E+10,2.22646E+10,2.22769E+10,2.22892E+10,2.23015E+10,2.23138E+10,2.23261E+10,2.23383E+10,2.23505E+10,2.23627E+10,2.23749E+10,2.2387E+10,2.23992E+10,2.24114E+10,2.24237E+10,2.2436E+10,2.24483E+10,2.24607E+10,2.24733E+10,2.24859E+10,2.24986E+10,2.25115E+10,2.25245E+10,2.25377E+10,2.2551E+10,2.25645E+10,2.25782E+10
"Cost of Deaths Cumulative[Idaho]",0,0,0,0,0,0,0,0,0,0,0,0,0,0,0,0,0,0,0,0,0,0,0,0,0,0,0,0,0,0,0,0,0,0,0,0,0,0,0,0,0,0,0,0,4.04866,99.3192,551.254,1805.12,4494.54,9473.14,17875,31208.4,51485.5,81410.5,124644,186159,272710,393470,560871,791755,1.1089E+06,1.54324E+06,2.13701E+06,2.94816E+06,4.05566E+06,5.56516E+06,7.61797E+06,1.04031E+07,1.41733E+07,1.92634E+07,2.61167E+07,3.53179E+07,4.76379E+07,6.40917E+07,8.17803E+07,9.71523E+07,1.10522E+08,1.22134E+08,1.32177E+08,1.41386E+08,1.52984E+08,1.68196E+08,1.88116E+08,2.14141E+08,2.48059E+08,2.92135E+08,3.49204E+08,4.22579E+08,5.15444E+08,6.30253E+08,7.68458E+08,9.30466E+08,1.11573E+09,1.3229E+09,1.55E+09,1.79461E+09,2.05404E+09,2.32548E+09,2.60613E+09,2.89324E+09,3.18425E+09,3.47676E+09,3.76863E+09,4.05794E+09,4.34302E+09,4.62245E+09,4.89501E+09,5.15972E+09,5.41578E+09,5.66252E+09,5.89943E+09,6.12622E+09,6.34247E+09,6.54815E+09,6.74381E+09,6.92933E+09,7.10481E+09,7.27059E+09,7.42694E+09,7.57435E+09,7.71307E+09,7.84307E+09,7.96467E+09,8.07861E+09,8.18465E+09,8.28356E+09,8.37501E+09,8.45826E+09,8.5347E+09,8.60539E+09,8.67065E+09,8.73064E+09,8.78569E+09,8.83616E+09,8.8824E+09,8.92464E+09,8.96306E+09,8.99793E+09,9.02942E+09,9.05752E+09,9.08254E+09,9.10464E+09,9.12431E+09,9.14213E+09,9.15874E+09,9.17462E+09,9.18985E+09,9.20483E+09,9.21949E+09,9.23359E+09,9.24716E+09,9.26016E+09,9.27282E+09,9.28515E+09,9.2971E+09,9.3087E+09,9.31988E+09,9.33059E+09,9.34088E+09,9.35068E+09,9.3601E+09,9.36934E+09,9.3784E+09,9.38728E+09,9.39589E+09,9.40412E+09,9.41201E+09,9.41969E+09,9.42705E+09,9.43413E+09,9.44097E+09,9.44761E+09,9.45409E+09,9.4604E+09,9.46646E+09,9.47232E+09,9.47801E+09,9.48353E+09,9.48893E+09,9.4943E+09,9.49956E+09,9.5047E+09,9.50972E+09,9.51457E+09,9.51929E+09,9.52392E+09,9.52844E+09,9.5329E+09,9.53737E+09,9.54193E+09,9.54656E+09,9.55125E+09,9.55598E+09,9.56088E+09,9.56601E+09,9.57121E+09,9.57638E+09,9.58154E+09,9.58671E+09,9.59186E+09,9.59699E+09,9.60208E+09,9.60724E+09,9.61256E+09,9.6181E+09,9.62391E+09,9.62996E+09,9.63611E+09,9.64221E+09,9.64832E+09,9.65452E+09,9.6608E+09,9.66723E+09,9.67388E+09,9.68079E+09,9.68799E+09,9.69542E+09,9.703E+09,9.71056E+09,9.71811E+09,9.72576E+09,9.7335E+09,9.7412E+09,9.74899E+09,9.75699E+09,9.76536E+09,9.77412E+09,9.78321E+09,9.79287E+09,9.80311E+09,9.81372E+09,9.82469E+09,9.83595E+09,9.84778E+09,9.86045E+09,9.87382E+09,9.88783E+09,9.90273E+09,9.91904E+09,9.93634E+09,9.9542E+09,9.97242E+09,9.99098E+09,1.00105E+10,1.00315E+10,1.00529E+10,1.00758E+10,1.01004E+10,1.01265E+10,1.01547E+10,1.01849E+10,1.02164E+10,1.02502E+10,1.02862E+10,1.03247E+10,1.03668E+10,1.04127E+10,1.0462E+10,1.05149E+10,1.05707E+10,1.06286E+10,1.0689E+10,1.0751E+10,1.08134E+10,1.08762E+10,1.09387E+10,1.10001E+10,1.10611E+10,1.11212E+10,1.11808E+10,1.12406E+10,1.13002E+10,1.13586E+10,1.14161E+10,1.14722E+10,1.15274E+10,1.15814E+10,1.16332E+10,1.16825E+10,1.17303E+10,1.17772E+10,1.18232E+10,1.1868E+10,1.19111E+10,1.19528E+10,1.19932E+10,1.20335E+10,1.20744E+10,1.21156E+10,1.21552E+10,1.21934E+10,1.22306E+10,1.22673E+10,1.23022E+10,1.23349E+10,1.23659E+10,1.23968E+10,1.24275E+10,1.24582E+10,1.24896E+10,1.25216E+10,1.25534E+10,1.25846E+10,1.26149E+10,1.2645E+10,1.26742E+10,1.27024E+10,1.27302E+10,1.27579E+10,1.27852E+10,1.28119E+10,1.28389E+10,1.28667E+10,1.28952E+10,1.29245E+10,1.29539E+10,1.29838E+10,1.30146E+10,1.3046E+10,1.30775E+10,1.31098E+10,1.31438E+10,1.31799E+10,1.32171E+10,1.32553E+10,1.32945E+10,1.33352E+10,1.33769E+10,1.34181E+10,1.34599E+10,1.3505E+10,1.35531E+10,1.36026E+10,1.36534E+10,1.37059E+10,1.37608E+10,1.38173E+10,1.38756E+10,1.39378E+10,1.4005E+10,1.40753E+10,1.41485E+10,1.42241E+10,1.43023E+10,1.43818E+10,1.44604E+10,1.45404E+10,1.46231E+10,1.47075E+10,1.47929E+10,1.48785E+10,1.49645E+10,1.50514E+10,1.51374E+10,1.52223E+10,1.53055E+10,1.53857E+10,1.54632E+10,1.5537E+10,1.56079E+10,1.56759E+10,1.57413E+10,1.58041E+10,1.58645E+10,1.59232E+10,1.598E+10,1.60346E+10,1.60879E+10,1.61396E+10,1.61898E+10,1.62387E+10,1.62859E+10,1.63317E+10,1.63767E+10,1.64211E+10,1.64648E+10,1.65083E+10,1.65516E+10,1.65958E+10,1.66423E+10,1.66902E+10,1.67391E+10,1.67901E+10,1.68423E+10,1.6895E+10,1.69472E+10,1.69976E+10,1.70482E+10,1.71001E+10,1.71532E+10,1.72082E+10,1.72659E+10,1.7326E+10,1.73895E+10,1.74575E+10,1.75295E+10,1.76053E+10,1.76844E+10,1.77667E+10,1.7852E+10,1.79406E+10,1.80331E+10,1.81299E+10,1.82306E+10,1.83357E+10,1.84474E+10,1.85683E+10,1.86984E+10,1.88355E+10,1.89744E+10,1.91117E+10,1.92465E+10,1.9376E+10,1.94996E+10,1.96164E+10,1.97263E+10,1.98312E+10,1.99313E+10,2.00244E+10,2.01111E+10,2.0191E+10,2.02643E+10,2.03316E+10,2.03948E+10,2.04558E+10,2.05154E+10,2.0573E+10,2.06294E+10,2.06845E+10,2.07383E+10,2.07912E+10,2.0842E+10,2.08907E+10,2.09386E+10,2.09852E+10,2.10304E+10,2.10741E+10,2.1116E+10,2.11572E+10,2.11977E+10,2.12372E+10,2.12763E+10,2.13148E+10,2.13532E+10,2.13915E+10,2.14294E+10,2.14672E+10,2.15048E+10,2.1542E+10,2.15797E+10,2.16176E+10,2.16551E+10,2.16928E+10,2.17309E+10,2.17694E+10,2.18083E+10,2.18475E+10,2.18875E+10,2.19285E+10,2.19696E+10,2.20111E+10,2.20541E+10,2.20983E+10,2.2142E+10,2.21859E+10,2.22301E+10,2.22751E+10,2.23201E+10,2.23642E+10,2.24081E+10,2.24525E+10,2.24965E+10,2.25415E+10,2.25867E+10,2.26326E+10,2.26801E+10,2.27287E+10,2.27786E+10,2.28309E+10,2.28834E+10,2.29366E+10,2.29896E+10,2.3042E+10,2.3095E+10,2.31482E+10,2.3201E+10,2.32539E+10,2.3307E+10,2.33603E+10,2.34139E+10,2.34664E+10,2.35189E+10,2.35715E+10,2.3624E+10,2.36765E+10,2.37297E+10,2.37845E+10,2.38414E+10,2.38993E+10,2.39578E+10,2.40168E+10,2.4076E+10,2.41348E+10,2.41924E+10,2.42489E+10,2.43051E+10,2.43606E+10,2.44161E+10,2.44715E+10,2.45269E+10,2.45824E+10,2.46374E+10,2.46921E+10,2.47473E+10,2.48023E+10,2.4857E+10,2.49118E+10,2.49674E+10,2.50241E+10,2.50812E+10,2.51387E+10,2.51955E+10,2.52524E+10,2.53093E+10,2.53657E+10,2.54213E+10,2.54769E+10,2.55327E+10,2.5589E+10,2.56452E+10,2.57013E+10,2.57572E+10,2.58145E+10,2.58726E+10,2.59297E+10,2.59867E+10,2.60438E+10,2.61011E+10,2.6159E+10,2.62167E+10,2.62746E+10,2.63338E+10,2.63928E+10,2.64514E+10,2.65094E+10,2.65673E+10,2.66249E+10,2.66819E+10,2.67384E+10,2.67941E+10,2.68497E+10,2.69053E+10,2.69606E+10,2.70162E+10,2.70711E+10,2.71255E+10,2.718E+10,2.72342E+10,2.7288E+10,2.7342E+10,2.73963E+10,2.74505E+10,2.75047E+10,2.75589E+10,2.76137E+10,2.76703E+10,2.77267E+10,2.77818E+10,2.78363E+10,2.78902E+10,2.79431E+10,2.79948E+10,2.8045E+10,2.80951E+10,2.81456E+10,2.81968E+10,2.82478E+10,2.82989E+10,2.835E+10,2.84011E+10,2.84528E+10,2.85046E+10,2.85564E+10,2.8609E+10,2.8662E+10,2.87153E+10,2.8769E+10,2.8823E+10,2.88775E+10,2.89326E+10,2.89881E+10,2.90432E+10,2.90981E+10,2.91532E+10,2.92083E+10,2.92634E+10,2.93186E+10,2.93735E+10,2.94291E+10,2.94854E+10,2.95417E+10,2.95976E+10,2.96529E+10,2.97066E+10,2.97596E+10,2.98124E+10,2.98648E+10,2.9917E+10,2.99701E+10,3.00235E+10,3.00778E+10,3.01327E+10,3.01882E+10,3.02442E+10,3.03001E+10,3.03562E+10,3.04127E+10,3.04696E+10,3.05267E+10,3.05842E+10,3.06426E+10,3.07019E+10,3.07618E+10,3.08227E+10,3.08839E+10,3.09461E+10,3.10099E+10,3.10751E+10,3.11414E+10,3.12089E+10,3.12771E+10,3.13471E+10,3.14194E+10,3.14943E+10,3.15726E+10,3.16544E+10,3.17393E+10,3.18272E+10,3.19188E+10,3.20153E+10,3.21179E+10,3.2226E+10,3.23383E+10,3.24545E+10,3.25749E+10,3.26984E+10,3.28234E+10,3.29489E+10,3.3074E+10,3.31978E+10,3.33185E+10,3.34369E+10,3.35531E+10,3.36668E+10,3.37769E+10,3.38827E+10,3.39835E+10,3.40792E+10,3.41714E+10,3.42625E+10,3.43508E+10,3.44341E+10,3.45153E+10,3.45966E+10,3.46763E+10,3.47505E+10,3.48174E+10,3.48798E+10,3.49404E+10,3.49985E+10,3.50538E+10,3.51074E+10,3.516E+10,3.52119E+10,3.52635E+10,3.53148E+10,3.53663E+10,3.54178E+10,3.54696E+10,3.5522E+10,3.55751E+10,3.5629E+10,3.56843E+10,3.57409E+10,3.57982E+10,3.58573E+10,3.59186E+10,3.59827E+10,3.60503E+10,3.61206E+10,3.61938E+10,3.62707E+10,3.63513E+10,3.64359E+10,3.65259E+10,3.66213E+10,3.67222E+10,3.68295E+10,3.69446E+10,3.70688E+10,3.72002E+10,3.73384E+10,3.7483E+10,3.76333E+10,3.7788E+10,3.79456E+10,3.81056E+10,3.82684E+10,3.84319E+10,3.85946E+10,3.87562E+10,3.89168E+10,3.9077E+10,3.92353E+10,3.9391E+10,3.95446E+10,3.9695E+10,3.98408E+10,3.99824E+10,4.01195E+10,4.02518E+10,4.03776E+10,4.04976E+10,4.06122E+10,4.07227E+10,4.08285E+10,4.09297E+10,4.1027E+10,4.11217E+10,4.12149E+10,4.1306E+10,4.13942E+10,4.14797E+10,4.15629E+10,4.16447E+10,4.17246E+10,4.18026E+10,4.18799E+10,4.19567E+10,4.20334E+10,4.2111E+10,4.21901E+10,4.22735E+10,4.23633E+10,4.24571E+10,4.25519E+10,4.26473E+10,4.27437E+10,4.28411E+10,4.29378E+10,4.30323E+10,4.31284E+10,4.32294E+10,4.33366E+10,4.34503E+10,4.35706E+10,4.36982E+10,4.38344E+10,4.39795E+10,4.41327E+10,4.42922E+10,4.44582E+10,4.46309E+10,4.48089E+10,4.49897E+10,4.51742E+10,4.53619E+10,4.55529E+10,4.57462E+10,4.594E+10,4.61331E+10,4.63266E+10,4.65206E+10,4.67139E+10,4.69012E+10,4.70806E+10,4.72528E+10,4.74183E+10,4.7575E+10,4.77214E+10,4.78581E+10,4.79858E+10,4.81023E+10,4.82077E+10,4.83045E+10,4.83941E+10,4.84771E+10,4.85566E+10,4.86339E+10,4.87097E+10,4.87833E+10,4.88538E+10,4.89217E+10,4.89886E+10,4.90549E+10,4.91214E+10,4.91879E+10,4.92532E+10,4.93195E+10,4.93878E+10,4.94577E+10,4.95289E+10,4.9601E+10,4.9675E+10,4.97536E+10,4.98379E+10,4.99291E+10,5.00276E+10,5.01309E+10,5.02398E+10,5.03555E+10,5.04763E+10,5.0601E+10,5.07275E+10,5.08568E+10,5.09903E+10,5.11284E+10,5.12721E+10,5.14223E+10,5.1576E+10,5.17293E+10,5.18915E+10,5.20588E+10,5.22275E+10,5.2397E+10,5.25635E+10,5.27185E+10,5.28746E+10,5.30332E+10,5.31969E+10,5.33643E+10,5.35302E+10,5.36926E+10,5.38295E+10,5.3966E+10,5.41035E+10,5.42599E+10,5.44181E+10,5.45634E+10,5.4685E+10,5.48179E+10,5.4947E+10,5.50755E+10,5.52003E+10,5.53209E+10,5.5437E+10,5.55487E+10,5.56595E+10,5.57665E+10,5.587E+10,5.59702E+10,5.6067E+10,5.61603E+10,5.62493E+10,5.63345E+10,5.64164E+10,5.64959E+10,5.65732E+10,5.66484E+10,5.67226E+10,5.67962E+10,5.68686E+10,5.694E+10,5.70096E+10,5.7077E+10,5.7143E+10,5.72069E+10,5.72688E+10,5.73295E+10,5.73889E+10,5.74472E+10,5.75044E+10,5.75601E+10,5.76151E+10,5.76697E+10,5.77232E+10,5.77757E+10,5.78267E+10,5.78765E+10,5.79251E+10,5.79725E+10,5.80187E+10,5.80638E+10,5.81079E+10,5.81513E+10,5.81938E+10,5.82357E+10,5.82775E+10,5.83196E+10,5.83621E+10,5.84045E+10,5.84466E+10,5.8488E+10,5.85284E+10,5.8567E+10,5.86036E+10,5.86387E+10,5.86728E+10,5.87064E+10,5.87397E+10,5.87731E+10,5.88069E+10,5.88413E+10,5.88763E+10,5.89116E+10,5.89465E+10,5.89811E+10,5.90156E+10,5.90496E+10,5.90832E+10,5.91164E+10,5.91494E+10,5.91823E+10,5.92153E+10,5.92482E+10,5.9281E+10,5.93139E+10,5.93465E+10,5.93785E+10,5.94107E+10,5.94432E+10,5.9476E+10,5.9509E+10,5.95422E+10,5.95757E+10,5.96102E+10,5.96457E+10,5.96816E+10,5.97185E+10,5.97568E+10,5.97954E+10,5.98335E+10,5.9869E+10,5.99038E+10,5.99374E+10,5.99694E+10,5.99997E+10,6.00294E+10,6.00594E+10,6.00894E+10,6.01193E+10,6.01478E+10,6.01752E+10,6.02016E+10,6.02266E+10,6.02502E+10,6.02725E+10,6.0294E+10,6.03148E+10,6.03352E+10,6.03554E+10,6.03749E+10,6.0393E+10,6.04095E+10,6.04263E+10,6.04422E+10,6.04576E+10,6.04723E+10,6.04865E+10,6.05E+10,6.05125E+10,6.05248E+10,6.05374E+10,6.05504E+10,6.05638E+10,6.05772E+10,6.05908E+10,6.06045E+10,6.06193E+10,6.06344E+10,6.06503E+10,6.06667E+10,6.06838E+10,6.07014E+10,6.07195E+10,6.07382E+10,6.07574E+10,6.07769E+10,6.07969E+10,6.0817E+10,6.08372E+10,6.08575E+10,6.08783E+10,6.08994E+10,6.09206E+10,6.09419E+10,6.09635E+10,6.09854E+10,6.10071E+10,6.10291E+10,6.10511E+10,6.1073E+10,6.10947E+10,6.1116E+10,6.11371E+10,6.11583E+10,6.11793E+10,6.12002E+10,6.1221E+10,6.12417E+10,6.12623E+10,6.12825E+10,6.13026E+10,6.13223E+10,6.13418E+10,6.13608E+10,6.13794E+10,6.13977E+10,6.14157E+10,6.14335E+10,6.14509E+10,6.14679E+10,6.14847E+10,6.15009E+10,6.15167E+10,6.15321E+10,6.15471E+10,6.15618E+10,6.15763E+10,6.15905E+10,6.16046E+10,6.16184E+10,6.16321E+10,6.16455E+10,6.16587E+10,6.16716E+10,6.16845E+10,6.16973E+10,6.171E+10,6.17223E+10,6.17344E+10,6.17462E+10,6.17578E+10,6.17691E+10,6.17801E+10,6.1791E+10,6.18018E+10,6.18125E+10,6.18231E+10,6.18335E+10,6.18439E+10,6.18542E+10,6.18644E+10,6.18747E+10,6.18851E+10,6.18961E+10,6.19056E+10,6.19151E+10,6.19245E+10,6.1934E+10,6.19434E+10,6.19528E+10,6.19621E+10,6.19715E+10,6.19809E+10,6.19902E+10,6.19995E+10,6.20089E+10,6.20182E+10,6.20275E+10,6.20369E+10,6.20463E+10,6.20557E+10,6.20651E+10,6.20746E+10,6.20841E+10,6.20937E+10,6.21033E+10,6.2113E+10,6.21227E+10,6.21325E+10
"Cost of Deaths Cumulative[Illinois]",0,0,0,0,0,0,0,0,0,0,0,0,0,0,0,0,0,0,0,0,0,0,0,0,0,0,0,0,0,0,0,0,0,0.904279,12.0239,54.6016,159.572,365.969,719.749,1272.8,2082.72,3213.92,4740.2,6747.64,9337.47,12628.5,16757.8,21880.2,28169.4,35821.9,45062.1,56150.8,69394.6,85158.4,103884,126115,152525,183929,221305,265805,318795,381923,457213,547170,654900,784233,939855,1.12743E+06,1.35371E+06,1.6267E+06,1.9557E+06,2.35138E+06,2.8441E+06,3.45143E+06,4.17167E+06,5.02402E+06,6.03156E+06,7.22025E+06,8.61879E+06,1.0259E+07,1.21767E+07,1.44119E+07,1.70097E+07,2.00211E+07,2.35043E+07,2.75264E+07,3.2165E+07,3.751E+07,4.3666E+07,5.07566E+07,5.89286E+07,6.83551E+07,7.924E+07,9.18242E+07,1.06391E+08,1.23275E+08,1.42871E+08,1.65649E+08,1.92155E+08,2.2302E+08,2.58962E+08,3.00811E+08,3.49539E+08,4.06276E+08,4.72309E+08,5.49088E+08,6.38235E+08,7.41558E+08,8.61061E+08,9.98958E+08,1.15657E+09,1.33769E+09,1.54579E+09,1.78375E+09,2.05499E+09,2.36374E+09,2.71362E+09,3.10808E+09,3.55068E+09,4.0441E+09,4.59072E+09,5.1933E+09,5.85357E+09,6.57217E+09,7.34734E+09,8.17734E+09,9.06044E+09,9.99725E+09,1.09898E+10,1.20375E+10,1.31358E+10,1.42789E+10,1.54653E+10,1.66942E+10,1.79589E+10,1.92549E+10,2.0583E+10,2.19373E+10,2.33124E+10,2.47059E+10,2.61128E+10,2.75295E+10,2.89517E+10,3.03716E+10,3.1787E+10,3.32016E+10,3.4613E+10,3.6018E+10,3.74168E+10,3.88065E+10,4.01887E+10,4.15617E+10,4.29107E+10,4.42311E+10,4.55241E+10,4.67861E+10,4.80154E+10,4.92186E+10,5.03925E+10,5.15312E+10,5.26337E+10,5.3697E+10,5.47214E+10,5.57099E+10,5.66655E+10,5.75906E+10,5.84888E+10,5.93634E+10,6.02182E+10,6.10541E+10,6.18727E+10,6.26721E+10,6.34504E+10,6.42053E+10,6.49368E+10,6.56434E+10,6.63203E+10,6.69695E+10,6.76025E+10,6.82201E+10,6.88128E+10,6.93804E+10,6.99303E+10,7.04658E+10,7.09846E+10,7.14851E+10,7.19693E+10,7.24401E+10,7.28959E+10,7.33363E+10,7.37658E+10,7.41871E+10,7.4596E+10,7.49973E+10,7.53956E+10,7.57816E+10,7.61516E+10,7.65005E+10,7.68293E+10,7.71456E+10,7.74482E+10,7.77353E+10,7.80143E+10,7.82867E+10,7.85531E+10,7.88124E+10,7.90634E+10,7.93033E+10,7.95305E+10,7.97473E+10,7.99546E+10,8.01538E+10,8.03441E+10,8.05258E+10,8.0701E+10,8.087E+10,8.10327E+10,8.11885E+10,8.13375E+10,8.14815E+10,8.16197E+10,8.17499E+10,8.18716E+10,8.1988E+10,8.21012E+10,8.22119E+10,8.23205E+10,8.24271E+10,8.25318E+10,8.26352E+10,8.27382E+10,8.28407E+10,8.29424E+10,8.30436E+10,8.31444E+10,8.32436E+10,8.33414E+10,8.34378E+10,8.35328E+10,8.3626E+10,8.37166E+10,8.38052E+10,8.38928E+10,8.39791E+10,8.40642E+10,8.41483E+10,8.42319E+10,8.43148E+10,8.43974E+10,8.44799E+10,8.45622E+10,8.46444E+10,8.47265E+10,8.48087E+10,8.48911E+10,8.49734E+10,8.50561E+10,8.51391E+10,8.52224E+10,8.53062E+10,8.53906E+10,8.54757E+10,8.55613E+10,8.56478E+10,8.57353E+10,8.58241E+10,8.59138E+10,8.60043E+10,8.60955E+10,8.61879E+10,8.62814E+10,8.63762E+10,8.64719E+10,8.65689E+10,8.66676E+10,8.67682E+10,8.68698E+10,8.69724E+10,8.70759E+10,8.71804E+10,8.72859E+10,8.73922E+10,8.74994E+10,8.76081E+10,8.77185E+10,8.78302E+10,8.79433E+10,8.8058E+10,8.81745E+10,8.82927E+10,8.84122E+10,8.85334E+10,8.86567E+10,8.87824E+10,8.89101E+10,8.90399E+10,8.91724E+10,8.93081E+10,8.94478E+10,8.9592E+10,8.97388E+10,8.98879E+10,9.00389E+10,9.01915E+10,9.03462E+10,9.0503E+10,9.06606E+10,9.08206E+10,9.09829E+10,9.11479E+10,9.13165E+10,9.14888E+10,9.16636E+10,9.18407E+10,9.20204E+10,9.22034E+10,9.23894E+10,9.25782E+10,9.27698E+10,9.2965E+10,9.31638E+10,9.33658E+10,9.35714E+10,9.37804E+10,9.39927E+10,9.42081E+10,9.44266E+10,9.46477E+10,9.48707E+10,9.50954E+10,9.53222E+10,9.55517E+10,9.57844E+10,9.60207E+10,9.6262E+10,9.65086E+10,9.67589E+10,9.70137E+10,9.72734E+10,9.7538E+10,9.78078E+10,9.80812E+10,9.83587E+10,9.86415E+10,9.89296E+10,9.92237E+10,9.95241E+10,9.98306E+10,1.00144E+11,1.00465E+11,1.00792E+11,1.01125E+11,1.01465E+11,1.01811E+11,1.02166E+11,1.02529E+11,1.02903E+11,1.03285E+11,1.03675E+11,1.04073E+11,1.04481E+11,1.04897E+11,1.05322E+11,1.05759E+11,1.0621E+11,1.06673E+11,1.07151E+11,1.07645E+11,1.08154E+11,1.08677E+11,1.09211E+11,1.09758E+11,1.10321E+11,1.10898E+11,1.1149E+11,1.12096E+11,1.12717E+11,1.13356E+11,1.14022E+11,1.14737E+11,1.15492E+11,1.16269E+11,1.17058E+11,1.17862E+11,1.18673E+11,1.19466E+11,1.20224E+11,1.20969E+11,1.21714E+11,1.22464E+11,1.23216E+11,1.23968E+11,1.24723E+11,1.25476E+11,1.26233E+11,1.26993E+11,1.27755E+11,1.28515E+11,1.29275E+11,1.3004E+11,1.30803E+11,1.31558E+11,1.32306E+11,1.33052E+11,1.33794E+11,1.34532E+11,1.3527E+11,1.36033E+11,1.36833E+11,1.3764E+11,1.3844E+11,1.39232E+11,1.40014E+11,1.4078E+11,1.4152E+11,1.4224E+11,1.42941E+11,1.4362E+11,1.44277E+11,1.44912E+11,1.45525E+11,1.46107E+11,1.46663E+11,1.4721E+11,1.4775E+11,1.48282E+11,1.48809E+11,1.49332E+11,1.49852E+11,1.50366E+11,1.50873E+11,1.51378E+11,1.51879E+11,1.52374E+11,1.52867E+11,1.53354E+11,1.53837E+11,1.54319E+11,1.54797E+11,1.55274E+11,1.5575E+11,1.56224E+11,1.56698E+11,1.5717E+11,1.5764E+11,1.58107E+11,1.58571E+11,1.59029E+11,1.59483E+11,1.59935E+11,1.60382E+11,1.60826E+11,1.61266E+11,1.617E+11,1.62131E+11,1.62558E+11,1.62981E+11,1.63402E+11,1.63819E+11,1.64236E+11,1.64661E+11,1.65096E+11,1.65531E+11,1.65964E+11,1.66391E+11,1.66814E+11,1.67231E+11,1.67635E+11,1.6803E+11,1.68424E+11,1.68819E+11,1.69217E+11,1.69617E+11,1.70018E+11,1.70421E+11,1.70827E+11,1.71232E+11,1.71637E+11,1.72044E+11,1.72449E+11,1.72853E+11,1.73255E+11,1.73653E+11,1.7405E+11,1.74445E+11,1.74838E+11,1.75229E+11,1.75618E+11,1.76006E+11,1.76391E+11,1.76773E+11,1.77153E+11,1.7753E+11,1.77905E+11,1.78275E+11,1.78643E+11,1.7901E+11,1.79374E+11,1.79734E+11,1.80092E+11,1.80447E+11,1.80799E+11,1.81148E+11,1.81493E+11,1.81836E+11,1.82177E+11,1.82516E+11,1.82852E+11,1.83186E+11,1.83515E+11,1.83839E+11,1.84158E+11,1.84472E+11,1.84781E+11,1.85088E+11,1.8539E+11,1.8569E+11,1.85988E+11,1.86283E+11,1.86576E+11,1.86866E+11,1.87155E+11,1.87441E+11,1.87726E+11,1.88009E+11,1.88291E+11,1.8857E+11,1.88849E+11,1.89125E+11,1.894E+11,1.89674E+11,1.89946E+11,1.90218E+11,1.90488E+11,1.90758E+11,1.91027E+11,1.91296E+11,1.91564E+11,1.91833E+11,1.92101E+11,1.92369E+11,1.92638E+11,1.92909E+11,1.93179E+11,1.93451E+11,1.93724E+11,1.93999E+11,1.94275E+11,1.94553E+11,1.9483E+11,1.95109E+11,1.9539E+11,1.95673E+11,1.9596E+11,1.96251E+11,1.96544E+11,1.9684E+11,1.97137E+11,1.97438E+11,1.97744E+11,1.98055E+11,1.98369E+11,1.98689E+11,1.99011E+11,1.99344E+11,1.99696E+11,2.00053E+11,2.00405E+11,2.00756E+11,2.01105E+11,2.01452E+11,2.01792E+11,2.02121E+11,2.02456E+11,2.02802E+11,2.03151E+11,2.03503E+11,2.0385E+11,2.0419E+11,2.04524E+11,2.04856E+11,2.05188E+11,2.05519E+11,2.0585E+11,2.0618E+11,2.06509E+11,2.06837E+11,2.07161E+11,2.07477E+11,2.07791E+11,2.08106E+11,2.08416E+11,2.08726E+11,2.09038E+11,2.09357E+11,2.09686E+11,2.10017E+11,2.10352E+11,2.10695E+11,2.1105E+11,2.1142E+11,2.11781E+11,2.12128E+11,2.12465E+11,2.12795E+11,2.13123E+11,2.13444E+11,2.1376E+11,2.14084E+11,2.1442E+11,2.14766E+11,2.15122E+11,2.15487E+11,2.15865E+11,2.16254E+11,2.16654E+11,2.17069E+11,2.175E+11,2.1795E+11,2.18424E+11,2.18928E+11,2.19463E+11,2.2003E+11,2.20628E+11,2.21264E+11,2.21947E+11,2.22684E+11,2.23477E+11,2.24327E+11,2.25239E+11,2.26212E+11,2.27256E+11,2.28381E+11,2.2959E+11,2.30883E+11,2.32256E+11,2.33707E+11,2.35248E+11,2.36874E+11,2.38569E+11,2.40338E+11,2.4218E+11,2.44077E+11,2.4602E+11,2.48005E+11,2.50016E+11,2.5206E+11,2.54155E+11,2.56336E+11,2.58625E+11,2.60927E+11,2.63193E+11,2.65449E+11,2.67692E+11,2.69913E+11,2.72059E+11,2.74099E+11,2.76098E+11,2.78096E+11,2.80097E+11,2.82099E+11,2.84097E+11,2.86133E+11,2.88229E+11,2.90317E+11,2.92357E+11,2.94327E+11,2.96247E+11,2.98135E+11,2.99958E+11,3.01695E+11,3.03384E+11,3.05039E+11,3.06665E+11,3.08267E+11,3.09841E+11,3.11385E+11,3.12888E+11,3.14348E+11,3.15774E+11,3.1716E+11,3.18503E+11,3.19817E+11,3.21101E+11,3.22348E+11,3.23558E+11,3.24729E+11,3.25871E+11,3.26985E+11,3.28067E+11,3.29124E+11,3.30152E+11,3.31151E+11,3.32125E+11,3.33072E+11,3.33995E+11,3.34898E+11,3.35782E+11,3.36654E+11,3.37516E+11,3.38356E+11,3.39173E+11,3.39969E+11,3.40747E+11,3.41505E+11,3.4224E+11,3.42956E+11,3.43658E+11,3.44349E+11,3.4503E+11,3.45701E+11,3.46363E+11,3.47018E+11,3.47666E+11,3.48308E+11,3.48946E+11,3.49579E+11,3.5021E+11,3.50841E+11,3.51471E+11,3.52099E+11,3.52724E+11,3.53352E+11,3.53983E+11,3.5462E+11,3.55266E+11,3.5592E+11,3.56585E+11,3.57268E+11,3.57975E+11,3.5871E+11,3.5947E+11,3.60252E+11,3.61061E+11,3.61902E+11,3.62768E+11,3.63648E+11,3.64547E+11,3.65475E+11,3.66435E+11,3.67436E+11,3.68493E+11,3.69655E+11,3.70978E+11,3.72408E+11,3.7386E+11,3.75295E+11,3.76703E+11,3.78061E+11,3.79331E+11,3.8052E+11,3.81693E+11,3.82887E+11,3.84117E+11,3.85364E+11,3.86618E+11,3.87871E+11,3.89126E+11,3.90383E+11,3.91642E+11,3.92897E+11,3.94147E+11,3.95391E+11,3.96627E+11,3.97852E+11,3.99061E+11,4.00254E+11,4.01441E+11,4.02626E+11,4.03814E+11,4.05005E+11,4.0621E+11,4.07444E+11,4.08672E+11,4.09863E+11,4.11031E+11,4.12182E+11,4.1333E+11,4.14462E+11,4.15565E+11,4.16647E+11,4.17698E+11,4.18692E+11,4.19633E+11,4.20534E+11,4.21405E+11,4.22249E+11,4.23086E+11,4.23934E+11,4.24798E+11,4.25673E+11,4.26551E+11,4.27429E+11,4.28319E+11,4.29232E+11,4.30166E+11,4.3112E+11,4.32062E+11,4.33007E+11,4.33965E+11,4.34918E+11,4.35851E+11,4.36769E+11,4.37671E+11,4.38577E+11,4.39506E+11,4.40449E+11,4.41408E+11,4.42372E+11,4.43321E+11,4.44249E+11,4.45171E+11,4.46117E+11,4.47074E+11,4.48005E+11,4.48902E+11,4.49769E+11,4.50613E+11,4.51428E+11,4.52188E+11,4.52902E+11,4.536E+11,4.54289E+11,4.54966E+11,4.5564E+11,4.56299E+11,4.56935E+11,4.57559E+11,4.58166E+11,4.5875E+11,4.59327E+11,4.59903E+11,4.60481E+11,4.61054E+11,4.61607E+11,4.62141E+11,4.62667E+11,4.63178E+11,4.63667E+11,4.64145E+11,4.64614E+11,4.65081E+11,4.65551E+11,4.66018E+11,4.66484E+11,4.66949E+11,4.67416E+11,4.67889E+11,4.68367E+11,4.68845E+11,4.6932E+11,4.69784E+11,4.70241E+11,4.7069E+11,4.71124E+11,4.71547E+11,4.71964E+11,4.72377E+11,4.72787E+11,4.73196E+11,4.7361E+11,4.7403E+11,4.74454E+11,4.74879E+11,4.75301E+11,4.75722E+11,4.76144E+11,4.76567E+11,4.76989E+11,4.7741E+11,4.77832E+11,4.78254E+11,4.78674E+11,4.79087E+11,4.79489E+11,4.79884E+11,4.80277E+11,4.8067E+11,4.81062E+11,4.81461E+11,4.81875E+11,4.82306E+11,4.82749E+11,4.83202E+11,4.8366E+11,4.84121E+11,4.8458E+11,4.8504E+11,4.85515E+11,4.86005E+11,4.86501E+11,4.86997E+11,4.87492E+11,4.87983E+11,4.88455E+11,4.88897E+11,4.89318E+11,4.89731E+11,4.90142E+11,4.90563E+11,4.90998E+11,4.91453E+11,4.91928E+11,4.92424E+11,4.92941E+11,4.93472E+11,4.94004E+11,4.9454E+11,4.95077E+11,4.95614E+11,4.9615E+11,4.96688E+11,4.97234E+11,4.97786E+11,4.98343E+11,4.98907E+11,4.99477E+11,5.00048E+11,5.00617E+11,5.01185E+11,5.01753E+11,5.02328E+11,5.02908E+11,5.03496E+11,5.04095E+11,5.04712E+11,5.05349E+11,5.05996E+11,5.06657E+11,5.0735E+11,5.08066E+11,5.08786E+11,5.0948E+11,5.1013E+11,5.10743E+11,5.11313E+11,5.11837E+11,5.12341E+11,5.12843E+11,5.13355E+11,5.1387E+11,5.14362E+11,5.14828E+11,5.1528E+11,5.15714E+11,5.16117E+11,5.16476E+11,5.16796E+11,5.17094E+11,5.17378E+11,5.17655E+11,5.17924E+11,5.18179E+11,5.18418E+11,5.1864E+11,5.18848E+11,5.19043E+11,5.19225E+11,5.19396E+11,5.19557E+11,5.19708E+11,5.19852E+11,5.19996E+11,5.20143E+11,5.20293E+11,5.2044E+11,5.20585E+11,5.20734E+11,5.20887E+11,5.21045E+11,5.21205E+11,5.21368E+11,5.21537E+11,5.21712E+11,5.21892E+11,5.22075E+11,5.22264E+11,5.22457E+11,5.22656E+11,5.22859E+11,5.23065E+11,5.23272E+11,5.23481E+11,5.2369E+11,5.239E+11,5.24108E+11,5.24317E+11,5.2453E+11,5.24743E+11,5.24954E+11,5.25165E+11,5.25375E+11,5.25583E+11,5.25786E+11,5.25985E+11,5.26182E+11,5.26378E+11,5.26571E+11,5.26762E+11,5.26952E+11,5.27139E+11,5.27322E+11,5.27502E+11,5.27679E+11,5.27853E+11,5.28023E+11,5.28189E+11,5.28352E+11,5.28512E+11,5.28669E+11,5.28823E+11,5.28974E+11,5.29121E+11,5.29264E+11,5.29403E+11,5.29539E+11,5.29672E+11,5.29803E+11,5.29932E+11,5.30059E+11,5.30184E+11,5.30306E+11,5.30426E+11,5.30545E+11,5.30662E+11,5.30779E+11,5.30897E+11,5.31017E+11,5.31136E+11,5.31253E+11,5.31368E+11,5.31482E+11,5.31594E+11,5.31705E+11,5.31812E+11,5.31919E+11,5.32028E+11,5.32136E+11,5.32245E+11,5.32354E+11,5.32464E+11,5.32574E+11,5.32685E+11,5.32796E+11,5.32909E+11,5.33026E+11,5.33139E+11,5.33252E+11,5.33365E+11,5.33479E+11,5.33594E+11,5.3371E+11,5.33826E+11,5.33943E+11,5.34061E+11,5.3418E+11,5.343E+11,5.34421E+11,5.34543E+11,5.34666E+11,5.3479E+11,5.34915E+11,5.35041E+11,5.35168E+11,5.35296E+11,5.35425E+11,5.35556E+11,5.35687E+11,5.35819E+11,5.35953E+11,5.36087E+11
"Cost of Deaths Cumulative[Indiana]",0,0,0,0,0,0,0,0,0,0,0,0,0,0,0,0,0,0,0,0,0,0,0,0,0,0,0,0,0,0,0,0,0,0,0,0,0,0,0,0,0,5.43728,74.7016,351.36,1065.67,2540.81,5204.32,9605.03,16440.4,26599,41219.4,61774.2,90191.6,129029,181731,253005,349289,479285,654577,890428,1.20707E+06,1.63174E+06,2.2017E+06,2.9684E+06,4.00306E+06,5.40395E+06,7.30668E+06,9.89857E+06,1.34333E+07,1.82491E+07,2.47891E+07,3.36298E+07,4.55258E+07,6.1474E+07,8.27971E+07,1.11242E+08,1.48289E+08,1.94682E+08,2.5249E+08,3.24161E+08,4.12662E+08,5.21577E+08,6.55554E+08,8.2331E+08,1.03133E+09,1.28168E+09,1.57356E+09,1.90434E+09,2.27033E+09,2.66739E+09,3.09134E+09,3.53816E+09,4.00413E+09,4.48589E+09,4.98048E+09,5.48526E+09,5.99804E+09,6.51703E+09,7.04082E+09,7.56821E+09,8.09811E+09,8.62959E+09,9.16193E+09,9.69457E+09,1.0227E+10,1.07589E+10,1.12897E+10,1.18192E+10,1.2347E+10,1.28726E+10,1.33953E+10,1.39146E+10,1.44306E+10,1.49437E+10,1.54535E+10,1.59591E+10,1.64598E+10,1.69564E+10,1.74486E+10,1.79361E+10,1.84183E+10,1.88948E+10,1.93662E+10,1.98329E+10,2.02938E+10,2.07477E+10,2.11934E+10,2.16298E+10,2.20564E+10,2.2474E+10,2.28834E+10,2.32828E+10,2.36712E+10,2.40482E+10,2.44145E+10,2.47708E+10,2.51186E+10,2.546E+10,2.57949E+10,2.61238E+10,2.64487E+10,2.67693E+10,2.70885E+10,2.7406E+10,2.77202E+10,2.8034E+10,2.83463E+10,2.86534E+10,2.89541E+10,2.9246E+10,2.95345E+10,2.98242E+10,3.0111E+10,3.039E+10,3.06656E+10,3.09423E+10,3.12199E+10,3.14949E+10,3.17642E+10,3.20292E+10,3.22919E+10,3.25496E+10,3.28018E+10,3.30542E+10,3.33039E+10,3.3548E+10,3.37829E+10,3.40117E+10,3.42351E+10,3.44508E+10,3.46567E+10,3.48568E+10,3.50543E+10,3.52518E+10,3.54479E+10,3.56408E+10,3.58324E+10,3.60214E+10,3.62062E+10,3.63841E+10,3.65572E+10,3.67274E+10,3.68931E+10,3.70533E+10,3.72069E+10,3.73562E+10,3.75026E+10,3.76448E+10,3.77819E+10,3.7917E+10,3.80514E+10,3.81847E+10,3.8316E+10,3.84467E+10,3.8577E+10,3.8706E+10,3.88349E+10,3.896E+10,3.9083E+10,3.9206E+10,3.93262E+10,3.94418E+10,3.95543E+10,3.96612E+10,3.97653E+10,3.98683E+10,3.99704E+10,4.00713E+10,4.01708E+10,4.02665E+10,4.03569E+10,4.04436E+10,4.05245E+10,4.0601E+10,4.06742E+10,4.07449E+10,4.08144E+10,4.08833E+10,4.09508E+10,4.10171E+10,4.10818E+10,4.11454E+10,4.12085E+10,4.12705E+10,4.13314E+10,4.13915E+10,4.14512E+10,4.15108E+10,4.15698E+10,4.1628E+10,4.16864E+10,4.17442E+10,4.18014E+10,4.18583E+10,4.19153E+10,4.19728E+10,4.20303E+10,4.20877E+10,4.21454E+10,4.22031E+10,4.22607E+10,4.23175E+10,4.23719E+10,4.24254E+10,4.24777E+10,4.25294E+10,4.25811E+10,4.26327E+10,4.26846E+10,4.27375E+10,4.27915E+10,4.28469E+10,4.29037E+10,4.29625E+10,4.30242E+10,4.309E+10,4.31604E+10,4.32356E+10,4.33173E+10,4.34055E+10,4.35007E+10,4.36029E+10,4.37116E+10,4.38264E+10,4.39457E+10,4.40676E+10,4.41908E+10,4.43145E+10,4.44372E+10,4.45579E+10,4.46783E+10,4.47988E+10,4.49185E+10,4.50362E+10,4.51524E+10,4.52673E+10,4.53817E+10,4.54935E+10,4.56028E+10,4.57104E+10,4.5816E+10,4.59189E+10,4.60194E+10,4.61174E+10,4.62131E+10,4.63064E+10,4.63972E+10,4.64851E+10,4.65701E+10,4.66535E+10,4.67352E+10,4.68152E+10,4.68939E+10,4.6971E+10,4.70473E+10,4.71235E+10,4.7198E+10,4.72712E+10,4.73437E+10,4.74154E+10,4.74867E+10,4.75557E+10,4.76207E+10,4.76843E+10,4.77469E+10,4.78085E+10,4.78692E+10,4.79288E+10,4.79876E+10,4.80456E+10,4.81033E+10,4.81603E+10,4.82166E+10,4.82724E+10,4.83276E+10,4.83824E+10,4.84371E+10,4.84915E+10,4.85455E+10,4.85993E+10,4.8653E+10,4.87068E+10,4.87606E+10,4.88147E+10,4.88694E+10,4.89251E+10,4.89822E+10,4.90403E+10,4.90993E+10,4.91596E+10,4.92214E+10,4.92848E+10,4.93501E+10,4.94179E+10,4.94893E+10,4.95651E+10,4.96458E+10,4.97324E+10,4.98255E+10,4.99266E+10,5.00362E+10,5.01519E+10,5.02733E+10,5.04002E+10,5.05325E+10,5.06687E+10,5.08083E+10,5.09489E+10,5.10901E+10,5.12332E+10,5.13793E+10,5.15281E+10,5.16762E+10,5.18242E+10,5.19724E+10,5.21216E+10,5.22711E+10,5.24201E+10,5.25695E+10,5.27204E+10,5.28728E+10,5.30269E+10,5.3183E+10,5.33412E+10,5.3502E+10,5.36657E+10,5.38325E+10,5.40028E+10,5.41771E+10,5.43551E+10,5.45371E+10,5.47231E+10,5.49131E+10,5.51076E+10,5.53066E+10,5.551E+10,5.57188E+10,5.59333E+10,5.61542E+10,5.63848E+10,5.66253E+10,5.68735E+10,5.7132E+10,5.7399E+10,5.7672E+10,5.79478E+10,5.82221E+10,5.84983E+10,5.87818E+10,5.90727E+10,5.93728E+10,5.96833E+10,6.00058E+10,6.03408E+10,6.06875E+10,6.10465E+10,6.14191E+10,6.18041E+10,6.22098E+10,6.26391E+10,6.30799E+10,6.35491E+10,6.40516E+10,6.45591E+10,6.50629E+10,6.55471E+10,6.60125E+10,6.64893E+10,6.69728E+10,6.74551E+10,6.79531E+10,6.84578E+10,6.89618E+10,6.94593E+10,6.99516E+10,7.0441E+10,7.09194E+10,7.1382E+10,7.18351E+10,7.22936E+10,7.27668E+10,7.32279E+10,7.36627E+10,7.40869E+10,7.45156E+10,7.49562E+10,7.54153E+10,7.58731E+10,7.63246E+10,7.68007E+10,7.73035E+10,7.78052E+10,7.8295E+10,7.87441E+10,7.91755E+10,7.96199E+10,8.00618E+10,8.04937E+10,8.09123E+10,8.13197E+10,8.17307E+10,8.21481E+10,8.25611E+10,8.29591E+10,8.33503E+10,8.37505E+10,8.4162E+10,8.45715E+10,8.49636E+10,8.53494E+10,8.57328E+10,8.61111E+10,8.64824E+10,8.68339E+10,8.71724E+10,8.75105E+10,8.78425E+10,8.81671E+10,8.84807E+10,8.87872E+10,8.90972E+10,8.94171E+10,8.97476E+10,9.0084E+10,9.04232E+10,9.07665E+10,9.11043E+10,9.14343E+10,9.17508E+10,9.20509E+10,9.23349E+10,9.26041E+10,9.28633E+10,9.31183E+10,9.33643E+10,9.35988E+10,9.38259E+10,9.405E+10,9.42734E+10,9.44947E+10,9.47118E+10,9.49272E+10,9.51466E+10,9.5372E+10,9.5594E+10,9.58101E+10,9.60201E+10,9.62255E+10,9.64257E+10,9.66155E+10,9.67962E+10,9.69754E+10,9.7154E+10,9.73329E+10,9.75117E+10,9.76925E+10,9.78784E+10,9.80633E+10,9.82527E+10,9.84474E+10,9.86347E+10,9.88154E+10,9.89881E+10,9.91532E+10,9.93165E+10,9.94757E+10,9.96319E+10,9.97911E+10,9.99528E+10,1.00117E+11,1.00284E+11,1.00468E+11,1.00684E+11,1.00929E+11,1.01178E+11,1.01412E+11,1.01634E+11,1.01841E+11,1.02023E+11,1.02178E+11,1.02323E+11,1.02469E+11,1.02618E+11,1.0277E+11,1.02925E+11,1.03084E+11,1.03248E+11,1.0342E+11,1.03593E+11,1.03769E+11,1.03948E+11,1.0413E+11,1.04316E+11,1.04502E+11,1.0469E+11,1.0488E+11,1.05073E+11,1.0527E+11,1.05471E+11,1.05677E+11,1.0589E+11,1.06106E+11,1.06325E+11,1.06545E+11,1.0677E+11,1.07E+11,1.07235E+11,1.07469E+11,1.07701E+11,1.07934E+11,1.08164E+11,1.08393E+11,1.08621E+11,1.08847E+11,1.09077E+11,1.09311E+11,1.0954E+11,1.09764E+11,1.09985E+11,1.10205E+11,1.10411E+11,1.106E+11,1.10788E+11,1.10975E+11,1.1116E+11,1.11346E+11,1.11532E+11,1.11727E+11,1.11935E+11,1.12134E+11,1.12326E+11,1.1251E+11,1.12683E+11,1.12848E+11,1.1301E+11,1.13173E+11,1.13334E+11,1.13495E+11,1.13654E+11,1.13811E+11,1.13967E+11,1.14124E+11,1.1428E+11,1.14433E+11,1.14586E+11,1.14736E+11,1.14887E+11,1.15039E+11,1.1519E+11,1.1534E+11,1.15492E+11,1.15646E+11,1.158E+11,1.15954E+11,1.16112E+11,1.16275E+11,1.16442E+11,1.16611E+11,1.16782E+11,1.16958E+11,1.17139E+11,1.17323E+11,1.17505E+11,1.17689E+11,1.17873E+11,1.18057E+11,1.18241E+11,1.18423E+11,1.18605E+11,1.18792E+11,1.18983E+11,1.19178E+11,1.19376E+11,1.19579E+11,1.19786E+11,1.19995E+11,1.20203E+11,1.20411E+11,1.20616E+11,1.2082E+11,1.21023E+11,1.21223E+11,1.21419E+11,1.21614E+11,1.21804E+11,1.21992E+11,1.22176E+11,1.22359E+11,1.22541E+11,1.22722E+11,1.22898E+11,1.23073E+11,1.23249E+11,1.23427E+11,1.23608E+11,1.2379E+11,1.23973E+11,1.24159E+11,1.24349E+11,1.24544E+11,1.24747E+11,1.2496E+11,1.25184E+11,1.25419E+11,1.25663E+11,1.25916E+11,1.26181E+11,1.26462E+11,1.26758E+11,1.27067E+11,1.2739E+11,1.27728E+11,1.28083E+11,1.28458E+11,1.28853E+11,1.2927E+11,1.29711E+11,1.30176E+11,1.30667E+11,1.31183E+11,1.31723E+11,1.32285E+11,1.32875E+11,1.33507E+11,1.34182E+11,1.34886E+11,1.35604E+11,1.36333E+11,1.37082E+11,1.37844E+11,1.38607E+11,1.39373E+11,1.40162E+11,1.40985E+11,1.41846E+11,1.42735E+11,1.43649E+11,1.44589E+11,1.45555E+11,1.46546E+11,1.47564E+11,1.48612E+11,1.49684E+11,1.50782E+11,1.51904E+11,1.53044E+11,1.54213E+11,1.55406E+11,1.56612E+11,1.57834E+11,1.59079E+11,1.60341E+11,1.61622E+11,1.62916E+11,1.6423E+11,1.65573E+11,1.66936E+11,1.68312E+11,1.69706E+11,1.7113E+11,1.72588E+11,1.74075E+11,1.75584E+11,1.77117E+11,1.78673E+11,1.80238E+11,1.81815E+11,1.83409E+11,1.85017E+11,1.86637E+11,1.88271E+11,1.89918E+11,1.91582E+11,1.9325E+11,1.94934E+11,1.96633E+11,1.98344E+11,2.00067E+11,2.01802E+11,2.03544E+11,2.05294E+11,2.07041E+11,2.08783E+11,2.10517E+11,2.12247E+11,2.13979E+11,2.15716E+11,2.17456E+11,2.19201E+11,2.20953E+11,2.22715E+11,2.24481E+11,2.26252E+11,2.28021E+11,2.29784E+11,2.31529E+11,2.33254E+11,2.34958E+11,2.36647E+11,2.38319E+11,2.3998E+11,2.41625E+11,2.43264E+11,2.44932E+11,2.4662E+11,2.48268E+11,2.49866E+11,2.51402E+11,2.52874E+11,2.54271E+11,2.55561E+11,2.5677E+11,2.57945E+11,2.59096E+11,2.60236E+11,2.61354E+11,2.62452E+11,2.63529E+11,2.64582E+11,2.65615E+11,2.66617E+11,2.67575E+11,2.68496E+11,2.69386E+11,2.7024E+11,2.71063E+11,2.7185E+11,2.726E+11,2.73316E+11,2.73992E+11,2.74632E+11,2.75244E+11,2.75834E+11,2.76417E+11,2.76988E+11,2.77511E+11,2.77965E+11,2.78498E+11,2.79001E+11,2.79469E+11,2.79914E+11,2.80328E+11,2.80671E+11,2.80971E+11,2.81319E+11,2.8164E+11,2.81939E+11,2.82223E+11,2.82491E+11,2.82734E+11,2.82965E+11,2.83221E+11,2.83476E+11,2.83729E+11,2.83981E+11,2.8423E+11,2.84461E+11,2.84675E+11,2.84933E+11,2.85185E+11,2.85429E+11,2.85668E+11,2.85912E+11,2.86139E+11,2.86345E+11,2.86621E+11,2.86898E+11,2.87151E+11,2.87415E+11,2.87699E+11,2.8796E+11,2.88186E+11,2.88465E+11,2.88751E+11,2.89039E+11,2.89322E+11,2.89598E+11,2.89871E+11,2.90145E+11,2.90415E+11,2.90671E+11,2.90914E+11,2.91157E+11,2.91395E+11,2.91626E+11,2.91852E+11,2.92071E+11,2.92286E+11,2.92497E+11,2.92703E+11,2.92907E+11,2.93112E+11,2.93321E+11,2.93532E+11,2.93742E+11,2.93949E+11,2.94154E+11,2.94357E+11,2.94557E+11,2.94753E+11,2.94944E+11,2.95133E+11,2.95321E+11,2.95509E+11,2.95697E+11,2.95884E+11,2.96075E+11,2.96269E+11,2.96466E+11,2.96664E+11,2.96861E+11,2.97056E+11,2.97247E+11,2.97433E+11,2.97616E+11,2.97795E+11,2.97972E+11,2.9815E+11,2.98329E+11,2.9851E+11,2.98693E+11,2.98877E+11,2.99062E+11,2.99248E+11,2.99434E+11,2.99619E+11,2.99804E+11,2.9999E+11,3.00177E+11,3.00365E+11,3.00553E+11,3.0074E+11,3.00926E+11,3.01113E+11,3.01301E+11,3.0149E+11,3.01681E+11,3.01873E+11,3.02065E+11,3.02256E+11,3.02446E+11,3.02636E+11,3.02824E+11,3.03012E+11,3.03199E+11,3.03385E+11,3.03573E+11,3.03763E+11,3.03955E+11,3.04148E+11,3.04342E+11,3.04536E+11,3.0473E+11,3.04924E+11,3.05113E+11,3.05301E+11,3.05491E+11,3.05681E+11,3.05876E+11,3.06074E+11,3.06276E+11,3.06483E+11,3.06696E+11,3.06911E+11,3.07128E+11,3.07346E+11,3.07566E+11,3.0779E+11,3.08015E+11,3.0824E+11,3.08469E+11,3.08701E+11,3.08936E+11,3.09175E+11,3.09416E+11,3.09661E+11,3.09907E+11,3.10156E+11,3.10407E+11,3.10661E+11,3.10916E+11,3.11175E+11,3.11438E+11,3.11705E+11,3.11976E+11,3.12252E+11,3.12531E+11,3.12813E+11,3.13099E+11,3.13391E+11,3.13688E+11,3.13978E+11,3.14249E+11,3.14532E+11,3.148E+11,3.15062E+11,3.15309E+11,3.15542E+11,3.15773E+11,3.15996E+11,3.1621E+11,3.16412E+11,3.16605E+11,3.16789E+11,3.16962E+11,3.17129E+11,3.17286E+11,3.17436E+11,3.17579E+11,3.17716E+11,3.17845E+11,3.17966E+11,3.18081E+11,3.1819E+11,3.18294E+11,3.18394E+11,3.18487E+11,3.18574E+11,3.18654E+11,3.18731E+11,3.18801E+11,3.18867E+11,3.18932E+11,3.19E+11,3.19068E+11,3.19137E+11,3.19204E+11,3.1927E+11,3.19342E+11,3.19413E+11,3.19488E+11,3.19564E+11,3.19639E+11,3.19715E+11,3.19792E+11,3.19871E+11,3.1995E+11,3.20034E+11,3.20115E+11,3.20189E+11,3.20271E+11,3.20355E+11,3.20436E+11,3.20514E+11,3.20597E+11,3.2068E+11,3.20763E+11,3.20844E+11,3.20924E+11,3.21009E+11,3.21093E+11,3.2118E+11,3.21267E+11,3.21353E+11,3.21439E+11,3.21522E+11,3.21606E+11,3.21688E+11,3.21774E+11,3.21858E+11,3.2194E+11,3.2202E+11,3.22097E+11,3.22177E+11,3.22254E+11,3.22334E+11,3.22412E+11,3.22488E+11,3.22564E+11,3.22637E+11,3.22709E+11,3.22778E+11,3.22851E+11,3.22922E+11,3.22992E+11,3.2306E+11,3.23124E+11,3.23191E+11,3.23256E+11,3.23322E+11,3.23387E+11,3.23451E+11,3.23515E+11,3.23577E+11,3.23641E+11,3.23703E+11,3.23766E+11,3.23829E+11,3.23892E+11,3.23952E+11,3.24009E+11,3.24072E+11,3.24135E+11,3.24198E+11,3.24261E+11,3.24323E+11,3.24386E+11,3.24449E+11,3.24513E+11,3.24577E+11,3.24642E+11,3.24707E+11,3.24773E+11,3.24842E+11,3.24912E+11,3.24984E+11,3.25048E+11,3.25114E+11,3.25181E+11,3.25248E+11,3.25317E+11,3.25387E+11,3.25457E+11,3.25527E+11,3.25598E+11,3.25669E+11,3.2574E+11,3.25811E+11,3.25883E+11,3.25954E+11,3.26024E+11,3.26095E+11,3.26164E+11,3.26234E+11,3.26302E+11,3.26371E+11,3.26438E+11,3.26505E+11,3.26571E+11,3.26636E+11,3.267E+11
"Cost of Deaths Cumulative[Iowa]",0,0,0,0,0,0,0,0,0,0,0,0,0,0,0,0,0,0,0,0,0,0,0,0,0,0,0,0,0.237911,5.64706,30.3118,95.8717,230.046,465.791,840.834,1397.45,2182.52,3247.54,4648.21,6444.28,8700.3,11488.9,14894.6,19015.3,23964,29869.7,36876.5,45143.8,54849.6,66193.7,79403,94738.7,112508,133075,156876,184434,216361,253361,296240,345920,403474,470192,547652,637782,742938,865977,1.01035E+06,1.18015E+06,1.38016E+06,1.61594E+06,1.894E+06,2.22165E+06,2.60719E+06,3.06009E+06,3.59118E+06,4.21269E+06,4.93809E+06,5.78185E+06,6.75941E+06,7.88726E+06,9.18316E+06,1.06661E+07,1.23566E+07,1.4277E+07,1.64521E+07,1.89105E+07,2.16844E+07,2.48107E+07,2.83319E+07,3.2297E+07,3.67627E+07,4.17944E+07,4.7467E+07,5.3868E+07,6.10974E+07,6.92649E+07,7.85029E+07,8.89656E+07,1.00825E+08,1.1427E+08,1.29505E+08,1.46759E+08,1.66285E+08,1.88364E+08,2.13293E+08,2.41386E+08,2.72976E+08,3.08413E+08,3.48058E+08,3.923E+08,4.41532E+08,4.9615E+08,5.56582E+08,6.23302E+08,6.96881E+08,7.77934E+08,8.67035E+08,9.6483E+08,1.07221E+09,1.19003E+09,1.31874E+09,1.45838E+09,1.60884E+09,1.76944E+09,1.93947E+09,2.11808E+09,2.3037E+09,2.49533E+09,2.69188E+09,2.89105E+09,3.09109E+09,3.29222E+09,3.49309E+09,3.69205E+09,3.88791E+09,4.07909E+09,4.2653E+09,4.44795E+09,4.62568E+09,4.79662E+09,4.96423E+09,5.12746E+09,5.2841E+09,5.43472E+09,5.58062E+09,5.72221E+09,5.85866E+09,5.9898E+09,6.11639E+09,6.23826E+09,6.35691E+09,6.47344E+09,6.58756E+09,6.69513E+09,6.80024E+09,6.90551E+09,7.00555E+09,7.1027E+09,7.19553E+09,7.28489E+09,7.3725E+09,7.45547E+09,7.53556E+09,7.61332E+09,7.68894E+09,7.76299E+09,7.83681E+09,7.91128E+09,7.98633E+09,8.06148E+09,8.13673E+09,8.2134E+09,8.29143E+09,8.372E+09,8.45364E+09,8.53573E+09,8.61841E+09,8.7008E+09,8.78346E+09,8.86559E+09,8.94535E+09,9.02291E+09,9.09782E+09,9.17102E+09,9.24247E+09,9.30948E+09,9.37238E+09,9.43215E+09,9.48887E+09,9.54229E+09,9.59245E+09,9.64015E+09,9.68564E+09,9.72919E+09,9.77122E+09,9.81175E+09,9.85143E+09,9.88989E+09,9.92677E+09,9.96166E+09,9.99501E+09,1.00267E+10,1.00569E+10,1.00857E+10,1.01134E+10,1.01408E+10,1.01681E+10,1.01947E+10,1.02204E+10,1.02456E+10,1.02704E+10,1.02947E+10,1.03181E+10,1.03411E+10,1.03642E+10,1.03872E+10,1.04102E+10,1.04329E+10,1.04555E+10,1.04781E+10,1.05006E+10,1.05228E+10,1.05449E+10,1.05668E+10,1.05884E+10,1.06099E+10,1.06312E+10,1.06524E+10,1.06737E+10,1.06952E+10,1.07168E+10,1.07385E+10,1.07604E+10,1.07827E+10,1.08058E+10,1.08294E+10,1.0853E+10,1.08765E+10,1.09E+10,1.09237E+10,1.09478E+10,1.09718E+10,1.09959E+10,1.10204E+10,1.10454E+10,1.10709E+10,1.10968E+10,1.11231E+10,1.11497E+10,1.1177E+10,1.12047E+10,1.12327E+10,1.12613E+10,1.12907E+10,1.13208E+10,1.13515E+10,1.13827E+10,1.14154E+10,1.14499E+10,1.14849E+10,1.15201E+10,1.1556E+10,1.15927E+10,1.16301E+10,1.16667E+10,1.17027E+10,1.17393E+10,1.17766E+10,1.18145E+10,1.18527E+10,1.18914E+10,1.19309E+10,1.19714E+10,1.20123E+10,1.20531E+10,1.20941E+10,1.21353E+10,1.21767E+10,1.22181E+10,1.22594E+10,1.23011E+10,1.2343E+10,1.23853E+10,1.24282E+10,1.24714E+10,1.25153E+10,1.25594E+10,1.26027E+10,1.26464E+10,1.26903E+10,1.27339E+10,1.2778E+10,1.28224E+10,1.28674E+10,1.29134E+10,1.29584E+10,1.30033E+10,1.30488E+10,1.30949E+10,1.31421E+10,1.31902E+10,1.3238E+10,1.32869E+10,1.33362E+10,1.33858E+10,1.34355E+10,1.34847E+10,1.35335E+10,1.35829E+10,1.36327E+10,1.36829E+10,1.37334E+10,1.37844E+10,1.38355E+10,1.38868E+10,1.39385E+10,1.39908E+10,1.40438E+10,1.40975E+10,1.41521E+10,1.42077E+10,1.42644E+10,1.4322E+10,1.43807E+10,1.44407E+10,1.45021E+10,1.45648E+10,1.46286E+10,1.46926E+10,1.47563E+10,1.48204E+10,1.48847E+10,1.4949E+10,1.50135E+10,1.50785E+10,1.51445E+10,1.52111E+10,1.52778E+10,1.53447E+10,1.54118E+10,1.54788E+10,1.55456E+10,1.56119E+10,1.56784E+10,1.57455E+10,1.58123E+10,1.58793E+10,1.59463E+10,1.60131E+10,1.608E+10,1.61468E+10,1.62132E+10,1.62796E+10,1.63461E+10,1.6413E+10,1.64804E+10,1.6548E+10,1.66161E+10,1.66849E+10,1.67551E+10,1.68267E+10,1.69003E+10,1.6976E+10,1.70542E+10,1.71358E+10,1.72205E+10,1.73081E+10,1.73989E+10,1.74933E+10,1.75908E+10,1.76918E+10,1.77955E+10,1.79012E+10,1.80092E+10,1.81188E+10,1.82284E+10,1.83385E+10,1.8449E+10,1.85616E+10,1.8679E+10,1.87981E+10,1.89183E+10,1.90395E+10,1.91601E+10,1.92768E+10,1.93866E+10,1.9489E+10,1.95879E+10,1.96833E+10,1.97758E+10,1.98654E+10,1.99528E+10,2.00391E+10,2.0124E+10,2.02071E+10,2.02886E+10,2.03687E+10,2.04478E+10,2.05266E+10,2.06042E+10,2.06806E+10,2.07568E+10,2.08331E+10,2.09097E+10,2.09864E+10,2.10636E+10,2.11435E+10,2.12287E+10,2.1321E+10,2.1417E+10,2.1514E+10,2.16155E+10,2.1723E+10,2.18302E+10,2.19361E+10,2.20422E+10,2.21495E+10,2.22582E+10,2.23662E+10,2.24737E+10,2.25835E+10,2.2694E+10,2.28036E+10,2.2917E+10,2.30364E+10,2.31614E+10,2.32921E+10,2.34292E+10,2.35744E+10,2.37292E+10,2.38924E+10,2.40605E+10,2.42355E+10,2.4418E+10,2.46008E+10,2.47812E+10,2.49592E+10,2.51347E+10,2.53086E+10,2.54802E+10,2.56485E+10,2.58155E+10,2.59812E+10,2.61414E+10,2.62959E+10,2.64453E+10,2.65876E+10,2.67225E+10,2.68531E+10,2.69812E+10,2.71079E+10,2.72303E+10,2.73476E+10,2.74607E+10,2.75704E+10,2.76778E+10,2.77818E+10,2.7882E+10,2.79802E+10,2.8077E+10,2.81739E+10,2.82711E+10,2.83671E+10,2.84613E+10,2.85552E+10,2.86488E+10,2.87418E+10,2.88326E+10,2.89213E+10,2.90092E+10,2.90969E+10,2.91845E+10,2.92724E+10,2.93604E+10,2.94493E+10,2.95393E+10,2.96296E+10,2.97209E+10,2.98124E+10,2.99041E+10,2.99959E+10,3.00869E+10,3.01776E+10,3.02685E+10,3.03587E+10,3.0449E+10,3.05394E+10,3.06304E+10,3.07234E+10,3.08184E+10,3.09148E+10,3.10125E+10,3.11108E+10,3.12087E+10,3.1306E+10,3.14019E+10,3.14964E+10,3.15899E+10,3.16827E+10,3.17747E+10,3.18665E+10,3.19582E+10,3.20507E+10,3.21443E+10,3.22375E+10,3.23302E+10,3.2422E+10,3.25139E+10,3.26056E+10,3.26958E+10,3.27842E+10,3.28726E+10,3.29605E+10,3.30482E+10,3.31357E+10,3.32238E+10,3.33132E+10,3.34024E+10,3.34912E+10,3.35795E+10,3.36672E+10,3.37536E+10,3.3838E+10,3.39202E+10,3.40019E+10,3.40832E+10,3.41644E+10,3.42452E+10,3.43259E+10,3.44062E+10,3.44865E+10,3.45671E+10,3.46476E+10,3.47282E+10,3.48089E+10,3.4889E+10,3.49686E+10,3.50481E+10,3.5128E+10,3.52083E+10,3.52883E+10,3.53676E+10,3.54466E+10,3.55256E+10,3.56048E+10,3.56838E+10,3.57625E+10,3.58412E+10,3.59201E+10,3.59988E+10,3.60768E+10,3.6155E+10,3.62347E+10,3.63151E+10,3.63958E+10,3.64769E+10,3.6558E+10,3.66392E+10,3.67212E+10,3.68044E+10,3.68888E+10,3.69743E+10,3.70601E+10,3.7146E+10,3.72337E+10,3.73239E+10,3.74141E+10,3.75022E+10,3.75883E+10,3.76734E+10,3.77572E+10,3.7839E+10,3.79178E+10,3.79959E+10,3.8075E+10,3.81547E+10,3.82351E+10,3.83156E+10,3.83958E+10,3.84767E+10,3.8558E+10,3.86394E+10,3.87203E+10,3.88002E+10,3.88795E+10,3.89581E+10,3.90361E+10,3.9114E+10,3.91918E+10,3.92692E+10,3.93461E+10,3.94226E+10,3.94986E+10,3.95741E+10,3.96492E+10,3.97244E+10,3.98001E+10,3.98758E+10,3.99517E+10,4.00294E+10,4.01093E+10,4.01896E+10,4.02694E+10,4.03495E+10,4.04307E+10,4.05137E+10,4.0597E+10,4.06815E+10,4.07691E+10,4.08607E+10,4.09569E+10,4.10579E+10,4.11638E+10,4.12754E+10,4.13925E+10,4.15155E+10,4.1646E+10,4.17839E+10,4.19309E+10,4.20892E+10,4.22588E+10,4.24401E+10,4.2633E+10,4.28363E+10,4.30496E+10,4.32724E+10,4.35021E+10,4.37377E+10,4.39756E+10,4.42152E+10,4.4454E+10,4.46903E+10,4.49224E+10,4.51509E+10,4.53764E+10,4.55964E+10,4.58103E+10,4.60188E+10,4.62217E+10,4.642E+10,4.66144E+10,4.68021E+10,4.69828E+10,4.71573E+10,4.73249E+10,4.74875E+10,4.76445E+10,4.77956E+10,4.79423E+10,4.80862E+10,4.82256E+10,4.83616E+10,4.84945E+10,4.86252E+10,4.87541E+10,4.8883E+10,4.90117E+10,4.91399E+10,4.92669E+10,4.93933E+10,4.9521E+10,4.96526E+10,4.97901E+10,4.99349E+10,5.00844E+10,5.02388E+10,5.0397E+10,5.05594E+10,5.07278E+10,5.09009E+10,5.10768E+10,5.12577E+10,5.14461E+10,5.16477E+10,5.18631E+10,5.20908E+10,5.2331E+10,5.25868E+10,5.28603E+10,5.31524E+10,5.34592E+10,5.37777E+10,5.41079E+10,5.44484E+10,5.47937E+10,5.51418E+10,5.54905E+10,5.58374E+10,5.61807E+10,5.65174E+10,5.68446E+10,5.71645E+10,5.74775E+10,5.778E+10,5.80738E+10,5.83578E+10,5.86299E+10,5.88931E+10,5.91471E+10,5.93928E+10,5.96343E+10,5.98705E+10,6.01014E+10,6.03283E+10,6.05492E+10,6.07663E+10,6.09805E+10,6.11902E+10,6.13974E+10,6.16039E+10,6.181E+10,6.20169E+10,6.22249E+10,6.2434E+10,6.26457E+10,6.28596E+10,6.30754E+10,6.32991E+10,6.35312E+10,6.37716E+10,6.40214E+10,6.42807E+10,6.45509E+10,6.48347E+10,6.51296E+10,6.54399E+10,6.57674E+10,6.61126E+10,6.64787E+10,6.687E+10,6.72876E+10,6.77297E+10,6.81953E+10,6.86784E+10,6.91798E+10,6.96957E+10,7.02147E+10,7.07361E+10,7.12595E+10,7.17837E+10,7.23058E+10,7.28203E+10,7.33405E+10,7.38801E+10,7.4419E+10,7.49457E+10,7.54496E+10,7.59308E+10,7.63894E+10,7.68125E+10,7.71957E+10,7.75562E+10,7.79E+10,7.82327E+10,7.85581E+10,7.88762E+10,7.91861E+10,7.94893E+10,7.97884E+10,8.00856E+10,8.03779E+10,8.06644E+10,8.09474E+10,8.12319E+10,8.15162E+10,8.17964E+10,8.2076E+10,8.23571E+10,8.26392E+10,8.2922E+10,8.32028E+10,8.34854E+10,8.37836E+10,8.40923E+10,8.44019E+10,8.47118E+10,8.50224E+10,8.53361E+10,8.56517E+10,8.59613E+10,8.62581E+10,8.65714E+10,8.68809E+10,8.71843E+10,8.74794E+10,8.77699E+10,8.80445E+10,8.83045E+10,8.85963E+10,8.88895E+10,8.91592E+10,8.94784E+10,8.98018E+10,9.01182E+10,9.04273E+10,9.07948E+10,9.11558E+10,9.14664E+10,9.18588E+10,9.22618E+10,9.26474E+10,9.30049E+10,9.34105E+10,9.38047E+10,9.41548E+10,9.45946E+10,9.50368E+10,9.54727E+10,9.58914E+10,9.63455E+10,9.67927E+10,9.72092E+10,9.76566E+10,9.8094E+10,9.8518E+10,9.89228E+10,9.93186E+10,9.97036E+10,1.0008E+11,1.00449E+11,1.00806E+11,1.01153E+11,1.01489E+11,1.01811E+11,1.02124E+11,1.02434E+11,1.02743E+11,1.03055E+11,1.03368E+11,1.03671E+11,1.03976E+11,1.04275E+11,1.04538E+11,1.04812E+11,1.05097E+11,1.0536E+11,1.056E+11,1.05847E+11,1.06072E+11,1.06267E+11,1.06461E+11,1.06655E+11,1.06845E+11,1.0702E+11,1.07199E+11,1.07365E+11,1.07513E+11,1.07663E+11,1.07814E+11,1.07953E+11,1.08082E+11,1.08216E+11,1.08342E+11,1.08456E+11,1.08569E+11,1.08684E+11,1.08793E+11,1.08896E+11,1.09E+11,1.09097E+11,1.09186E+11,1.09276E+11,1.09367E+11,1.09454E+11,1.09537E+11,1.09621E+11,1.09702E+11,1.09779E+11,1.09857E+11,1.09933E+11,1.1E+11,1.10063E+11,1.10136E+11,1.10207E+11,1.10272E+11,1.10336E+11,1.10404E+11,1.10468E+11,1.1053E+11,1.10594E+11,1.10655E+11,1.1071E+11,1.10768E+11,1.1083E+11,1.10888E+11,1.10944E+11,1.11005E+11,1.11064E+11,1.11118E+11,1.11175E+11,1.11235E+11,1.11291E+11,1.11346E+11,1.11407E+11,1.11464E+11,1.11516E+11,1.11572E+11,1.11635E+11,1.11694E+11,1.11752E+11,1.11815E+11,1.11876E+11,1.11929E+11,1.11987E+11,1.12054E+11,1.12116E+11,1.12176E+11,1.12248E+11,1.12316E+11,1.12375E+11,1.1244E+11,1.12515E+11,1.12587E+11,1.12657E+11,1.1274E+11,1.12818E+11,1.12885E+11,1.12964E+11,1.13055E+11,1.13139E+11,1.13219E+11,1.13315E+11,1.13405E+11,1.13483E+11,1.13575E+11,1.1368E+11,1.13778E+11,1.13872E+11,1.13984E+11,1.14091E+11,1.14186E+11,1.14292E+11,1.14406E+11,1.14509E+11,1.14603E+11,1.14711E+11,1.14807E+11,1.14889E+11,1.14978E+11,1.15074E+11,1.15161E+11,1.15242E+11,1.15329E+11,1.15406E+11,1.15472E+11,1.15543E+11,1.15618E+11,1.15686E+11,1.15748E+11,1.15814E+11,1.15873E+11,1.15924E+11,1.15977E+11,1.16032E+11,1.16081E+11,1.16125E+11,1.16172E+11,1.16213E+11,1.16248E+11,1.16283E+11,1.16319E+11,1.16351E+11,1.16382E+11,1.16417E+11,1.16452E+11,1.16484E+11,1.16518E+11,1.16555E+11,1.16591E+11,1.16625E+11,1.16664E+11,1.16701E+11,1.16735E+11,1.16772E+11,1.16813E+11,1.16851E+11,1.16889E+11,1.1693E+11,1.16969E+11,1.17004E+11,1.17041E+11,1.17082E+11,1.17121E+11,1.17158E+11,1.17199E+11,1.17237E+11,1.1727E+11,1.17305E+11,1.17345E+11,1.17384E+11,1.1742E+11,1.17458E+11,1.17492E+11,1.1752E+11,1.17554E+11,1.17591E+11,1.17624E+11,1.17655E+11,1.1769E+11,1.17722E+11,1.17749E+11,1.17779E+11,1.17812E+11,1.17842E+11,1.1787E+11,1.17901E+11,1.1793E+11,1.17954E+11,1.17981E+11,1.1801E+11,1.18036E+11,1.18061E+11,1.18088E+11,1.18114E+11,1.18135E+11,1.18158E+11,1.18184E+11,1.18208E+11,1.1823E+11,1.18255E+11,1.18278E+11,1.18297E+11,1.18319E+11,1.18343E+11,1.18365E+11,1.18385E+11,1.18408E+11,1.1843E+11,1.18449E+11,1.18469E+11,1.18492E+11,1.18512E+11,1.18532E+11,1.18554E+11,1.18575E+11,1.18593E+11,1.18613E+11,1.18635E+11,1.18656E+11,1.18676E+11,1.18697E+11,1.18718E+11,1.18736E+11,1.18756E+11,1.18778E+11,1.18798E+11,1.18818E+11,1.18837E+11,1.18857E+11,1.18877E+11,1.18897E+11,1.18917E+11,1.18938E+11,1.18958E+11,1.18979E+11,1.19E+11,1.19021E+11,1.19043E+11,1.19064E+11,1.19086E+11,1.19108E+11,1.19131E+11,1.19153E+11,1.19176E+11,1.19199E+11,1.19222E+11,1.19246E+11,1.19269E+11,1.19293E+11,1.19318E+11,1.19342E+11
"Cost of Deaths Cumulative[Kansas]",0,0,0,0,0,0,0,0,0,0,0,0,0,0,0,0,0,0,0,0,0,0,0,0,0,0,0,0,0,0,0,0,0,0,0,0,0,0,0,0,0,0,0,0,0,0,0,0,0,0,0,0,0,0,0,0,0,0,0,0,0,0,0,0,0,0,0,0,0,0,0,0,0,0,0,0,0.982478,13.1453,60.0987,176.974,409.4,813.197,1454.83,2412.78,3779.83,5666.53,8205.62,11558,15921,21539.5,28716.9,37826.3,49324.7,63771.2,81851.2,104407,132480,167358,210630,264263,330711,413035,515030,641336,797540,990309,1.22769E+06,1.51925E+06,1.87645E+06,2.31723E+06,2.86175E+06,3.52215E+06,4.31895E+06,5.27821E+06,6.43174E+06,7.81962E+06,9.48442E+06,1.14741E+07,1.38479E+07,1.66773E+07,2.00408E+07,2.40097E+07,2.86525E+07,3.4041E+07,4.02245E+07,4.72421E+07,5.51042E+07,6.38144E+07,7.34081E+07,8.39312E+07,9.53969E+07,1.07742E+08,1.20849E+08,1.34682E+08,1.49207E+08,1.64332E+08,1.80053E+08,1.96381E+08,2.13225E+08,2.30563E+08,2.48504E+08,2.66965E+08,2.85932E+08,3.0515E+08,3.24541E+08,3.44376E+08,3.64581E+08,3.84893E+08,4.05322E+08,4.25982E+08,4.47075E+08,4.6904E+08,4.91495E+08,5.14251E+08,5.37326E+08,5.60668E+08,5.84244E+08,6.08269E+08,6.3239E+08,6.56123E+08,6.79167E+08,7.01761E+08,7.24018E+08,7.45462E+08,7.66708E+08,7.88631E+08,8.10885E+08,8.32976E+08,8.55274E+08,8.78638E+08,9.03525E+08,9.29357E+08,9.55122E+08,9.81496E+08,1.00947E+09,1.03844E+09,1.06828E+09,1.1001E+09,1.13286E+09,1.16577E+09,1.19811E+09,1.22943E+09,1.25995E+09,1.28881E+09,1.31549E+09,1.34202E+09,1.36907E+09,1.39648E+09,1.42451E+09,1.45335E+09,1.48334E+09,1.51507E+09,1.54786E+09,1.58159E+09,1.61677E+09,1.65312E+09,1.6898E+09,1.72597E+09,1.76202E+09,1.798E+09,1.8341E+09,1.87006E+09,1.90627E+09,1.9436E+09,1.98259E+09,2.02259E+09,2.0637E+09,2.10529E+09,2.14684E+09,2.1874E+09,2.22759E+09,2.26811E+09,2.30989E+09,2.35247E+09,2.39441E+09,2.43613E+09,2.47798E+09,2.51995E+09,2.56131E+09,2.6012E+09,2.64013E+09,2.6796E+09,2.71924E+09,2.75877E+09,2.79757E+09,2.83578E+09,2.87337E+09,2.91098E+09,2.94877E+09,2.98658E+09,3.02409E+09,3.06113E+09,3.09752E+09,3.13419E+09,3.17197E+09,3.21026E+09,3.2482E+09,3.28573E+09,3.32388E+09,3.36466E+09,3.40785E+09,3.45013E+09,3.49076E+09,3.53087E+09,3.57098E+09,3.60997E+09,3.64661E+09,3.68174E+09,3.71676E+09,3.7523E+09,3.78796E+09,3.82404E+09,3.86096E+09,3.89876E+09,3.93743E+09,3.97703E+09,4.01738E+09,4.05868E+09,4.10086E+09,4.14356E+09,4.18692E+09,4.23072E+09,4.27516E+09,4.32066E+09,4.36763E+09,4.41607E+09,4.46621E+09,4.51775E+09,4.57039E+09,4.62422E+09,4.67939E+09,4.73517E+09,4.79094E+09,4.84633E+09,4.90058E+09,4.95408E+09,5.00755E+09,5.06116E+09,5.11531E+09,5.16953E+09,5.22351E+09,5.27896E+09,5.33435E+09,5.38974E+09,5.44491E+09,5.49904E+09,5.55313E+09,5.60824E+09,5.66312E+09,5.71881E+09,5.77522E+09,5.83262E+09,5.89125E+09,5.95018E+09,6.00862E+09,6.06731E+09,6.12718E+09,6.18806E+09,6.2502E+09,6.31505E+09,6.38103E+09,6.44609E+09,6.5106E+09,6.57443E+09,6.6381E+09,6.70306E+09,6.76994E+09,6.84175E+09,6.91889E+09,6.99553E+09,7.06797E+09,7.13676E+09,7.20165E+09,7.26081E+09,7.31441E+09,7.36539E+09,7.41626E+09,7.46837E+09,7.52162E+09,7.57536E+09,7.62956E+09,7.68445E+09,7.74007E+09,7.7966E+09,7.85383E+09,7.91202E+09,7.97119E+09,8.03042E+09,8.08957E+09,8.14906E+09,8.20876E+09,8.26901E+09,8.3297E+09,8.39101E+09,8.45392E+09,8.51878E+09,8.58574E+09,8.65495E+09,8.72628E+09,8.80001E+09,8.87583E+09,8.95368E+09,9.03337E+09,9.11439E+09,9.19734E+09,9.28229E+09,9.36819E+09,9.45586E+09,9.54507E+09,9.63535E+09,9.72694E+09,9.81941E+09,9.91283E+09,1.0008E+10,1.01045E+10,1.0203E+10,1.03045E+10,1.04085E+10,1.0517E+10,1.06305E+10,1.07428E+10,1.08624E+10,1.09797E+10,1.10882E+10,1.12009E+10,1.13103E+10,1.14211E+10,1.1529E+10,1.16404E+10,1.17574E+10,1.18809E+10,1.20206E+10,1.21502E+10,1.22798E+10,1.24076E+10,1.25381E+10,1.2665E+10,1.27827E+10,1.29034E+10,1.30342E+10,1.31745E+10,1.33203E+10,1.34691E+10,1.36185E+10,1.37684E+10,1.39187E+10,1.40641E+10,1.42119E+10,1.43666E+10,1.45266E+10,1.46882E+10,1.48499E+10,1.50134E+10,1.51783E+10,1.53423E+10,1.55051E+10,1.56696E+10,1.58372E+10,1.601E+10,1.6188E+10,1.6368E+10,1.65474E+10,1.6729E+10,1.69126E+10,1.70971E+10,1.72835E+10,1.74737E+10,1.7676E+10,1.78971E+10,1.81269E+10,1.83597E+10,1.85957E+10,1.88361E+10,1.90801E+10,1.93271E+10,1.95788E+10,1.98287E+10,2.00771E+10,2.03275E+10,2.05823E+10,2.08402E+10,2.10887E+10,2.13219E+10,2.15565E+10,2.17969E+10,2.20405E+10,2.22847E+10,2.2533E+10,2.27933E+10,2.30665E+10,2.33423E+10,2.3624E+10,2.39127E+10,2.42007E+10,2.44819E+10,2.47542E+10,2.50232E+10,2.52969E+10,2.55729E+10,2.58523E+10,2.61373E+10,2.64278E+10,2.67235E+10,2.7022E+10,2.73195E+10,2.76166E+10,2.79135E+10,2.82107E+10,2.85072E+10,2.88017E+10,2.90963E+10,2.93909E+10,2.96833E+10,2.99778E+10,3.02821E+10,3.0598E+10,3.09184E+10,3.12353E+10,3.15451E+10,3.18492E+10,3.21536E+10,3.24532E+10,3.27371E+10,3.30077E+10,3.32724E+10,3.35319E+10,3.37831E+10,3.40221E+10,3.42513E+10,3.44765E+10,3.47021E+10,3.49268E+10,3.51475E+10,3.5365E+10,3.55801E+10,3.5794E+10,3.60088E+10,3.62258E+10,3.64427E+10,3.6654E+10,3.6859E+10,3.70601E+10,3.72628E+10,3.74682E+10,3.76673E+10,3.78574E+10,3.80428E+10,3.82238E+10,3.84039E+10,3.85781E+10,3.87416E+10,3.89011E+10,3.90601E+10,3.92175E+10,3.93755E+10,3.95346E+10,3.96878E+10,3.9834E+10,3.99714E+10,4.01016E+10,4.02271E+10,4.0347E+10,4.04606E+10,4.05729E+10,4.06843E+10,4.07945E+10,4.09027E+10,4.10083E+10,4.11116E+10,4.12123E+10,4.13114E+10,4.14121E+10,4.15135E+10,4.16111E+10,4.1705E+10,4.17954E+10,4.18826E+10,4.19661E+10,4.20436E+10,4.21168E+10,4.21892E+10,4.2261E+10,4.23323E+10,4.24035E+10,4.24744E+10,4.25455E+10,4.26161E+10,4.2686E+10,4.27547E+10,4.28226E+10,4.28905E+10,4.29586E+10,4.30266E+10,4.30942E+10,4.31613E+10,4.32281E+10,4.32945E+10,4.33603E+10,4.34256E+10,4.34903E+10,4.35546E+10,4.36183E+10,4.36818E+10,4.37452E+10,4.38093E+10,4.38742E+10,4.39398E+10,4.40058E+10,4.40717E+10,4.41373E+10,4.42028E+10,4.42683E+10,4.43335E+10,4.43992E+10,4.44654E+10,4.45326E+10,4.46E+10,4.46676E+10,4.4736E+10,4.48072E+10,4.48826E+10,4.4962E+10,4.50436E+10,4.51267E+10,4.52133E+10,4.53074E+10,4.54058E+10,4.5503E+10,4.55971E+10,4.5687E+10,4.57739E+10,4.5856E+10,4.59318E+10,4.60049E+10,4.60797E+10,4.61559E+10,4.62327E+10,4.631E+10,4.63883E+10,4.64678E+10,4.65474E+10,4.66245E+10,4.67E+10,4.6777E+10,4.68545E+10,4.69323E+10,4.70104E+10,4.70885E+10,4.71666E+10,4.7245E+10,4.73247E+10,4.74062E+10,4.74895E+10,4.75738E+10,4.76604E+10,4.77529E+10,4.78504E+10,4.79488E+10,4.80492E+10,4.81548E+10,4.82658E+10,4.8378E+10,4.84881E+10,4.86013E+10,4.87207E+10,4.88433E+10,4.89682E+10,4.90946E+10,4.92253E+10,4.93607E+10,4.94978E+10,4.96391E+10,4.97892E+10,4.99475E+10,5.01135E+10,5.02871E+10,5.0467E+10,5.06541E+10,5.08506E+10,5.10583E+10,5.12766E+10,5.15036E+10,5.17377E+10,5.19819E+10,5.22348E+10,5.24969E+10,5.27731E+10,5.30639E+10,5.33673E+10,5.36844E+10,5.4017E+10,5.43654E+10,5.4731E+10,5.51121E+10,5.55074E+10,5.59174E+10,5.63449E+10,5.67931E+10,5.72616E+10,5.77359E+10,5.82153E+10,5.86988E+10,5.91813E+10,5.96602E+10,6.01359E+10,6.06166E+10,6.11093E+10,6.16015E+10,6.20933E+10,6.25796E+10,6.30572E+10,6.35222E+10,6.39702E+10,6.44081E+10,6.48502E+10,6.52971E+10,6.57448E+10,6.61888E+10,6.66325E+10,6.70779E+10,6.75243E+10,6.79722E+10,6.84288E+10,6.89065E+10,6.9397E+10,6.98945E+10,7.03895E+10,7.0867E+10,7.1329E+10,7.17627E+10,7.21597E+10,7.25347E+10,7.28925E+10,7.32414E+10,7.35917E+10,7.39387E+10,7.42823E+10,7.46241E+10,7.49626E+10,7.52955E+10,7.56209E+10,7.59405E+10,7.62508E+10,7.65525E+10,7.68454E+10,7.71322E+10,7.74189E+10,7.77114E+10,7.8001E+10,7.82796E+10,7.85485E+10,7.88115E+10,7.90688E+10,7.9313E+10,7.95385E+10,7.97517E+10,7.99598E+10,8.01632E+10,8.03616E+10,8.05563E+10,8.07485E+10,8.09385E+10,8.11261E+10,8.13109E+10,8.14927E+10,8.16768E+10,8.18618E+10,8.20405E+10,8.22125E+10,8.23775E+10,8.25378E+10,8.2693E+10,8.28432E+10,8.29944E+10,8.31504E+10,8.33043E+10,8.34574E+10,8.3608E+10,8.37557E+10,8.38964E+10,8.40263E+10,8.41496E+10,8.42721E+10,8.4394E+10,8.4516E+10,8.46385E+10,8.47613E+10,8.4887E+10,8.50216E+10,8.51633E+10,8.5305E+10,8.54473E+10,8.559E+10,8.57327E+10,8.58731E+10,8.60066E+10,8.61368E+10,8.62696E+10,8.64054E+10,8.65464E+10,8.66974E+10,8.68561E+10,8.70217E+10,8.72017E+10,8.73887E+10,8.75753E+10,8.776E+10,8.79482E+10,8.81502E+10,8.8343E+10,8.85079E+10,8.86801E+10,8.88428E+10,8.9016E+10,8.91784E+10,8.93312E+10,8.94886E+10,8.96533E+10,8.98225E+10,8.99951E+10,9.01702E+10,9.03475E+10,9.05235E+10,9.06953E+10,9.08666E+10,9.10399E+10,9.12138E+10,9.13888E+10,9.15643E+10,9.17395E+10,9.19141E+10,9.20892E+10,9.22702E+10,9.24561E+10,9.26411E+10,9.28225E+10,9.29954E+10,9.31774E+10,9.33517E+10,9.35371E+10,9.37205E+10,9.39033E+10,9.40563E+10,9.41955E+10,9.43521E+10,9.44934E+10,9.46472E+10,9.47892E+10,9.49541E+10,9.51144E+10,9.52697E+10,9.54209E+10,9.55641E+10,9.57344E+10,9.58901E+10,9.60908E+10,9.6289E+10,9.64814E+10,9.66284E+10,9.67722E+10,9.69682E+10,9.71434E+10,9.73613E+10,9.75693E+10,9.77675E+10,9.79826E+10,9.81821E+10,9.84018E+10,9.86031E+10,9.88328E+10,9.90575E+10,9.92717E+10,9.94862E+10,9.96863E+10,9.99062E+10,1.00115E+11,1.00319E+11,1.0052E+11,1.00717E+11,1.00911E+11,1.01098E+11,1.01286E+11,1.01469E+11,1.01649E+11,1.0183E+11,1.02013E+11,1.02193E+11,1.02363E+11,1.0253E+11,1.02689E+11,1.0284E+11,1.02982E+11,1.03116E+11,1.03241E+11,1.03361E+11,1.03481E+11,1.03599E+11,1.03716E+11,1.0383E+11,1.03941E+11,1.04049E+11,1.04154E+11,1.04258E+11,1.04361E+11,1.04462E+11,1.04562E+11,1.04664E+11,1.04767E+11,1.04871E+11,1.04974E+11,1.05075E+11,1.05172E+11,1.05268E+11,1.05362E+11,1.05452E+11,1.05538E+11,1.05624E+11,1.0571E+11,1.05794E+11,1.05879E+11,1.05964E+11,1.06047E+11,1.0613E+11,1.06212E+11,1.06294E+11,1.06375E+11,1.06456E+11,1.06537E+11,1.06619E+11,1.067E+11,1.06781E+11,1.06861E+11,1.06941E+11,1.07021E+11,1.071E+11,1.0718E+11,1.07259E+11,1.07338E+11,1.07417E+11,1.07497E+11,1.07576E+11,1.07656E+11,1.07737E+11,1.07819E+11,1.07902E+11,1.07985E+11,1.08068E+11,1.08153E+11,1.08239E+11,1.08326E+11,1.08412E+11,1.08497E+11,1.08579E+11,1.08666E+11,1.08752E+11,1.08837E+11,1.08921E+11,1.09006E+11,1.0909E+11,1.09175E+11,1.09265E+11,1.09357E+11,1.09452E+11,1.09549E+11,1.09648E+11,1.09746E+11,1.09841E+11,1.09945E+11,1.10049E+11,1.10153E+11,1.10259E+11,1.10367E+11,1.10468E+11,1.10565E+11,1.10678E+11,1.10792E+11,1.10905E+11,1.11016E+11,1.11123E+11,1.11235E+11,1.11347E+11,1.1146E+11,1.11574E+11,1.11688E+11,1.11798E+11,1.11904E+11,1.12027E+11,1.12149E+11,1.12273E+11,1.12398E+11,1.12526E+11,1.12641E+11,1.12743E+11,1.12862E+11,1.12974E+11,1.13079E+11,1.13175E+11,1.13264E+11,1.13338E+11,1.13405E+11,1.13494E+11,1.13577E+11,1.13654E+11,1.13727E+11,1.13794E+11,1.13848E+11,1.13896E+11,1.13953E+11,1.14006E+11,1.14056E+11,1.14103E+11,1.14148E+11,1.14184E+11,1.14215E+11,1.14253E+11,1.14288E+11,1.1432E+11,1.1435E+11,1.14378E+11,1.144E+11,1.1442E+11,1.14445E+11,1.1447E+11,1.14495E+11,1.14519E+11,1.14543E+11,1.14563E+11,1.14583E+11,1.14609E+11,1.14634E+11,1.1466E+11,1.14686E+11,1.14711E+11,1.14733E+11,1.14755E+11,1.14784E+11,1.14813E+11,1.14842E+11,1.14871E+11,1.149E+11,1.14924E+11,1.14946E+11,1.14977E+11,1.15008E+11,1.15038E+11,1.15067E+11,1.15097E+11,1.15121E+11,1.15144E+11,1.15175E+11,1.15206E+11,1.15236E+11,1.15266E+11,1.15295E+11,1.15319E+11,1.15341E+11,1.15371E+11,1.154E+11,1.15428E+11,1.15455E+11,1.15482E+11,1.15504E+11,1.15524E+11,1.15553E+11,1.15581E+11,1.15608E+11,1.15634E+11,1.15659E+11,1.15681E+11,1.157E+11,1.15726E+11,1.15751E+11,1.15775E+11,1.15799E+11,1.15822E+11,1.15842E+11,1.1586E+11,1.15884E+11,1.15907E+11,1.15929E+11,1.15952E+11,1.15973E+11,1.15992E+11,1.1601E+11,1.16033E+11,1.16055E+11,1.16078E+11,1.161E+11,1.16122E+11,1.16142E+11,1.1616E+11,1.16183E+11,1.16205E+11,1.16227E+11,1.16249E+11,1.1627E+11,1.1629E+11,1.16308E+11,1.16331E+11,1.16353E+11,1.16375E+11,1.16397E+11,1.16419E+11,1.16439E+11,1.16459E+11,1.16483E+11,1.16503E+11,1.16524E+11,1.16544E+11,1.16565E+11,1.16586E+11,1.16607E+11,1.16628E+11,1.1665E+11,1.16671E+11,1.16693E+11,1.16714E+11,1.16736E+11,1.16758E+11,1.1678E+11,1.16802E+11,1.16825E+11,1.16847E+11,1.16869E+11,1.16892E+11,1.16914E+11,1.16937E+11,1.1696E+11,1.16982E+11,1.17005E+11,1.17028E+11
"Cost of Deaths Cumulative[Kentucky]",0,0,0,0,0,0,0,0,0,0,0,0,0,0,0,0,0,0,0,0,0,0,0,0,0,0,0,0,0,0,0,0,0,0,0,0,0,0,0,0,0,0,0,7.68511,71.3313,292.366,828.181,1900.74,3812.55,6972.26,11931.7,19439.5,30518.1,46575.3,69565.8,102231,148425,213520,304899,432634,610512,857630,1.20065E+06,1.67705E+06,2.33989E+06,3.26483E+06,4.56041E+06,6.38286E+06,8.95857E+06,1.26172E+07,1.78361E+07,2.53063E+07,3.60333E+07,5.09846E+07,7.15456E+07,9.98761E+07,1.38873E+08,1.92306E+08,2.64915E+08,3.62726E+08,4.94529E+08,6.70292E+08,8.96787E+08,1.17621E+09,1.50704E+09,1.8854E+09,2.30609E+09,2.76324E+09,3.25088E+09,3.7633E+09,4.29525E+09,4.842E+09,5.39941E+09,5.96389E+09,6.53235E+09,7.10217E+09,7.67119E+09,8.23766E+09,8.80021E+09,9.3577E+09,9.90918E+09,1.04539E+10,1.09912E+10,1.15205E+10,1.20415E+10,1.25538E+10,1.30569E+10,1.35507E+10,1.4035E+10,1.45203E+10,1.50015E+10,1.54719E+10,1.59322E+10,1.63825E+10,1.68227E+10,1.72525E+10,1.76722E+10,1.80821E+10,1.84817E+10,1.88705E+10,1.92478E+10,1.96149E+10,1.9972E+10,2.0319E+10,2.0656E+10,2.09818E+10,2.1297E+10,2.16003E+10,2.1891E+10,2.217E+10,2.24381E+10,2.26963E+10,2.29447E+10,2.31832E+10,2.34122E+10,2.36324E+10,2.38458E+10,2.40527E+10,2.42527E+10,2.4447E+10,2.46365E+10,2.48203E+10,2.49979E+10,2.51677E+10,2.53299E+10,2.5486E+10,2.56377E+10,2.57847E+10,2.59274E+10,2.60676E+10,2.62075E+10,2.63491E+10,2.64914E+10,2.66307E+10,2.67666E+10,2.69013E+10,2.70329E+10,2.71597E+10,2.72819E+10,2.73985E+10,2.75093E+10,2.76151E+10,2.77162E+10,2.78145E+10,2.79113E+10,2.80036E+10,2.80891E+10,2.8169E+10,2.82441E+10,2.83153E+10,2.8384E+10,2.8451E+10,2.8517E+10,2.85815E+10,2.86442E+10,2.87051E+10,2.87635E+10,2.88202E+10,2.88759E+10,2.89301E+10,2.89817E+10,2.90304E+10,2.90774E+10,2.91232E+10,2.91679E+10,2.9212E+10,2.92552E+10,2.92982E+10,2.9341E+10,2.93833E+10,2.94256E+10,2.94679E+10,2.951E+10,2.95527E+10,2.95968E+10,2.96414E+10,2.96868E+10,2.97312E+10,2.97751E+10,2.98181E+10,2.98589E+10,2.98981E+10,2.99378E+10,2.9977E+10,3.00157E+10,3.00534E+10,3.00906E+10,3.01275E+10,3.01631E+10,3.01972E+10,3.02307E+10,3.02643E+10,3.02979E+10,3.03316E+10,3.03654E+10,3.03989E+10,3.0432E+10,3.0465E+10,3.04979E+10,3.05308E+10,3.05635E+10,3.05962E+10,3.0629E+10,3.06618E+10,3.06944E+10,3.07268E+10,3.0759E+10,3.07913E+10,3.08232E+10,3.08547E+10,3.08863E+10,3.09179E+10,3.09498E+10,3.09826E+10,3.10158E+10,3.10491E+10,3.10822E+10,3.11148E+10,3.11471E+10,3.11789E+10,3.12099E+10,3.12408E+10,3.1272E+10,3.13038E+10,3.13367E+10,3.13699E+10,3.14027E+10,3.14352E+10,3.14671E+10,3.14995E+10,3.15324E+10,3.15651E+10,3.1598E+10,3.16314E+10,3.16655E+10,3.17007E+10,3.17369E+10,3.17744E+10,3.18133E+10,3.18538E+10,3.18964E+10,3.1941E+10,3.19871E+10,3.20342E+10,3.20825E+10,3.21323E+10,3.21836E+10,3.22356E+10,3.2288E+10,3.23421E+10,3.23977E+10,3.24548E+10,3.2513E+10,3.25729E+10,3.26364E+10,3.2704E+10,3.2774E+10,3.28471E+10,3.29241E+10,3.30053E+10,3.30902E+10,3.31779E+10,3.32687E+10,3.33649E+10,3.34669E+10,3.35731E+10,3.36827E+10,3.37977E+10,3.39176E+10,3.40408E+10,3.41673E+10,3.42983E+10,3.44351E+10,3.45778E+10,3.47255E+10,3.4878E+10,3.50364E+10,3.52026E+10,3.53775E+10,3.55617E+10,3.57537E+10,3.59466E+10,3.61375E+10,3.63267E+10,3.65119E+10,3.66924E+10,3.68662E+10,3.70337E+10,3.72002E+10,3.73661E+10,3.75304E+10,3.76935E+10,3.78554E+10,3.80151E+10,3.81732E+10,3.83302E+10,3.84914E+10,3.86569E+10,3.88186E+10,3.89768E+10,3.91308E+10,3.92788E+10,3.94207E+10,3.95541E+10,3.96823E+10,3.98101E+10,3.9936E+10,4.00607E+10,4.01852E+10,4.03087E+10,4.04302E+10,4.055E+10,4.06694E+10,4.07882E+10,4.09062E+10,4.10234E+10,4.11435E+10,4.12672E+10,4.13891E+10,4.15094E+10,4.16281E+10,4.17457E+10,4.18641E+10,4.19792E+10,4.20893E+10,4.21986E+10,4.23081E+10,4.24194E+10,4.25328E+10,4.26468E+10,4.27621E+10,4.28789E+10,4.29966E+10,4.31164E+10,4.32378E+10,4.33609E+10,4.34877E+10,4.36185E+10,4.37518E+10,4.38884E+10,4.40282E+10,4.41728E+10,4.43222E+10,4.44781E+10,4.46397E+10,4.48057E+10,4.49861E+10,4.51869E+10,4.53959E+10,4.56104E+10,4.58332E+10,4.60865E+10,4.63818E+10,4.66633E+10,4.69105E+10,4.71449E+10,4.73771E+10,4.76075E+10,4.783E+10,4.80509E+10,4.82776E+10,4.85174E+10,4.87691E+10,4.90247E+10,4.92714E+10,4.95088E+10,4.97429E+10,4.99828E+10,5.02281E+10,5.04745E+10,5.07255E+10,5.09821E+10,5.12477E+10,5.15224E+10,5.17928E+10,5.20602E+10,5.23352E+10,5.2614E+10,5.28961E+10,5.31815E+10,5.34683E+10,5.37557E+10,5.40442E+10,5.43327E+10,5.46195E+10,5.49062E+10,5.51933E+10,5.54924E+10,5.58158E+10,5.61518E+10,5.64871E+10,5.68189E+10,5.71469E+10,5.74701E+10,5.77885E+10,5.81E+10,5.84022E+10,5.87012E+10,5.89992E+10,5.92979E+10,5.95982E+10,5.98906E+10,6.01693E+10,6.04462E+10,6.07223E+10,6.0998E+10,6.12746E+10,6.15508E+10,6.18231E+10,6.20939E+10,6.23635E+10,6.26343E+10,6.29115E+10,6.31973E+10,6.34897E+10,6.37849E+10,6.40767E+10,6.43626E+10,6.46451E+10,6.49222E+10,6.51934E+10,6.54666E+10,6.57477E+10,6.60305E+10,6.63129E+10,6.65915E+10,6.68668E+10,6.71389E+10,6.74024E+10,6.76528E+10,6.78996E+10,6.81457E+10,6.83877E+10,6.86251E+10,6.88592E+10,6.9093E+10,6.93331E+10,6.95752E+10,6.98101E+10,7.00406E+10,7.02768E+10,7.0528E+10,7.07791E+10,7.10164E+10,7.12503E+10,7.14867E+10,7.17213E+10,7.194E+10,7.21361E+10,7.23226E+10,7.25049E+10,7.26832E+10,7.28587E+10,7.30315E+10,7.32014E+10,7.33686E+10,7.35333E+10,7.36963E+10,7.38589E+10,7.40199E+10,7.41788E+10,7.43368E+10,7.44954E+10,7.46539E+10,7.4813E+10,7.49703E+10,7.51258E+10,7.52773E+10,7.54225E+10,7.55606E+10,7.56941E+10,7.58244E+10,7.59528E+10,7.60789E+10,7.62039E+10,7.63289E+10,7.6453E+10,7.65748E+10,7.66945E+10,7.68118E+10,7.69273E+10,7.70405E+10,7.71516E+10,7.72623E+10,7.73737E+10,7.74847E+10,7.75943E+10,7.77021E+10,7.78083E+10,7.79143E+10,7.80248E+10,7.81464E+10,7.828E+10,7.84249E+10,7.8572E+10,7.87095E+10,7.88363E+10,7.89432E+10,7.90311E+10,7.91113E+10,7.91882E+10,7.92642E+10,7.93401E+10,7.94157E+10,7.94913E+10,7.95672E+10,7.96433E+10,7.97196E+10,7.97956E+10,7.98716E+10,7.99477E+10,8.00241E+10,8.0101E+10,8.01783E+10,8.0256E+10,8.03339E+10,8.0412E+10,8.04907E+10,8.05698E+10,8.06487E+10,8.07273E+10,8.08063E+10,8.0886E+10,8.09665E+10,8.10485E+10,8.11331E+10,8.12203E+10,8.13099E+10,8.14004E+10,8.14907E+10,8.1581E+10,8.16706E+10,8.176E+10,8.18513E+10,8.19439E+10,8.20383E+10,8.21338E+10,8.2231E+10,8.2331E+10,8.24347E+10,8.25423E+10,8.26549E+10,8.27719E+10,8.2892E+10,8.30169E+10,8.31508E+10,8.32907E+10,8.3429E+10,8.35651E+10,8.3702E+10,8.38421E+10,8.39826E+10,8.41204E+10,8.42601E+10,8.44068E+10,8.45594E+10,8.4717E+10,8.48797E+10,8.50472E+10,8.5221E+10,8.54021E+10,8.5589E+10,8.57816E+10,8.59786E+10,8.618E+10,8.63892E+10,8.66124E+10,8.68454E+10,8.7078E+10,8.73112E+10,8.75457E+10,8.77807E+10,8.80103E+10,8.82275E+10,8.8439E+10,8.86548E+10,8.88702E+10,8.90841E+10,8.92964E+10,8.95105E+10,8.9729E+10,8.99435E+10,9.01487E+10,9.03497E+10,9.05485E+10,9.07437E+10,9.09329E+10,9.11135E+10,9.12896E+10,9.1465E+10,9.16394E+10,9.18112E+10,9.19798E+10,9.21454E+10,9.23094E+10,9.24722E+10,9.26332E+10,9.27914E+10,9.29456E+10,9.30983E+10,9.32491E+10,9.33958E+10,9.35389E+10,9.36802E+10,9.38199E+10,9.39595E+10,9.41005E+10,9.42446E+10,9.43927E+10,9.45446E+10,9.47009E+10,9.48634E+10,9.50343E+10,9.52135E+10,9.54037E+10,9.56037E+10,9.58106E+10,9.60255E+10,9.62502E+10,9.64877E+10,9.67444E+10,9.70194E+10,9.73094E+10,9.76173E+10,9.79461E+10,9.82952E+10,9.86641E+10,9.90517E+10,9.946E+10,9.98931E+10,1.00351E+11,1.00828E+11,1.01315E+11,1.01811E+11,1.02323E+11,1.02849E+11,1.03386E+11,1.03934E+11,1.04496E+11,1.05073E+11,1.05666E+11,1.06271E+11,1.06895E+11,1.07543E+11,1.08197E+11,1.08834E+11,1.09464E+11,1.10099E+11,1.10739E+11,1.11374E+11,1.11991E+11,1.126E+11,1.13223E+11,1.13862E+11,1.14509E+11,1.15161E+11,1.15814E+11,1.16473E+11,1.17138E+11,1.17806E+11,1.18475E+11,1.19143E+11,1.19808E+11,1.20471E+11,1.21134E+11,1.21798E+11,1.22462E+11,1.2312E+11,1.23768E+11,1.24415E+11,1.25061E+11,1.25704E+11,1.2635E+11,1.27002E+11,1.27665E+11,1.28351E+11,1.29047E+11,1.29738E+11,1.30425E+11,1.31106E+11,1.31779E+11,1.32442E+11,1.33088E+11,1.3372E+11,1.34352E+11,1.34987E+11,1.35627E+11,1.36273E+11,1.36925E+11,1.37576E+11,1.38232E+11,1.38889E+11,1.39546E+11,1.40203E+11,1.40858E+11,1.41509E+11,1.4216E+11,1.42805E+11,1.43444E+11,1.44084E+11,1.44726E+11,1.45372E+11,1.46025E+11,1.46685E+11,1.47346E+11,1.48012E+11,1.48702E+11,1.49415E+11,1.50128E+11,1.50839E+11,1.51546E+11,1.52257E+11,1.52971E+11,1.53665E+11,1.54345E+11,1.55036E+11,1.55735E+11,1.56444E+11,1.57163E+11,1.57893E+11,1.58638E+11,1.59392E+11,1.60168E+11,1.60986E+11,1.61826E+11,1.62666E+11,1.63496E+11,1.64307E+11,1.65105E+11,1.65874E+11,1.66604E+11,1.67322E+11,1.68045E+11,1.68776E+11,1.69522E+11,1.70282E+11,1.71054E+11,1.71831E+11,1.72615E+11,1.73406E+11,1.74198E+11,1.74981E+11,1.75753E+11,1.76524E+11,1.77298E+11,1.78058E+11,1.78801E+11,1.79531E+11,1.80247E+11,1.80946E+11,1.8162E+11,1.82272E+11,1.82932E+11,1.83602E+11,1.84259E+11,1.84898E+11,1.85526E+11,1.86152E+11,1.86771E+11,1.87367E+11,1.87944E+11,1.88506E+11,1.8905E+11,1.89568E+11,1.90061E+11,1.90525E+11,1.91001E+11,1.91475E+11,1.91946E+11,1.92415E+11,1.92881E+11,1.93333E+11,1.93783E+11,1.9423E+11,1.94647E+11,1.95092E+11,1.95558E+11,1.96025E+11,1.96492E+11,1.9693E+11,1.97359E+11,1.97803E+11,1.9829E+11,1.98771E+11,1.99252E+11,1.99722E+11,2.00192E+11,2.00658E+11,2.01118E+11,2.01596E+11,2.02066E+11,2.02531E+11,2.02992E+11,2.0346E+11,2.03933E+11,2.04396E+11,2.04847E+11,2.0529E+11,2.05728E+11,2.06163E+11,2.06577E+11,2.06971E+11,2.07356E+11,2.07737E+11,2.0812E+11,2.0851E+11,2.08896E+11,2.09264E+11,2.09613E+11,2.09946E+11,2.10265E+11,2.1057E+11,2.10861E+11,2.11142E+11,2.11422E+11,2.11698E+11,2.11968E+11,2.1223E+11,2.12487E+11,2.12735E+11,2.12973E+11,2.13203E+11,2.13428E+11,2.13648E+11,2.13862E+11,2.1407E+11,2.14277E+11,2.14483E+11,2.14687E+11,2.14887E+11,2.15083E+11,2.15272E+11,2.15456E+11,2.15633E+11,2.15803E+11,2.15967E+11,2.16125E+11,2.16279E+11,2.1643E+11,2.16577E+11,2.16722E+11,2.16863E+11,2.17001E+11,2.17136E+11,2.17266E+11,2.17394E+11,2.17519E+11,2.17642E+11,2.17763E+11,2.17881E+11,2.17997E+11,2.18109E+11,2.1822E+11,2.18329E+11,2.18438E+11,2.18545E+11,2.18652E+11,2.18756E+11,2.18859E+11,2.18959E+11,2.19058E+11,2.19156E+11,2.19251E+11,2.19346E+11,2.1944E+11,2.19532E+11,2.19624E+11,2.19717E+11,2.19813E+11,2.19912E+11,2.20013E+11,2.20116E+11,2.20219E+11,2.20319E+11,2.20414E+11,2.20504E+11,2.2059E+11,2.20672E+11,2.20753E+11,2.20834E+11,2.20917E+11,2.21003E+11,2.21092E+11,2.21184E+11,2.21279E+11,2.21376E+11,2.21473E+11,2.21572E+11,2.21672E+11,2.21771E+11,2.21871E+11,2.21973E+11,2.22076E+11,2.22182E+11,2.2229E+11,2.224E+11,2.22512E+11,2.22626E+11,2.2274E+11,2.22855E+11,2.22975E+11,2.23098E+11,2.23224E+11,2.23355E+11,2.23491E+11,2.23635E+11,2.23786E+11,2.23942E+11,2.24105E+11,2.24277E+11,2.24456E+11,2.24635E+11,2.2481E+11,2.24979E+11,2.25144E+11,2.25304E+11,2.25458E+11,2.2561E+11,2.25765E+11,2.25925E+11,2.26087E+11,2.26245E+11,2.26399E+11,2.26548E+11,2.26693E+11,2.2683E+11,2.26958E+11,2.27081E+11,2.27202E+11,2.27323E+11,2.27443E+11,2.27562E+11,2.2768E+11,2.27793E+11,2.27901E+11,2.28004E+11,2.28102E+11,2.28195E+11,2.28284E+11,2.28368E+11,2.28447E+11,2.28523E+11,2.286E+11,2.2868E+11,2.28761E+11,2.28843E+11,2.28925E+11,2.2901E+11,2.29098E+11,2.29188E+11,2.29279E+11,2.29372E+11,2.29467E+11,2.29564E+11,2.29662E+11,2.29761E+11,2.29862E+11,2.29963E+11,2.30066E+11,2.30169E+11,2.30271E+11,2.30373E+11,2.30474E+11,2.30575E+11,2.30675E+11,2.30775E+11,2.30874E+11,2.30972E+11,2.31069E+11,2.31163E+11,2.31254E+11,2.31343E+11,2.31429E+11,2.31512E+11,2.31593E+11,2.31673E+11,2.31751E+11,2.31828E+11,2.31903E+11,2.31976E+11,2.32048E+11,2.32117E+11,2.32185E+11,2.32251E+11,2.32316E+11,2.32378E+11,2.32439E+11,2.32497E+11,2.32554E+11,2.3261E+11,2.32664E+11,2.32716E+11,2.32767E+11,2.32818E+11,2.32869E+11,2.32919E+11,2.32968E+11,2.33014E+11,2.3306E+11,2.33104E+11,2.33145E+11,2.33184E+11,2.33223E+11,2.33263E+11,2.33301E+11,2.3334E+11,2.33378E+11,2.33416E+11,2.33454E+11,2.3349E+11,2.33525E+11,2.33559E+11,2.33593E+11,2.33627E+11,2.3366E+11,2.33692E+11,2.33725E+11,2.33758E+11,2.33791E+11,2.33824E+11,2.33857E+11,2.3389E+11,2.33922E+11,2.33954E+11,2.33987E+11,2.34022E+11,2.34053E+11,2.34086E+11,2.34118E+11,2.34151E+11,2.34184E+11,2.34217E+11,2.34251E+11,2.34285E+11,2.3432E+11,2.34355E+11,2.3439E+11,2.34426E+11,2.34463E+11,2.345E+11,2.34538E+11,2.34576E+11,2.34615E+11,2.34655E+11,2.34695E+11,2.34737E+11,2.34779E+11,2.34821E+11,2.34865E+11,2.3491E+11,2.34955E+11
"Cost of Deaths Cumulative[Louisiana]",0,0,0,0,0,0,0,0,0,0,0,0,0,0,0,0,0,0,0,0,0,0,0,0,0,0,0,0,5.18929,69.1268,314.778,923.255,2127.29,4209.91,7507.94,12419.9,19416.9,29056.1,41989.5,58970.6,80866.8,108683,143603,187037,240667,306485,386861,484617,603090,746205,918567,1.12559E+06,1.37372E+06,1.67068E+06,2.0258E+06,2.4505E+06,2.95886E+06,3.5682E+06,4.29936E+06,5.17701E+06,6.23008E+06,7.4925E+06,9.00409E+06,1.08122E+07,1.29736E+07,1.55583E+07,1.86512E+07,2.23557E+07,2.67968E+07,3.21241E+07,3.8515E+07,4.61771E+07,5.53528E+07,6.63283E+07,7.94451E+07,9.51135E+07,1.13827E+08,1.36175E+08,1.62855E+08,1.94676E+08,2.32565E+08,2.77588E+08,3.30542E+08,3.90688E+08,4.58667E+08,5.35379E+08,6.21847E+08,7.19221E+08,8.2877E+08,9.51936E+08,1.09043E+09,1.24623E+09,1.42152E+09,1.61862E+09,1.84001E+09,2.08904E+09,2.37016E+09,2.68793E+09,3.04651E+09,3.44935E+09,3.89862E+09,4.39519E+09,4.93855E+09,5.52683E+09,6.15642E+09,6.82287E+09,7.52174E+09,8.24724E+09,8.99348E+09,9.75476E+09,1.05266E+10,1.13034E+10,1.20798E+10,1.28516E+10,1.36148E+10,1.43663E+10,1.51026E+10,1.58204E+10,1.65183E+10,1.71945E+10,1.78449E+10,1.84675E+10,1.90631E+10,1.96276E+10,2.01596E+10,2.06628E+10,2.11377E+10,2.15847E+10,2.20049E+10,2.24006E+10,2.27732E+10,2.3124E+10,2.34544E+10,2.37662E+10,2.40619E+10,2.43443E+10,2.46149E+10,2.48749E+10,2.51239E+10,2.53621E+10,2.55914E+10,2.58123E+10,2.60252E+10,2.62326E+10,2.64367E+10,2.66393E+10,2.68405E+10,2.70393E+10,2.72372E+10,2.74377E+10,2.76415E+10,2.78489E+10,2.80555E+10,2.82598E+10,2.84605E+10,2.8655E+10,2.88415E+10,2.90222E+10,2.91936E+10,2.93549E+10,2.95086E+10,2.96578E+10,2.98035E+10,2.99437E+10,3.00791E+10,3.02101E+10,3.03365E+10,3.04579E+10,3.05733E+10,3.06816E+10,3.07859E+10,3.08873E+10,3.09857E+10,3.10809E+10,3.11726E+10,3.12617E+10,3.13497E+10,3.14356E+10,3.15203E+10,3.16039E+10,3.16855E+10,3.17659E+10,3.18453E+10,3.19236E+10,3.20022E+10,3.20807E+10,3.21589E+10,3.22374E+10,3.23163E+10,3.23955E+10,3.24755E+10,3.25554E+10,3.26358E+10,3.27187E+10,3.2805E+10,3.28924E+10,3.29806E+10,3.30685E+10,3.3157E+10,3.32465E+10,3.33359E+10,3.34238E+10,3.35121E+10,3.3601E+10,3.36908E+10,3.37819E+10,3.38751E+10,3.39709E+10,3.40687E+10,3.41675E+10,3.42667E+10,3.43667E+10,3.44683E+10,3.45717E+10,3.46757E+10,3.47801E+10,3.48847E+10,3.49892E+10,3.50943E+10,3.51998E+10,3.53071E+10,3.54165E+10,3.55267E+10,3.56376E+10,3.57494E+10,3.58624E+10,3.59768E+10,3.60924E+10,3.62087E+10,3.63259E+10,3.64446E+10,3.65649E+10,3.66872E+10,3.68116E+10,3.69383E+10,3.70667E+10,3.71966E+10,3.7328E+10,3.74611E+10,3.75945E+10,3.77279E+10,3.78618E+10,3.79969E+10,3.81341E+10,3.82733E+10,3.84145E+10,3.85586E+10,3.87057E+10,3.8856E+10,3.90098E+10,3.91658E+10,3.93249E+10,3.94863E+10,3.9649E+10,3.98151E+10,3.99858E+10,4.01624E+10,4.03461E+10,4.0537E+10,4.07365E+10,4.09495E+10,4.11747E+10,4.14089E+10,4.16504E+10,4.18974E+10,4.2149E+10,4.24055E+10,4.26669E+10,4.29345E+10,4.32054E+10,4.3475E+10,4.37468E+10,4.40153E+10,4.42796E+10,4.4541E+10,4.47953E+10,4.50432E+10,4.52875E+10,4.55254E+10,4.57594E+10,4.59908E+10,4.62171E+10,4.64376E+10,4.66522E+10,4.68606E+10,4.70645E+10,4.72636E+10,4.74613E+10,4.76603E+10,4.78541E+10,4.80402E+10,4.8218E+10,4.83865E+10,4.85461E+10,4.86957E+10,4.88359E+10,4.89712E+10,4.91028E+10,4.92317E+10,4.93584E+10,4.94811E+10,4.96E+10,4.97154E+10,4.98278E+10,4.99373E+10,5.00433E+10,5.01464E+10,5.02473E+10,5.03459E+10,5.04423E+10,5.05365E+10,5.06289E+10,5.07196E+10,5.08084E+10,5.08953E+10,5.09808E+10,5.10651E+10,5.11482E+10,5.123E+10,5.13108E+10,5.13904E+10,5.1469E+10,5.15468E+10,5.16236E+10,5.16996E+10,5.17746E+10,5.18488E+10,5.1922E+10,5.19946E+10,5.20662E+10,5.21372E+10,5.22077E+10,5.22778E+10,5.23476E+10,5.24171E+10,5.24865E+10,5.2556E+10,5.26256E+10,5.26953E+10,5.27652E+10,5.28354E+10,5.29061E+10,5.29775E+10,5.30497E+10,5.31228E+10,5.31969E+10,5.32723E+10,5.33494E+10,5.3428E+10,5.35083E+10,5.35909E+10,5.36757E+10,5.37614E+10,5.38491E+10,5.39387E+10,5.40301E+10,5.41229E+10,5.42164E+10,5.43116E+10,5.44091E+10,5.45094E+10,5.46132E+10,5.47215E+10,5.48351E+10,5.49539E+10,5.5077E+10,5.52048E+10,5.53368E+10,5.54724E+10,5.56118E+10,5.57557E+10,5.59039E+10,5.60581E+10,5.62201E+10,5.63895E+10,5.65642E+10,5.67412E+10,5.6918E+10,5.70996E+10,5.72945E+10,5.74946E+10,5.76996E+10,5.79114E+10,5.81287E+10,5.83577E+10,5.85965E+10,5.88331E+10,5.90781E+10,5.93335E+10,5.96005E+10,5.98802E+10,6.01703E+10,6.04724E+10,6.07896E+10,6.11217E+10,6.14672E+10,6.18287E+10,6.22177E+10,6.26385E+10,6.3078E+10,6.3527E+10,6.3983E+10,6.44443E+10,6.49046E+10,6.53512E+10,6.57848E+10,6.62217E+10,6.66769E+10,6.71549E+10,6.76335E+10,6.80954E+10,6.85306E+10,6.89345E+10,6.93087E+10,6.96652E+10,7.00087E+10,7.03392E+10,7.06601E+10,7.09708E+10,7.12724E+10,7.15666E+10,7.18494E+10,7.21207E+10,7.23834E+10,7.26377E+10,7.28842E+10,7.31231E+10,7.33542E+10,7.3578E+10,7.37947E+10,7.40047E+10,7.42088E+10,7.44097E+10,7.46132E+10,7.48258E+10,7.5051E+10,7.52853E+10,7.55197E+10,7.57461E+10,7.5958E+10,7.61529E+10,7.63358E+10,7.65119E+10,7.66852E+10,7.68568E+10,7.70262E+10,7.71909E+10,7.7348E+10,7.75007E+10,7.76516E+10,7.7801E+10,7.79499E+10,7.80994E+10,7.82519E+10,7.84096E+10,7.85677E+10,7.87205E+10,7.88685E+10,7.90139E+10,7.91596E+10,7.93102E+10,7.94681E+10,7.963E+10,7.97957E+10,7.99649E+10,8.01335E+10,8.02935E+10,8.04403E+10,8.05795E+10,8.07174E+10,8.08555E+10,8.09945E+10,8.11349E+10,8.1277E+10,8.142E+10,8.15641E+10,8.17098E+10,8.18575E+10,8.20069E+10,8.21582E+10,8.23112E+10,8.24657E+10,8.26205E+10,8.27759E+10,8.29326E+10,8.30909E+10,8.32496E+10,8.34084E+10,8.35719E+10,8.37468E+10,8.39304E+10,8.41178E+10,8.43055E+10,8.44924E+10,8.46808E+10,8.48687E+10,8.50504E+10,8.52292E+10,8.5408E+10,8.55864E+10,8.57638E+10,8.5941E+10,8.61187E+10,8.62965E+10,8.6471E+10,8.66464E+10,8.68292E+10,8.70169E+10,8.72072E+10,8.73998E+10,8.75951E+10,8.77962E+10,8.80011E+10,8.82037E+10,8.84068E+10,8.86123E+10,8.88226E+10,8.9041E+10,8.92696E+10,8.95052E+10,8.97458E+10,8.99915E+10,9.02425E+10,9.04987E+10,9.07597E+10,9.10307E+10,9.13161E+10,9.16154E+10,9.19253E+10,9.22456E+10,9.25781E+10,9.29214E+10,9.32668E+10,9.36074E+10,9.39509E+10,9.43049E+10,9.46674E+10,9.50334E+10,9.54054E+10,9.57905E+10,9.61876E+10,9.65914E+10,9.70008E+10,9.74138E+10,9.78389E+10,9.82894E+10,9.87572E+10,9.9238E+10,9.97284E+10,1.00227E+11,1.00744E+11,1.01286E+11,1.01831E+11,1.02373E+11,1.0292E+11,1.03471E+11,1.04019E+11,1.04557E+11,1.05079E+11,1.05592E+11,1.06097E+11,1.06589E+11,1.0707E+11,1.07542E+11,1.08009E+11,1.08481E+11,1.08948E+11,1.094E+11,1.09836E+11,1.10256E+11,1.10656E+11,1.11036E+11,1.11387E+11,1.11714E+11,1.12032E+11,1.12341E+11,1.12641E+11,1.12937E+11,1.13227E+11,1.13508E+11,1.13784E+11,1.14054E+11,1.14321E+11,1.14587E+11,1.14848E+11,1.15106E+11,1.15366E+11,1.15626E+11,1.15882E+11,1.16131E+11,1.16375E+11,1.16616E+11,1.16853E+11,1.17091E+11,1.17336E+11,1.17587E+11,1.17845E+11,1.18111E+11,1.18385E+11,1.18671E+11,1.18975E+11,1.19292E+11,1.19621E+11,1.19965E+11,1.20318E+11,1.20684E+11,1.21064E+11,1.21457E+11,1.21867E+11,1.22302E+11,1.22768E+11,1.23267E+11,1.23813E+11,1.24409E+11,1.25062E+11,1.25777E+11,1.26547E+11,1.27365E+11,1.28252E+11,1.29228E+11,1.30294E+11,1.31418E+11,1.32581E+11,1.33781E+11,1.35013E+11,1.36282E+11,1.37598E+11,1.3894E+11,1.40286E+11,1.41647E+11,1.43068E+11,1.44567E+11,1.46112E+11,1.47661E+11,1.49215E+11,1.50789E+11,1.52352E+11,1.53827E+11,1.55197E+11,1.56489E+11,1.57717E+11,1.58883E+11,1.59993E+11,1.6106E+11,1.62082E+11,1.63041E+11,1.63929E+11,1.64761E+11,1.65542E+11,1.66271E+11,1.66949E+11,1.67589E+11,1.68197E+11,1.68784E+11,1.69353E+11,1.69906E+11,1.70457E+11,1.71009E+11,1.71551E+11,1.72069E+11,1.72565E+11,1.73022E+11,1.73443E+11,1.73834E+11,1.74191E+11,1.7452E+11,1.74835E+11,1.75135E+11,1.75422E+11,1.75694E+11,1.75944E+11,1.7618E+11,1.76409E+11,1.76631E+11,1.76848E+11,1.77056E+11,1.77256E+11,1.77452E+11,1.77644E+11,1.77833E+11,1.78023E+11,1.78212E+11,1.78397E+11,1.78577E+11,1.78752E+11,1.78928E+11,1.79109E+11,1.7928E+11,1.79441E+11,1.79599E+11,1.79754E+11,1.79905E+11,1.80048E+11,1.80182E+11,1.80314E+11,1.80446E+11,1.80578E+11,1.80712E+11,1.80851E+11,1.80997E+11,1.81147E+11,1.81303E+11,1.81464E+11,1.81629E+11,1.81795E+11,1.81953E+11,1.82107E+11,1.8226E+11,1.82415E+11,1.82573E+11,1.82736E+11,1.82907E+11,1.83093E+11,1.83302E+11,1.83529E+11,1.83772E+11,1.84019E+11,1.84261E+11,1.84497E+11,1.84726E+11,1.84956E+11,1.85188E+11,1.85426E+11,1.85681E+11,1.85952E+11,1.86235E+11,1.86523E+11,1.8682E+11,1.87136E+11,1.87463E+11,1.87791E+11,1.88131E+11,1.88492E+11,1.88882E+11,1.89297E+11,1.89724E+11,1.9017E+11,1.90648E+11,1.91149E+11,1.9168E+11,1.92252E+11,1.92854E+11,1.93495E+11,1.94182E+11,1.94889E+11,1.956E+11,1.96312E+11,1.97022E+11,1.97737E+11,1.98449E+11,1.99148E+11,1.99853E+11,2.00582E+11,2.01337E+11,2.02117E+11,2.02919E+11,2.03739E+11,2.04581E+11,2.05434E+11,2.06287E+11,2.07133E+11,2.07961E+11,2.08773E+11,2.09578E+11,2.10371E+11,2.11159E+11,2.11943E+11,2.1272E+11,2.13491E+11,2.14252E+11,2.14995E+11,2.15732E+11,2.16472E+11,2.17198E+11,2.17901E+11,2.18553E+11,2.19121E+11,2.19763E+11,2.20275E+11,2.2085E+11,2.21468E+11,2.22058E+11,2.22514E+11,2.22892E+11,2.23436E+11,2.23919E+11,2.2434E+11,2.24783E+11,2.25236E+11,2.25651E+11,2.25998E+11,2.26452E+11,2.26864E+11,2.2731E+11,2.27841E+11,2.28399E+11,2.28942E+11,2.29375E+11,2.29698E+11,2.30159E+11,2.30615E+11,2.31158E+11,2.31686E+11,2.32148E+11,2.3251E+11,2.32988E+11,2.33448E+11,2.33886E+11,2.34307E+11,2.3471E+11,2.35098E+11,2.35469E+11,2.35828E+11,2.36179E+11,2.36527E+11,2.36868E+11,2.37208E+11,2.37558E+11,2.37915E+11,2.3827E+11,2.38607E+11,2.38931E+11,2.39243E+11,2.39543E+11,2.39825E+11,2.40092E+11,2.40349E+11,2.40601E+11,2.40841E+11,2.41073E+11,2.41298E+11,2.41517E+11,2.41732E+11,2.41947E+11,2.4216E+11,2.42374E+11,2.42585E+11,2.42794E+11,2.43008E+11,2.43228E+11,2.43444E+11,2.43651E+11,2.43846E+11,2.44033E+11,2.44214E+11,2.44383E+11,2.44544E+11,2.447E+11,2.44852E+11,2.45004E+11,2.45154E+11,2.45297E+11,2.45432E+11,2.45561E+11,2.45686E+11,2.4581E+11,2.45935E+11,2.4606E+11,2.46188E+11,2.46323E+11,2.46464E+11,2.46605E+11,2.46746E+11,2.46886E+11,2.47025E+11,2.47162E+11,2.47295E+11,2.47427E+11,2.47562E+11,2.47696E+11,2.4783E+11,2.47964E+11,2.48098E+11,2.48232E+11,2.48364E+11,2.48497E+11,2.48638E+11,2.48783E+11,2.4893E+11,2.4908E+11,2.49238E+11,2.49408E+11,2.49585E+11,2.49764E+11,2.49947E+11,2.50129E+11,2.50315E+11,2.5051E+11,2.50707E+11,2.50909E+11,2.51115E+11,2.51324E+11,2.51536E+11,2.51747E+11,2.51949E+11,2.52147E+11,2.52349E+11,2.52556E+11,2.52768E+11,2.52987E+11,2.53217E+11,2.53463E+11,2.53721E+11,2.53985E+11,2.54253E+11,2.54525E+11,2.54801E+11,2.55075E+11,2.55345E+11,2.55616E+11,2.55891E+11,2.56167E+11,2.56448E+11,2.56733E+11,2.57024E+11,2.57323E+11,2.57629E+11,2.57941E+11,2.58258E+11,2.58573E+11,2.58888E+11,2.59202E+11,2.59515E+11,2.59826E+11,2.60132E+11,2.60438E+11,2.60748E+11,2.61056E+11,2.61365E+11,2.61683E+11,2.62008E+11,2.62317E+11,2.62625E+11,2.62916E+11,2.63188E+11,2.63445E+11,2.6368E+11,2.63893E+11,2.64096E+11,2.64292E+11,2.6448E+11,2.64657E+11,2.64822E+11,2.64977E+11,2.65119E+11,2.65255E+11,2.65381E+11,2.65499E+11,2.65609E+11,2.65712E+11,2.65808E+11,2.65889E+11,2.65973E+11,2.66054E+11,2.66128E+11,2.66195E+11,2.66258E+11,2.66316E+11,2.66368E+11,2.66418E+11,2.66463E+11,2.66505E+11,2.66549E+11,2.66592E+11,2.66635E+11,2.66677E+11,2.66716E+11,2.66757E+11,2.66796E+11,2.66842E+11,2.66887E+11,2.66931E+11,2.66969E+11,2.67012E+11,2.67056E+11,2.67101E+11,2.67149E+11,2.67196E+11,2.67241E+11,2.6728E+11,2.67323E+11,2.67367E+11,2.67412E+11,2.67457E+11,2.67501E+11,2.67544E+11,2.67587E+11,2.67632E+11,2.67676E+11,2.67719E+11,2.67763E+11,2.67806E+11,2.67849E+11,2.67888E+11,2.67932E+11,2.67976E+11,2.6802E+11,2.68065E+11,2.6811E+11,2.68154E+11,2.68191E+11,2.68232E+11,2.68275E+11,2.68317E+11,2.68359E+11,2.684E+11,2.6844E+11,2.68478E+11,2.68519E+11,2.68561E+11,2.68601E+11,2.68643E+11,2.68684E+11,2.68725E+11,2.68761E+11,2.688E+11,2.68838E+11,2.68878E+11,2.68918E+11,2.68958E+11,2.68997E+11,2.69032E+11,2.69072E+11,2.69112E+11,2.69152E+11,2.69195E+11,2.69238E+11,2.69281E+11,2.69321E+11,2.69358E+11,2.69399E+11,2.6944E+11,2.6948E+11,2.6952E+11,2.6956E+11,2.696E+11,2.69641E+11,2.69681E+11,2.69721E+11,2.69761E+11,2.69802E+11,2.69842E+11,2.69881E+11,2.69921E+11,2.69962E+11,2.70003E+11,2.70043E+11,2.70083E+11,2.70123E+11,2.70164E+11,2.70205E+11,2.70246E+11,2.70287E+11,2.70328E+11,2.70369E+11,2.7041E+11,2.70451E+11,2.70493E+11,2.70534E+11,2.70576E+11,2.70618E+11,2.70659E+11,2.70701E+11,2.70743E+11,2.70785E+11,2.70827E+11,2.70869E+11,2.70911E+11,2.70953E+11,2.70996E+11,2.71038E+11
"Cost of Deaths Cumulative[Maine]",0,0,0,0,0,0,0,0,0,0,0,0,0,0,0,0,0,0,0,0,0,0,0,0,0,0,0,0,0,93.1521,906.012,3915.15,11811.3,29226,64036.7,129571,248199,457251,819142,1.43858E+06,2.49078E+06,4.26597E+06,7.23511E+06,1.21674E+07,2.03445E+07,3.37666E+07,5.45225E+07,8.39479E+07,1.22617E+08,1.70554E+08,2.27238E+08,2.89966E+08,3.57133E+08,4.27675E+08,5.00677E+08,5.75313E+08,6.50905E+08,7.26971E+08,8.03157E+08,8.79118E+08,9.54529E+08,1.02913E+09,1.10272E+09,1.17521E+09,1.24651E+09,1.3166E+09,1.38549E+09,1.45321E+09,1.51983E+09,1.58537E+09,1.64991E+09,1.71352E+09,1.77624E+09,1.83806E+09,1.89902E+09,1.95918E+09,2.01858E+09,2.07725E+09,2.13523E+09,2.19252E+09,2.24909E+09,2.30492E+09,2.36001E+09,2.41432E+09,2.46784E+09,2.52058E+09,2.57254E+09,2.6237E+09,2.67409E+09,2.72369E+09,2.77251E+09,2.82055E+09,2.86781E+09,2.9143E+09,2.96002E+09,3.00502E+09,3.04932E+09,3.09297E+09,3.13602E+09,3.1785E+09,3.22043E+09,3.2618E+09,3.30262E+09,3.3429E+09,3.38266E+09,3.42191E+09,3.46066E+09,3.49893E+09,3.53672E+09,3.57404E+09,3.6118E+09,3.65003E+09,3.68758E+09,3.72429E+09,3.76034E+09,3.79585E+09,3.8308E+09,3.86501E+09,3.89834E+09,3.93076E+09,3.96217E+09,3.99261E+09,4.02218E+09,4.05093E+09,4.0789E+09,4.10605E+09,4.13235E+09,4.15787E+09,4.18273E+09,4.20709E+09,4.23121E+09,4.25544E+09,4.27986E+09,4.3041E+09,4.32784E+09,4.35086E+09,4.37333E+09,4.39512E+09,4.4165E+09,4.43742E+09,4.45794E+09,4.47833E+09,4.49902E+09,4.52019E+09,4.54161E+09,4.56263E+09,4.58366E+09,4.60486E+09,4.62605E+09,4.64676E+09,4.66707E+09,4.68725E+09,4.70738E+09,4.72676E+09,4.74523E+09,4.76314E+09,4.78095E+09,4.79828E+09,4.81514E+09,4.83186E+09,4.84844E+09,4.86485E+09,4.88107E+09,4.89678E+09,4.91215E+09,4.92734E+09,4.94196E+09,4.95612E+09,4.96993E+09,4.98343E+09,4.99649E+09,5.00906E+09,5.02115E+09,5.03269E+09,5.04362E+09,5.05426E+09,5.06458E+09,5.07456E+09,5.08431E+09,5.09385E+09,5.10321E+09,5.11232E+09,5.12099E+09,5.12923E+09,5.13703E+09,5.14458E+09,5.15179E+09,5.15858E+09,5.16512E+09,5.17132E+09,5.1771E+09,5.1827E+09,5.18824E+09,5.19374E+09,5.19934E+09,5.20488E+09,5.2104E+09,5.21599E+09,5.22155E+09,5.22713E+09,5.23259E+09,5.23782E+09,5.24296E+09,5.24813E+09,5.25336E+09,5.25865E+09,5.26394E+09,5.26928E+09,5.27476E+09,5.28042E+09,5.28627E+09,5.29228E+09,5.29835E+09,5.30451E+09,5.31092E+09,5.3176E+09,5.32457E+09,5.33188E+09,5.33963E+09,5.34796E+09,5.35699E+09,5.36642E+09,5.37603E+09,5.38596E+09,5.3962E+09,5.40694E+09,5.41814E+09,5.42974E+09,5.4416E+09,5.45372E+09,5.46608E+09,5.47856E+09,5.49097E+09,5.50334E+09,5.51549E+09,5.52757E+09,5.53947E+09,5.55101E+09,5.56246E+09,5.5737E+09,5.58467E+09,5.59541E+09,5.60586E+09,5.61598E+09,5.62588E+09,5.63547E+09,5.64472E+09,5.65365E+09,5.6623E+09,5.67074E+09,5.67893E+09,5.68684E+09,5.69453E+09,5.70203E+09,5.70933E+09,5.71648E+09,5.72343E+09,5.73021E+09,5.73689E+09,5.74342E+09,5.74982E+09,5.75606E+09,5.76216E+09,5.76818E+09,5.77414E+09,5.77995E+09,5.78564E+09,5.79125E+09,5.7968E+09,5.8023E+09,5.80777E+09,5.81321E+09,5.81865E+09,5.82408E+09,5.82953E+09,5.83505E+09,5.84064E+09,5.84632E+09,5.85212E+09,5.85803E+09,5.86408E+09,5.87026E+09,5.87657E+09,5.88306E+09,5.88978E+09,5.89677E+09,5.90402E+09,5.91157E+09,5.91949E+09,5.92784E+09,5.93668E+09,5.94603E+09,5.95593E+09,5.96642E+09,5.97749E+09,5.98912E+09,6.00126E+09,6.01384E+09,6.02684E+09,6.04021E+09,6.05382E+09,6.06761E+09,6.08145E+09,6.09529E+09,6.10909E+09,6.12277E+09,6.13625E+09,6.14947E+09,6.16239E+09,6.17501E+09,6.18733E+09,6.19934E+09,6.21103E+09,6.22239E+09,6.23343E+09,6.24415E+09,6.25454E+09,6.26462E+09,6.27438E+09,6.28383E+09,6.29297E+09,6.30183E+09,6.3104E+09,6.3187E+09,6.32673E+09,6.33451E+09,6.34205E+09,6.34936E+09,6.35646E+09,6.36335E+09,6.37006E+09,6.37658E+09,6.38294E+09,6.38915E+09,6.39522E+09,6.40116E+09,6.40699E+09,6.41272E+09,6.41837E+09,6.42396E+09,6.42949E+09,6.43498E+09,6.44047E+09,6.44595E+09,6.45146E+09,6.45702E+09,6.46265E+09,6.46838E+09,6.47426E+09,6.4803E+09,6.48655E+09,6.49306E+09,6.49987E+09,6.50703E+09,6.51461E+09,6.52268E+09,6.53131E+09,6.54059E+09,6.55063E+09,6.56153E+09,6.57338E+09,6.58624E+09,6.60018E+09,6.61523E+09,6.63134E+09,6.64846E+09,6.6665E+09,6.68535E+09,6.70493E+09,6.7251E+09,6.7458E+09,6.76699E+09,6.78856E+09,6.81044E+09,6.8326E+09,6.85501E+09,6.87764E+09,6.90045E+09,6.92343E+09,6.94663E+09,6.97018E+09,6.99401E+09,7.01782E+09,7.04172E+09,7.06578E+09,7.08975E+09,7.11347E+09,7.13717E+09,7.16096E+09,7.18487E+09,7.20889E+09,7.23304E+09,7.25731E+09,7.28173E+09,7.30638E+09,7.33122E+09,7.3563E+09,7.38165E+09,7.4073E+09,7.43332E+09,7.45982E+09,7.48663E+09,7.51375E+09,7.54126E+09,7.56907E+09,7.59711E+09,7.62536E+09,7.65422E+09,7.68413E+09,7.7145E+09,7.74506E+09,7.77614E+09,7.80775E+09,7.83963E+09,7.8714E+09,7.90299E+09,7.93441E+09,7.96543E+09,7.99604E+09,8.02636E+09,8.05653E+09,8.08645E+09,8.11614E+09,8.14578E+09,8.17542E+09,8.20501E+09,8.23452E+09,8.26395E+09,8.29331E+09,8.32261E+09,8.35185E+09,8.38104E+09,8.41018E+09,8.43928E+09,8.46835E+09,8.4974E+09,8.52643E+09,8.55544E+09,8.58442E+09,8.61341E+09,8.6424E+09,8.67133E+09,8.7002E+09,8.72899E+09,8.75769E+09,8.7863E+09,8.81475E+09,8.84309E+09,8.87134E+09,8.89944E+09,8.9274E+09,8.95516E+09,8.98272E+09,9.01E+09,9.03691E+09,9.06351E+09,9.08985E+09,9.11593E+09,9.14176E+09,9.16734E+09,9.19267E+09,9.21778E+09,9.24269E+09,9.26737E+09,9.29187E+09,9.31618E+09,9.34033E+09,9.36426E+09,9.38794E+09,9.41142E+09,9.43471E+09,9.45781E+09,9.48072E+09,9.50343E+09,9.52595E+09,9.54826E+09,9.57036E+09,9.59225E+09,9.61392E+09,9.63535E+09,9.65654E+09,9.67748E+09,9.69818E+09,9.71862E+09,9.73881E+09,9.75875E+09,9.77843E+09,9.79786E+09,9.81704E+09,9.83597E+09,9.85465E+09,9.87309E+09,9.89129E+09,9.90926E+09,9.927E+09,9.94451E+09,9.96181E+09,9.97889E+09,9.99576E+09,1.00124E+10,1.00289E+10,1.00451E+10,1.00612E+10,1.0077E+10,1.00926E+10,1.01081E+10,1.01233E+10,1.01383E+10,1.01531E+10,1.01678E+10,1.01822E+10,1.01965E+10,1.02105E+10,1.02244E+10,1.0238E+10,1.02515E+10,1.02648E+10,1.02779E+10,1.02908E+10,1.03035E+10,1.03161E+10,1.03284E+10,1.03406E+10,1.03526E+10,1.03644E+10,1.0376E+10,1.03875E+10,1.03987E+10,1.04098E+10,1.04207E+10,1.04315E+10,1.04421E+10,1.04525E+10,1.04628E+10,1.0473E+10,1.0483E+10,1.04928E+10,1.05026E+10,1.05122E+10,1.05217E+10,1.05311E+10,1.05405E+10,1.05497E+10,1.05589E+10,1.0568E+10,1.0577E+10,1.05861E+10,1.0595E+10,1.0604E+10,1.06129E+10,1.06219E+10,1.06308E+10,1.06398E+10,1.06488E+10,1.06578E+10,1.06669E+10,1.0676E+10,1.06853E+10,1.06946E+10,1.07041E+10,1.07138E+10,1.07238E+10,1.07339E+10,1.07444E+10,1.07551E+10,1.07667E+10,1.07786E+10,1.07906E+10,1.0803E+10,1.08161E+10,1.08294E+10,1.08425E+10,1.08556E+10,1.08692E+10,1.08832E+10,1.08974E+10,1.09115E+10,1.09257E+10,1.09399E+10,1.09543E+10,1.09688E+10,1.09832E+10,1.09978E+10,1.10126E+10,1.10274E+10,1.10419E+10,1.10562E+10,1.10705E+10,1.10848E+10,1.10994E+10,1.11138E+10,1.11276E+10,1.11413E+10,1.11549E+10,1.11676E+10,1.11794E+10,1.11904E+10,1.1201E+10,1.12116E+10,1.12222E+10,1.12329E+10,1.12439E+10,1.12553E+10,1.1267E+10,1.12793E+10,1.12915E+10,1.13032E+10,1.13143E+10,1.13253E+10,1.13365E+10,1.13475E+10,1.13583E+10,1.1369E+10,1.13796E+10,1.13901E+10,1.14003E+10,1.14102E+10,1.14199E+10,1.14294E+10,1.1439E+10,1.14484E+10,1.14579E+10,1.14676E+10,1.14776E+10,1.14878E+10,1.14982E+10,1.15088E+10,1.15196E+10,1.15305E+10,1.15413E+10,1.15521E+10,1.15631E+10,1.15745E+10,1.15865E+10,1.15991E+10,1.16126E+10,1.1627E+10,1.16423E+10,1.16588E+10,1.16766E+10,1.1696E+10,1.17171E+10,1.17395E+10,1.17633E+10,1.17889E+10,1.18164E+10,1.18457E+10,1.18768E+10,1.19095E+10,1.19437E+10,1.19793E+10,1.20164E+10,1.20548E+10,1.20945E+10,1.21358E+10,1.21791E+10,1.22244E+10,1.22716E+10,1.23199E+10,1.23698E+10,1.24213E+10,1.24746E+10,1.25307E+10,1.25901E+10,1.26511E+10,1.27125E+10,1.27737E+10,1.28353E+10,1.28984E+10,1.29625E+10,1.30261E+10,1.30891E+10,1.31538E+10,1.32213E+10,1.32913E+10,1.33635E+10,1.34382E+10,1.35148E+10,1.35934E+10,1.36747E+10,1.37582E+10,1.38429E+10,1.39299E+10,1.40187E+10,1.41105E+10,1.42074E+10,1.43078E+10,1.44116E+10,1.45187E+10,1.4628E+10,1.47402E+10,1.48558E+10,1.49723E+10,1.50908E+10,1.52119E+10,1.53353E+10,1.54615E+10,1.5593E+10,1.57311E+10,1.58747E+10,1.60184E+10,1.61638E+10,1.63135E+10,1.64694E+10,1.66296E+10,1.67928E+10,1.69611E+10,1.71393E+10,1.7325E+10,1.75186E+10,1.7719E+10,1.79272E+10,1.81433E+10,1.83666E+10,1.8598E+10,1.88387E+10,1.90858E+10,1.93421E+10,1.96091E+10,1.98869E+10,2.01762E+10,2.04769E+10,2.07899E+10,2.11175E+10,2.14584E+10,2.18126E+10,2.2179E+10,2.25569E+10,2.29512E+10,2.33631E+10,2.37919E+10,2.42436E+10,2.47118E+10,2.51971E+10,2.57077E+10,2.62395E+10,2.67857E+10,2.73537E+10,2.7945E+10,2.85577E+10,2.91928E+10,2.98515E+10,3.05424E+10,3.12795E+10,3.2048E+10,3.28201E+10,3.36009E+10,3.43913E+10,3.51737E+10,3.59345E+10,3.66688E+10,3.73883E+10,3.81093E+10,3.88299E+10,3.95412E+10,4.02507E+10,4.09571E+10,4.16573E+10,4.23536E+10,4.30407E+10,4.37146E+10,4.43721E+10,4.50096E+10,4.56315E+10,4.62361E+10,4.6827E+10,4.74025E+10,4.79623E+10,4.85087E+10,4.90452E+10,4.95685E+10,5.00843E+10,5.05929E+10,5.10823E+10,5.15487E+10,5.19931E+10,5.24183E+10,5.2827E+10,5.32153E+10,5.35795E+10,5.39157E+10,5.4224E+10,5.45125E+10,5.47814E+10,5.50243E+10,5.5245E+10,5.54491E+10,5.56436E+10,5.583E+10,5.60072E+10,5.61757E+10,5.63379E+10,5.64928E+10,5.66398E+10,5.67811E+10,5.69171E+10,5.70482E+10,5.71736E+10,5.72943E+10,5.74108E+10,5.75238E+10,5.76313E+10,5.77334E+10,5.78293E+10,5.79196E+10,5.80052E+10,5.80868E+10,5.81638E+10,5.82378E+10,5.83087E+10,5.83764E+10,5.8441E+10,5.8503E+10,5.85625E+10,5.86198E+10,5.8674E+10,5.87256E+10,5.87753E+10,5.88233E+10,5.88702E+10,5.89155E+10,5.89583E+10,5.89992E+10,5.90384E+10,5.90763E+10,5.91125E+10,5.91463E+10,5.91781E+10,5.92083E+10,5.92372E+10,5.92646E+10,5.92907E+10,5.93164E+10,5.93416E+10,5.93663E+10,5.93903E+10,5.94131E+10,5.94352E+10,5.94564E+10,5.94762E+10,5.94952E+10,5.95135E+10,5.9531E+10,5.9548E+10,5.95645E+10,5.95806E+10,5.95966E+10,5.96124E+10,5.96282E+10,5.96437E+10,5.96586E+10,5.96731E+10,5.96873E+10,5.9701E+10,5.97143E+10,5.97271E+10,5.974E+10,5.97527E+10,5.9765E+10,5.97773E+10,5.97896E+10,5.98019E+10,5.98145E+10,5.98273E+10,5.98402E+10,5.98531E+10,5.98656E+10,5.98778E+10,5.98901E+10,5.99022E+10,5.9914E+10,5.99259E+10,5.99384E+10,5.99514E+10,5.99649E+10,5.99789E+10,5.99936E+10,6.00093E+10,6.0026E+10,6.00432E+10,6.00609E+10,6.00789E+10,6.00971E+10,6.01156E+10,6.01341E+10,6.01531E+10,6.01725E+10,6.01933E+10,6.02161E+10,6.02401E+10,6.02656E+10,6.02918E+10,6.03175E+10,6.03421E+10,6.03642E+10,6.03841E+10,6.04029E+10,6.04209E+10,6.04384E+10,6.04559E+10,6.04736E+10,6.04919E+10,6.05109E+10,6.05306E+10,6.05509E+10,6.05717E+10,6.05926E+10,6.06136E+10,6.06349E+10,6.06555E+10,6.06758E+10,6.06964E+10,6.07175E+10,6.07386E+10,6.07597E+10,6.07811E+10,6.08034E+10,6.0826E+10,6.0848E+10,6.08704E+10,6.0893E+10,6.09159E+10,6.09395E+10,6.09637E+10,6.09889E+10,6.10157E+10,6.10438E+10,6.10723E+10,6.11015E+10,6.1133E+10,6.1166E+10,6.11984E+10,6.12294E+10,6.12589E+10,6.12874E+10,6.13145E+10,6.13399E+10,6.13647E+10,6.13903E+10,6.14172E+10,6.14446E+10,6.14708E+10,6.14957E+10,6.15196E+10,6.15423E+10,6.15633E+10,6.15823E+10,6.16E+10,6.16176E+10,6.16354E+10,6.16537E+10,6.16719E+10,6.16894E+10,6.17062E+10,6.17221E+10,6.17372E+10,6.17515E+10,6.1765E+10,6.17781E+10,6.17908E+10,6.1803E+10,6.18149E+10,6.18273E+10,6.18403E+10,6.18538E+10,6.18677E+10,6.18824E+10,6.18978E+10,6.19141E+10,6.19313E+10,6.19493E+10,6.19681E+10,6.1988E+10,6.20088E+10,6.20308E+10,6.20537E+10,6.20776E+10,6.21025E+10,6.21286E+10,6.21557E+10,6.21836E+10,6.22123E+10,6.22418E+10,6.22723E+10,6.23036E+10,6.23356E+10,6.23684E+10,6.24023E+10,6.24368E+10,6.24718E+10,6.25075E+10,6.25435E+10,6.25799E+10,6.26164E+10,6.26531E+10,6.26902E+10,6.27276E+10,6.27651E+10,6.28029E+10,6.28407E+10,6.28784E+10,6.29159E+10,6.29533E+10,6.29906E+10,6.30276E+10,6.30641E+10,6.31002E+10,6.31359E+10,6.31712E+10,6.32058E+10,6.32398E+10,6.32732E+10,6.33059E+10,6.33378E+10,6.33691E+10,6.33995E+10,6.34293E+10,6.34584E+10,6.34868E+10,6.35147E+10,6.35419E+10,6.35684E+10,6.35943E+10,6.36197E+10,6.36444E+10,6.36684E+10,6.36918E+10,6.37147E+10,6.37371E+10,6.37585E+10,6.37791E+10,6.37992E+10,6.38186E+10,6.38372E+10,6.3855E+10,6.38721E+10,6.3889E+10,6.39053E+10,6.39212E+10,6.39367E+10,6.39519E+10,6.39668E+10,6.39813E+10,6.39955E+10,6.40093E+10,6.40245E+10,6.40375E+10,6.40501E+10,6.40624E+10,6.40743E+10,6.4086E+10,6.40974E+10,6.41085E+10,6.41194E+10,6.413E+10,6.41404E+10,6.41505E+10,6.41605E+10,6.41703E+10,6.41799E+10,6.41893E+10,6.41986E+10,6.42078E+10,6.42169E+10,6.42259E+10,6.42348E+10,6.42437E+10,6.42525E+10,6.42613E+10,6.42701E+10,6.42789E+10
"Cost of Deaths Cumulative[Maryland]",0,0,0,0,0,0,0,0,0,0,0,0,0,0,0,0,0,0,0,0,0,0,0,0,0,0,0,0,0.118062,7.89381,53.572,190.095,491.44,1053.14,1994.5,3462.73,5638.48,8742.14,13041.4,18858.7,26579.1,36661.1,49656.2,66231.9,87189.8,113488,146265,186860,236842,298056,372699,463434,573550,707133,869238,1.0661E+06,1.30539E+06,1.59646E+06,1.95062E+06,2.38153E+06,2.90572E+06,3.54346E+06,4.31993E+06,5.26653E+06,6.42251E+06,7.83686E+06,9.5698E+06,1.16941E+07,1.42978E+07,1.74891E+07,2.14035E+07,2.62081E+07,3.21091E+07,3.93621E+07,4.82846E+07,5.927E+07,7.27978E+07,8.94414E+07,1.09678E+08,1.34074E+08,1.63334E+08,1.98203E+08,2.39459E+08,2.87892E+08,3.44271E+08,4.0933E+08,4.83771E+08,5.68251E+08,6.63367E+08,7.69643E+08,8.87542E+08,1.01748E+09,1.15982E+09,1.31487E+09,1.48294E+09,1.66427E+09,1.8591E+09,2.0676E+09,2.28989E+09,2.52599E+09,2.77585E+09,3.03925E+09,3.31585E+09,3.60529E+09,3.90712E+09,4.22088E+09,4.54606E+09,4.88214E+09,5.22859E+09,5.58485E+09,5.95035E+09,6.32451E+09,6.70673E+09,7.10277E+09,7.51077E+09,7.92348E+09,8.34158E+09,8.76403E+09,9.18779E+09,9.61205E+09,1.00378E+10,1.04657E+10,1.08966E+10,1.13287E+10,1.17592E+10,1.21879E+10,1.26158E+10,1.30421E+10,1.34651E+10,1.38848E+10,1.43022E+10,1.47165E+10,1.51267E+10,1.55328E+10,1.59352E+10,1.63356E+10,1.67365E+10,1.71365E+10,1.75344E+10,1.79311E+10,1.83226E+10,1.87127E+10,1.91007E+10,1.94839E+10,1.98629E+10,2.02352E+10,2.06001E+10,2.09673E+10,2.13331E+10,2.16992E+10,2.20664E+10,2.24365E+10,2.28128E+10,2.31918E+10,2.35651E+10,2.39315E+10,2.42904E+10,2.46402E+10,2.49802E+10,2.53143E+10,2.56419E+10,2.59588E+10,2.62667E+10,2.65674E+10,2.68634E+10,2.71557E+10,2.74422E+10,2.77199E+10,2.79904E+10,2.82546E+10,2.85116E+10,2.87621E+10,2.90075E+10,2.92478E+10,2.94827E+10,2.97134E+10,2.99407E+10,3.01638E+10,3.03837E+10,3.06011E+10,3.08143E+10,3.10221E+10,3.12236E+10,3.14186E+10,3.16085E+10,3.1793E+10,3.19707E+10,3.2143E+10,3.23103E+10,3.2472E+10,3.26283E+10,3.27806E+10,3.29291E+10,3.30739E+10,3.32156E+10,3.33531E+10,3.3484E+10,3.36088E+10,3.37287E+10,3.38446E+10,3.39573E+10,3.40663E+10,3.41722E+10,3.42758E+10,3.43768E+10,3.44756E+10,3.45728E+10,3.46686E+10,3.47623E+10,3.48538E+10,3.49442E+10,3.50354E+10,3.51251E+10,3.5212E+10,3.52965E+10,3.538E+10,3.54632E+10,3.55468E+10,3.5629E+10,3.57096E+10,3.57888E+10,3.58665E+10,3.59418E+10,3.60145E+10,3.60849E+10,3.61541E+10,3.62235E+10,3.62932E+10,3.63611E+10,3.64281E+10,3.64938E+10,3.65578E+10,3.66193E+10,3.66787E+10,3.67376E+10,3.67964E+10,3.68542E+10,3.69111E+10,3.69671E+10,3.70222E+10,3.70764E+10,3.71295E+10,3.71816E+10,3.72328E+10,3.72837E+10,3.73344E+10,3.7385E+10,3.74353E+10,3.74856E+10,3.75358E+10,3.75858E+10,3.76358E+10,3.76856E+10,3.77354E+10,3.7785E+10,3.78346E+10,3.78842E+10,3.79337E+10,3.79832E+10,3.80327E+10,3.80823E+10,3.81319E+10,3.81816E+10,3.82314E+10,3.82814E+10,3.83316E+10,3.83821E+10,3.84327E+10,3.84835E+10,3.85345E+10,3.85857E+10,3.8637E+10,3.86886E+10,3.87402E+10,3.87922E+10,3.88443E+10,3.88967E+10,3.89494E+10,3.90023E+10,3.90556E+10,3.91094E+10,3.91641E+10,3.92201E+10,3.92762E+10,3.93325E+10,3.93888E+10,3.94447E+10,3.95004E+10,3.95559E+10,3.96115E+10,3.96675E+10,3.9724E+10,3.97813E+10,3.98401E+10,3.98998E+10,3.99591E+10,4.00187E+10,4.00787E+10,4.01392E+10,4.02001E+10,4.02608E+10,4.03215E+10,4.03826E+10,4.04438E+10,4.05055E+10,4.05671E+10,4.06285E+10,4.06898E+10,4.07512E+10,4.08128E+10,4.08747E+10,4.09367E+10,4.0999E+10,4.10615E+10,4.11243E+10,4.11873E+10,4.12506E+10,4.13139E+10,4.13773E+10,4.14406E+10,4.15041E+10,4.15676E+10,4.16313E+10,4.16948E+10,4.17585E+10,4.18224E+10,4.18862E+10,4.195E+10,4.20139E+10,4.2078E+10,4.21422E+10,4.22065E+10,4.2271E+10,4.23363E+10,4.24024E+10,4.24704E+10,4.25411E+10,4.26125E+10,4.26827E+10,4.27522E+10,4.28206E+10,4.28887E+10,4.29565E+10,4.30245E+10,4.30932E+10,4.31629E+10,4.32335E+10,4.33053E+10,4.33781E+10,4.3452E+10,4.35272E+10,4.36038E+10,4.36816E+10,4.3761E+10,4.38418E+10,4.39243E+10,4.40084E+10,4.4094E+10,4.41814E+10,4.4271E+10,4.4363E+10,4.44577E+10,4.45553E+10,4.46557E+10,4.47593E+10,4.48656E+10,4.49745E+10,4.50855E+10,4.51991E+10,4.53156E+10,4.54354E+10,4.55588E+10,4.5686E+10,4.58172E+10,4.5953E+10,4.60954E+10,4.62467E+10,4.64071E+10,4.6574E+10,4.67471E+10,4.69273E+10,4.71091E+10,4.72889E+10,4.74657E+10,4.76424E+10,4.78208E+10,4.80011E+10,4.81834E+10,4.8369E+10,4.8558E+10,4.87503E+10,4.89463E+10,4.91469E+10,4.93532E+10,4.95648E+10,4.97797E+10,4.99989E+10,5.02235E+10,5.04533E+10,5.06879E+10,5.09242E+10,5.11624E+10,5.1404E+10,5.1648E+10,5.18937E+10,5.21398E+10,5.23857E+10,5.26364E+10,5.28972E+10,5.31671E+10,5.34433E+10,5.37227E+10,5.40027E+10,5.42832E+10,5.45611E+10,5.48345E+10,5.51038E+10,5.53697E+10,5.56329E+10,5.58936E+10,5.61513E+10,5.6404E+10,5.66516E+10,5.68965E+10,5.714E+10,5.73824E+10,5.76238E+10,5.78647E+10,5.81052E+10,5.83447E+10,5.8584E+10,5.88237E+10,5.90638E+10,5.93031E+10,5.95411E+10,5.97783E+10,6.00151E+10,6.02509E+10,6.04855E+10,6.07181E+10,6.09502E+10,6.11826E+10,6.14149E+10,6.16476E+10,6.18814E+10,6.21173E+10,6.2358E+10,6.26034E+10,6.28488E+10,6.30916E+10,6.3333E+10,6.35723E+10,6.38085E+10,6.4038E+10,6.42618E+10,6.44843E+10,6.47077E+10,6.49319E+10,6.51558E+10,6.53784E+10,6.56015E+10,6.5826E+10,6.60511E+10,6.62782E+10,6.65054E+10,6.67301E+10,6.69502E+10,6.71649E+10,6.73749E+10,6.758E+10,6.77808E+10,6.79792E+10,6.81764E+10,6.83735E+10,6.85701E+10,6.87663E+10,6.89625E+10,6.91584E+10,6.93532E+10,6.95469E+10,6.97387E+10,6.99293E+10,7.01192E+10,7.03086E+10,7.0497E+10,7.06846E+10,7.08703E+10,7.10552E+10,7.12389E+10,7.14227E+10,7.16078E+10,7.17919E+10,7.19741E+10,7.2155E+10,7.23334E+10,7.25083E+10,7.26786E+10,7.2845E+10,7.30094E+10,7.31725E+10,7.33343E+10,7.34951E+10,7.36554E+10,7.38157E+10,7.39758E+10,7.41355E+10,7.42943E+10,7.44519E+10,7.46092E+10,7.4765E+10,7.4919E+10,7.50709E+10,7.52208E+10,7.53694E+10,7.55172E+10,7.56638E+10,7.58094E+10,7.59542E+10,7.60983E+10,7.62419E+10,7.6385E+10,7.65275E+10,7.66694E+10,7.68107E+10,7.69515E+10,7.70917E+10,7.72315E+10,7.73706E+10,7.75091E+10,7.76469E+10,7.77843E+10,7.79212E+10,7.80578E+10,7.81943E+10,7.83305E+10,7.84667E+10,7.86026E+10,7.87385E+10,7.88748E+10,7.90113E+10,7.91482E+10,7.92855E+10,7.9423E+10,7.95599E+10,7.96962E+10,7.98323E+10,7.99688E+10,8.01058E+10,8.02435E+10,8.03817E+10,8.05203E+10,8.066E+10,8.08002E+10,8.09397E+10,8.10796E+10,8.12205E+10,8.1361E+10,8.15018E+10,8.16448E+10,8.17908E+10,8.1942E+10,8.20979E+10,8.22552E+10,8.24133E+10,8.25728E+10,8.27365E+10,8.29038E+10,8.30687E+10,8.32274E+10,8.33815E+10,8.35338E+10,8.36823E+10,8.38248E+10,8.39657E+10,8.41102E+10,8.4259E+10,8.44102E+10,8.45613E+10,8.47113E+10,8.48605E+10,8.50091E+10,8.51584E+10,8.53083E+10,8.54587E+10,8.56074E+10,8.57545E+10,8.59009E+10,8.60477E+10,8.6194E+10,8.63384E+10,8.64807E+10,8.66222E+10,8.67629E+10,8.69031E+10,8.70425E+10,8.71822E+10,8.73224E+10,8.7462E+10,8.76002E+10,8.77391E+10,8.78814E+10,8.80244E+10,8.8162E+10,8.82962E+10,8.8429E+10,8.85596E+10,8.86868E+10,8.881E+10,8.89328E+10,8.90592E+10,8.9188E+10,8.9319E+10,8.94538E+10,8.95912E+10,8.97305E+10,8.98725E+10,9.00173E+10,9.01653E+10,9.03173E+10,9.0474E+10,9.0638E+10,9.08105E+10,9.09922E+10,9.11827E+10,9.13836E+10,9.15958E+10,9.18218E+10,9.20657E+10,9.23275E+10,9.26066E+10,9.29038E+10,9.32216E+10,9.35633E+10,9.39332E+10,9.43299E+10,9.4753E+10,9.52053E+10,9.56913E+10,9.62119E+10,9.67648E+10,9.73494E+10,9.79655E+10,9.8614E+10,9.92932E+10,9.99963E+10,1.00724E+11,1.01479E+11,1.02262E+11,1.03078E+11,1.03924E+11,1.04797E+11,1.05694E+11,1.06613E+11,1.07556E+11,1.08528E+11,1.09537E+11,1.10577E+11,1.11649E+11,1.12769E+11,1.13928E+11,1.15118E+11,1.16335E+11,1.17585E+11,1.18891E+11,1.20216E+11,1.21514E+11,1.22787E+11,1.24056E+11,1.25329E+11,1.26602E+11,1.27851E+11,1.29094E+11,1.30369E+11,1.3167E+11,1.3297E+11,1.34267E+11,1.35564E+11,1.36862E+11,1.38163E+11,1.39441E+11,1.40687E+11,1.4192E+11,1.43149E+11,1.44378E+11,1.45598E+11,1.46783E+11,1.47933E+11,1.49073E+11,1.50205E+11,1.51342E+11,1.52479E+11,1.53581E+11,1.54636E+11,1.55664E+11,1.56665E+11,1.57638E+11,1.58574E+11,1.59476E+11,1.60366E+11,1.61256E+11,1.62139E+11,1.6301E+11,1.63873E+11,1.64727E+11,1.65569E+11,1.66397E+11,1.67206E+11,1.67992E+11,1.6876E+11,1.69514E+11,1.70259E+11,1.70992E+11,1.7171E+11,1.72417E+11,1.7312E+11,1.73822E+11,1.74519E+11,1.75204E+11,1.75877E+11,1.76535E+11,1.77177E+11,1.77807E+11,1.78425E+11,1.79033E+11,1.79627E+11,1.80211E+11,1.80788E+11,1.8136E+11,1.81924E+11,1.8248E+11,1.83032E+11,1.83579E+11,1.84118E+11,1.84652E+11,1.85181E+11,1.85707E+11,1.86229E+11,1.86744E+11,1.87257E+11,1.87767E+11,1.88281E+11,1.88802E+11,1.89343E+11,1.89924E+11,1.90539E+11,1.91156E+11,1.91757E+11,1.92336E+11,1.92882E+11,1.93394E+11,1.93871E+11,1.94325E+11,1.94767E+11,1.9521E+11,1.95656E+11,1.96108E+11,1.96566E+11,1.97026E+11,1.9749E+11,1.97956E+11,1.98418E+11,1.98882E+11,1.99344E+11,1.99794E+11,2.00234E+11,2.00672E+11,2.01104E+11,2.01533E+11,2.01953E+11,2.02368E+11,2.02782E+11,2.03199E+11,2.03627E+11,2.04075E+11,2.04535E+11,2.05008E+11,2.05493E+11,2.0599E+11,2.06495E+11,2.06994E+11,2.07486E+11,2.07968E+11,2.08454E+11,2.08948E+11,2.0944E+11,2.09932E+11,2.10426E+11,2.10919E+11,2.11425E+11,2.11941E+11,2.12464E+11,2.13006E+11,2.13564E+11,2.14126E+11,2.14697E+11,2.15278E+11,2.15875E+11,2.16479E+11,2.17076E+11,2.17674E+11,2.18277E+11,2.18877E+11,2.19467E+11,2.20036E+11,2.20589E+11,2.21138E+11,2.21683E+11,2.22221E+11,2.22756E+11,2.23282E+11,2.23795E+11,2.24297E+11,2.24795E+11,2.25294E+11,2.25787E+11,2.26261E+11,2.26728E+11,2.27185E+11,2.2763E+11,2.28061E+11,2.28467E+11,2.28856E+11,2.29236E+11,2.29607E+11,2.29967E+11,2.3031E+11,2.30638E+11,2.30953E+11,2.31259E+11,2.31555E+11,2.31843E+11,2.3213E+11,2.32428E+11,2.32721E+11,2.33002E+11,2.33276E+11,2.33544E+11,2.33808E+11,2.3406E+11,2.34298E+11,2.34534E+11,2.34777E+11,2.35023E+11,2.35267E+11,2.35507E+11,2.35747E+11,2.35991E+11,2.3624E+11,2.36489E+11,2.36739E+11,2.36988E+11,2.37234E+11,2.37474E+11,2.37707E+11,2.37931E+11,2.38149E+11,2.38363E+11,2.38575E+11,2.38787E+11,2.39001E+11,2.39214E+11,2.39426E+11,2.3964E+11,2.39854E+11,2.40066E+11,2.40276E+11,2.40485E+11,2.4069E+11,2.40893E+11,2.41096E+11,2.41298E+11,2.41504E+11,2.4171E+11,2.41919E+11,2.42137E+11,2.42365E+11,2.42595E+11,2.42823E+11,2.43048E+11,2.43271E+11,2.43495E+11,2.43724E+11,2.43954E+11,2.44188E+11,2.44428E+11,2.44671E+11,2.44913E+11,2.45159E+11,2.45411E+11,2.4566E+11,2.45909E+11,2.46155E+11,2.46401E+11,2.46642E+11,2.46869E+11,2.47078E+11,2.4728E+11,2.47478E+11,2.47675E+11,2.47872E+11,2.48073E+11,2.48282E+11,2.48501E+11,2.48726E+11,2.48952E+11,2.49179E+11,2.49407E+11,2.49636E+11,2.49865E+11,2.50094E+11,2.5033E+11,2.50573E+11,2.50819E+11,2.51063E+11,2.51309E+11,2.51554E+11,2.51795E+11,2.52032E+11,2.52268E+11,2.52505E+11,2.52745E+11,2.5299E+11,2.53238E+11,2.53491E+11,2.53751E+11,2.54023E+11,2.54306E+11,2.54595E+11,2.54889E+11,2.55196E+11,2.55517E+11,2.55836E+11,2.56136E+11,2.56417E+11,2.56685E+11,2.56938E+11,2.57177E+11,2.57408E+11,2.57647E+11,2.57893E+11,2.58138E+11,2.5837E+11,2.58587E+11,2.58791E+11,2.58979E+11,2.59146E+11,2.59298E+11,2.59438E+11,2.59574E+11,2.59707E+11,2.59838E+11,2.59966E+11,2.60088E+11,2.60203E+11,2.60311E+11,2.60414E+11,2.60511E+11,2.60604E+11,2.60693E+11,2.60778E+11,2.60858E+11,2.60935E+11,2.61014E+11,2.61094E+11,2.61176E+11,2.61259E+11,2.61344E+11,2.61431E+11,2.61521E+11,2.61614E+11,2.61709E+11,2.61805E+11,2.61902E+11,2.62003E+11,2.62105E+11,2.6221E+11,2.62316E+11,2.62425E+11,2.62535E+11,2.62646E+11,2.62757E+11,2.62867E+11,2.62978E+11,2.63089E+11,2.63197E+11,2.63305E+11,2.63412E+11,2.6352E+11,2.63625E+11,2.63727E+11,2.63828E+11,2.63926E+11,2.64021E+11,2.64114E+11,2.64203E+11,2.64291E+11,2.64377E+11,2.6446E+11,2.64541E+11,2.64619E+11,2.64694E+11,2.64767E+11,2.64838E+11,2.64907E+11,2.64975E+11,2.65042E+11,2.65106E+11,2.6517E+11,2.65233E+11,2.65295E+11,2.65357E+11,2.65416E+11,2.65474E+11,2.65531E+11,2.65587E+11,2.65642E+11,2.65696E+11,2.65749E+11,2.65801E+11,2.65853E+11,2.65904E+11,2.65955E+11,2.66005E+11,2.66055E+11,2.66104E+11,2.66154E+11,2.66203E+11,2.66253E+11,2.66303E+11,2.66352E+11,2.66401E+11,2.6645E+11,2.66498E+11,2.66547E+11,2.66594E+11,2.66642E+11,2.6669E+11,2.66738E+11,2.66787E+11,2.66837E+11,2.66887E+11,2.66938E+11,2.66989E+11,2.67041E+11,2.67101E+11,2.67167E+11,2.67216E+11,2.67265E+11,2.67316E+11,2.67367E+11,2.67419E+11,2.67471E+11,2.67525E+11,2.67578E+11,2.67632E+11,2.67687E+11,2.67742E+11,2.67797E+11,2.67853E+11,2.67909E+11,2.67966E+11,2.68023E+11,2.6808E+11,2.68137E+11,2.68195E+11,2.68253E+11,2.68312E+11,2.68371E+11,2.6843E+11,2.68489E+11,2.68548E+11
"Cost of Deaths Cumulative[Massachusetts]",0,0,0,0,0,0,0,0,0,0,0,0,0,0,0,0,0,0,0,0,0,0,0,0,0,0,0,0,0,0,0,0,0,0,0,0,0,0,0,0.431424,10.2836,55.3086,174.646,417.996,844.5,1521.94,2526.53,3942.75,5863.08,8388.64,11631.1,15715.3,20783.3,26999,34553.8,43670.3,54607.7,67667.5,83194.2,101576,123257,148757,178699,213833,255059,303455,360307,427136,505724,598155,706880,834750,985062,1.16164E+06,1.36894E+06,1.61216E+06,1.89722E+06,2.23071E+06,2.61988E+06,3.0727E+06,3.61439E+06,4.25739E+06,4.99428E+06,5.83598E+06,6.7962E+06,7.89028E+06,9.13545E+06,1.05512E+07,1.21596E+07,1.39857E+07,1.60583E+07,1.84104E+07,2.10803E+07,2.4113E+07,2.7561E+07,3.14863E+07,3.59608E+07,4.10686E+07,4.69062E+07,5.3583E+07,6.12206E+07,6.99541E+07,7.99351E+07,9.1337E+07,1.04356E+08,1.19212E+08,1.36151E+08,1.55446E+08,1.77396E+08,2.02328E+08,2.30544E+08,2.62359E+08,2.98337E+08,3.38994E+08,3.84792E+08,4.36287E+08,4.93933E+08,5.58402E+08,6.30119E+08,7.10211E+08,8.00213E+08,9.00165E+08,1.01081E+09,1.13324E+09,1.26895E+09,1.4189E+09,1.58417E+09,1.76669E+09,1.9688E+09,2.19295E+09,2.44297E+09,2.72214E+09,3.03197E+09,3.37371E+09,3.74544E+09,4.14788E+09,4.58347E+09,5.04917E+09,5.5408E+09,6.05412E+09,6.58601E+09,7.13248E+09,7.69221E+09,8.26088E+09,8.83595E+09,9.40964E+09,9.97786E+09,1.05406E+10,1.10994E+10,1.16456E+10,1.21772E+10,1.27017E+10,1.32242E+10,1.37388E+10,1.42367E+10,1.47205E+10,1.51919E+10,1.56584E+10,1.61172E+10,1.65591E+10,1.69853E+10,1.74039E+10,1.78119E+10,1.82086E+10,1.85937E+10,1.89684E+10,1.93349E+10,1.96913E+10,2.00353E+10,2.03661E+10,2.06874E+10,2.10025E+10,2.13111E+10,2.16089E+10,2.18969E+10,2.21771E+10,2.24527E+10,2.27232E+10,2.2987E+10,2.32479E+10,2.35049E+10,2.37549E+10,2.39982E+10,2.42329E+10,2.44584E+10,2.46748E+10,2.48791E+10,2.50803E+10,2.52879E+10,2.55047E+10,2.57343E+10,2.59792E+10,2.62316E+10,2.64805E+10,2.67141E+10,2.69221E+10,2.71017E+10,2.72606E+10,2.74035E+10,2.75354E+10,2.76632E+10,2.77868E+10,2.79065E+10,2.80233E+10,2.81365E+10,2.82468E+10,2.83567E+10,2.84639E+10,2.85673E+10,2.86669E+10,2.87621E+10,2.88533E+10,2.89417E+10,2.90272E+10,2.91106E+10,2.91916E+10,2.92701E+10,2.93467E+10,2.94206E+10,2.94919E+10,2.95609E+10,2.96274E+10,2.96913E+10,2.97527E+10,2.98125E+10,2.98718E+10,2.99301E+10,2.99867E+10,3.00416E+10,3.00954E+10,3.01483E+10,3.02001E+10,3.02501E+10,3.02992E+10,3.03472E+10,3.03938E+10,3.04392E+10,3.04833E+10,3.05258E+10,3.05672E+10,3.06071E+10,3.06457E+10,3.06836E+10,3.07207E+10,3.07568E+10,3.07923E+10,3.08273E+10,3.08619E+10,3.0896E+10,3.09299E+10,3.09635E+10,3.0997E+10,3.10305E+10,3.10638E+10,3.10971E+10,3.11305E+10,3.1164E+10,3.11975E+10,3.1231E+10,3.12647E+10,3.12986E+10,3.13326E+10,3.13669E+10,3.14014E+10,3.14363E+10,3.14717E+10,3.15074E+10,3.15436E+10,3.15802E+10,3.16174E+10,3.16551E+10,3.16933E+10,3.17319E+10,3.17709E+10,3.18105E+10,3.18506E+10,3.18913E+10,3.19327E+10,3.19746E+10,3.20172E+10,3.20604E+10,3.21042E+10,3.21488E+10,3.2194E+10,3.224E+10,3.22867E+10,3.23342E+10,3.23825E+10,3.24317E+10,3.24818E+10,3.25329E+10,3.25849E+10,3.2638E+10,3.26921E+10,3.27474E+10,3.28038E+10,3.28614E+10,3.29202E+10,3.29804E+10,3.30419E+10,3.31047E+10,3.3169E+10,3.32347E+10,3.3302E+10,3.33708E+10,3.34411E+10,3.35131E+10,3.35867E+10,3.36619E+10,3.37389E+10,3.38175E+10,3.38979E+10,3.39798E+10,3.40634E+10,3.41486E+10,3.42352E+10,3.43232E+10,3.44124E+10,3.45029E+10,3.45944E+10,3.46868E+10,3.47801E+10,3.4874E+10,3.49685E+10,3.50635E+10,3.51589E+10,3.52546E+10,3.53506E+10,3.54467E+10,3.5543E+10,3.56395E+10,3.57361E+10,3.58329E+10,3.59299E+10,3.60271E+10,3.61245E+10,3.62222E+10,3.63202E+10,3.64188E+10,3.65178E+10,3.66174E+10,3.67176E+10,3.68185E+10,3.69201E+10,3.70224E+10,3.71256E+10,3.72295E+10,3.73343E+10,3.744E+10,3.75467E+10,3.76542E+10,3.77627E+10,3.78722E+10,3.79827E+10,3.80942E+10,3.82067E+10,3.83204E+10,3.84352E+10,3.85514E+10,3.86688E+10,3.87878E+10,3.89083E+10,3.90304E+10,3.91543E+10,3.92802E+10,3.94082E+10,3.95384E+10,3.9671E+10,3.98061E+10,3.99439E+10,4.00845E+10,4.02279E+10,4.03742E+10,4.05235E+10,4.06759E+10,4.08314E+10,4.09901E+10,4.11518E+10,4.13166E+10,4.14845E+10,4.16553E+10,4.1829E+10,4.20055E+10,4.21848E+10,4.23669E+10,4.25515E+10,4.27388E+10,4.29286E+10,4.3121E+10,4.33158E+10,4.35131E+10,4.37128E+10,4.39149E+10,4.41196E+10,4.43267E+10,4.45364E+10,4.47485E+10,4.49632E+10,4.51804E+10,4.54002E+10,4.56225E+10,4.58475E+10,4.6075E+10,4.63052E+10,4.6538E+10,4.67734E+10,4.70112E+10,4.72515E+10,4.74942E+10,4.77398E+10,4.79878E+10,4.8238E+10,4.84902E+10,4.87443E+10,4.89999E+10,4.92554E+10,4.9511E+10,4.97661E+10,5.00205E+10,5.02744E+10,5.05275E+10,5.078E+10,5.10319E+10,5.12831E+10,5.15335E+10,5.17831E+10,5.20317E+10,5.22794E+10,5.25261E+10,5.2772E+10,5.30171E+10,5.32615E+10,5.35053E+10,5.37486E+10,5.39916E+10,5.42344E+10,5.44771E+10,5.47197E+10,5.49625E+10,5.52054E+10,5.54485E+10,5.56919E+10,5.59356E+10,5.61796E+10,5.64238E+10,5.66681E+10,5.69125E+10,5.71567E+10,5.74008E+10,5.76445E+10,5.78877E+10,5.81304E+10,5.83724E+10,5.86136E+10,5.88541E+10,5.90936E+10,5.93323E+10,5.957E+10,5.98069E+10,6.00429E+10,6.02782E+10,6.05129E+10,6.0747E+10,6.09806E+10,6.1214E+10,6.14472E+10,6.16802E+10,6.19131E+10,6.2146E+10,6.23789E+10,6.26118E+10,6.28449E+10,6.3078E+10,6.33112E+10,6.35444E+10,6.37777E+10,6.40108E+10,6.42438E+10,6.44766E+10,6.4709E+10,6.4941E+10,6.51724E+10,6.54033E+10,6.56335E+10,6.58629E+10,6.60914E+10,6.6319E+10,6.65456E+10,6.67711E+10,6.69956E+10,6.72189E+10,6.7441E+10,6.76621E+10,6.78821E+10,6.81011E+10,6.8319E+10,6.8536E+10,6.87522E+10,6.89674E+10,6.91819E+10,6.93956E+10,6.96085E+10,6.98206E+10,7.0032E+10,7.02427E+10,7.04526E+10,7.06619E+10,7.08704E+10,7.10783E+10,7.12854E+10,7.14917E+10,7.16972E+10,7.19018E+10,7.21054E+10,7.23081E+10,7.25098E+10,7.27104E+10,7.29098E+10,7.3108E+10,7.33051E+10,7.35008E+10,7.36952E+10,7.38882E+10,7.40798E+10,7.42699E+10,7.44585E+10,7.46456E+10,7.48311E+10,7.50151E+10,7.51975E+10,7.53783E+10,7.55575E+10,7.57352E+10,7.59113E+10,7.60859E+10,7.62589E+10,7.64305E+10,7.66005E+10,7.67691E+10,7.69362E+10,7.7102E+10,7.72663E+10,7.74294E+10,7.75912E+10,7.77517E+10,7.79111E+10,7.80693E+10,7.82264E+10,7.83825E+10,7.85375E+10,7.86915E+10,7.88446E+10,7.89968E+10,7.91481E+10,7.92986E+10,7.94484E+10,7.95974E+10,7.97458E+10,7.98935E+10,8.00408E+10,8.01876E+10,8.0334E+10,8.04804E+10,8.06267E+10,8.0773E+10,8.09217E+10,8.10731E+10,8.12212E+10,8.13676E+10,8.15134E+10,8.16579E+10,8.18009E+10,8.19421E+10,8.20825E+10,8.22236E+10,8.23656E+10,8.2508E+10,8.26506E+10,8.27932E+10,8.29355E+10,8.30774E+10,8.32191E+10,8.33601E+10,8.35013E+10,8.36425E+10,8.37831E+10,8.39235E+10,8.40643E+10,8.42055E+10,8.4347E+10,8.44879E+10,8.46279E+10,8.47679E+10,8.49116E+10,8.5068E+10,8.5239E+10,8.54143E+10,8.55884E+10,8.57674E+10,8.59548E+10,8.61419E+10,8.63068E+10,8.64603E+10,8.66168E+10,8.67798E+10,8.69469E+10,8.71151E+10,8.72836E+10,8.74582E+10,8.76432E+10,8.78362E+10,8.80366E+10,8.82472E+10,8.8469E+10,8.86995E+10,8.89386E+10,8.91909E+10,8.94579E+10,8.97446E+10,9.00486E+10,9.03716E+10,9.07201E+10,9.10963E+10,9.14911E+10,9.19058E+10,9.23402E+10,9.27981E+10,9.32778E+10,9.37715E+10,9.42755E+10,9.47923E+10,9.5327E+10,9.58791E+10,9.64468E+10,9.70509E+10,9.76925E+10,9.83352E+10,9.89844E+10,9.9629E+10,1.00255E+11,1.00886E+11,1.01507E+11,1.02109E+11,1.02719E+11,1.03336E+11,1.03954E+11,1.04581E+11,1.05214E+11,1.05864E+11,1.06532E+11,1.072E+11,1.07865E+11,1.08535E+11,1.09201E+11,1.0987E+11,1.10543E+11,1.11217E+11,1.11893E+11,1.12572E+11,1.13252E+11,1.13936E+11,1.14624E+11,1.15324E+11,1.16044E+11,1.16778E+11,1.17507E+11,1.18231E+11,1.18961E+11,1.19703E+11,1.20456E+11,1.21235E+11,1.22046E+11,1.2286E+11,1.2368E+11,1.24502E+11,1.25322E+11,1.2614E+11,1.26927E+11,1.27689E+11,1.2846E+11,1.29239E+11,1.30027E+11,1.30823E+11,1.31631E+11,1.32459E+11,1.3329E+11,1.34127E+11,1.34965E+11,1.35798E+11,1.36624E+11,1.37439E+11,1.38244E+11,1.39053E+11,1.39863E+11,1.40675E+11,1.41493E+11,1.42325E+11,1.43172E+11,1.44027E+11,1.44891E+11,1.45763E+11,1.46638E+11,1.47512E+11,1.48387E+11,1.49262E+11,1.50137E+11,1.5102E+11,1.51915E+11,1.52826E+11,1.53753E+11,1.54696E+11,1.55654E+11,1.56622E+11,1.57594E+11,1.58578E+11,1.59578E+11,1.60593E+11,1.61609E+11,1.62629E+11,1.63656E+11,1.64683E+11,1.65712E+11,1.66742E+11,1.67776E+11,1.68819E+11,1.69868E+11,1.70922E+11,1.71987E+11,1.73066E+11,1.74166E+11,1.75288E+11,1.7642E+11,1.77567E+11,1.7874E+11,1.79937E+11,1.81141E+11,1.82345E+11,1.83557E+11,1.84799E+11,1.86057E+11,1.87316E+11,1.88575E+11,1.89887E+11,1.91356E+11,1.9297E+11,1.94609E+11,1.96247E+11,1.97883E+11,1.99643E+11,2.01479E+11,2.03033E+11,2.04446E+11,2.0584E+11,2.0724E+11,2.08647E+11,2.09997E+11,2.11287E+11,2.12602E+11,2.13932E+11,2.1526E+11,2.16592E+11,2.17931E+11,2.19279E+11,2.20626E+11,2.21967E+11,2.2331E+11,2.2466E+11,2.26002E+11,2.27346E+11,2.28682E+11,2.30004E+11,2.31342E+11,2.32758E+11,2.34213E+11,2.35656E+11,2.37071E+11,2.38486E+11,2.39906E+11,2.41304E+11,2.42653E+11,2.43949E+11,2.45178E+11,2.4635E+11,2.47474E+11,2.48558E+11,2.49589E+11,2.50534E+11,2.51436E+11,2.52332E+11,2.53234E+11,2.54112E+11,2.55037E+11,2.55967E+11,2.56907E+11,2.57852E+11,2.58793E+11,2.59718E+11,2.60574E+11,2.61352E+11,2.62149E+11,2.62911E+11,2.63649E+11,2.64363E+11,2.65072E+11,2.65809E+11,2.66543E+11,2.6727E+11,2.6799E+11,2.68694E+11,2.69381E+11,2.70012E+11,2.70581E+11,2.71147E+11,2.71721E+11,2.72279E+11,2.7282E+11,2.73337E+11,2.73846E+11,2.74353E+11,2.74837E+11,2.75283E+11,2.75715E+11,2.76136E+11,2.76545E+11,2.76944E+11,2.77325E+11,2.77682E+11,2.78023E+11,2.78352E+11,2.78671E+11,2.78983E+11,2.79287E+11,2.79586E+11,2.79887E+11,2.80188E+11,2.80492E+11,2.8079E+11,2.81077E+11,2.81352E+11,2.81617E+11,2.81873E+11,2.82123E+11,2.82367E+11,2.82606E+11,2.82842E+11,2.83077E+11,2.83315E+11,2.83558E+11,2.83804E+11,2.84048E+11,2.84289E+11,2.84526E+11,2.84758E+11,2.84986E+11,2.85208E+11,2.85425E+11,2.85641E+11,2.85857E+11,2.86073E+11,2.86286E+11,2.86497E+11,2.86706E+11,2.86913E+11,2.8712E+11,2.87328E+11,2.87538E+11,2.87749E+11,2.87963E+11,2.88178E+11,2.88392E+11,2.8861E+11,2.88832E+11,2.8906E+11,2.89292E+11,2.89528E+11,2.89769E+11,2.90017E+11,2.90268E+11,2.90521E+11,2.90777E+11,2.91036E+11,2.91298E+11,2.91565E+11,2.91844E+11,2.92138E+11,2.92442E+11,2.92759E+11,2.93101E+11,2.93476E+11,2.93876E+11,2.94285E+11,2.94683E+11,2.95067E+11,2.95432E+11,2.95766E+11,2.96073E+11,2.96362E+11,2.96638E+11,2.96907E+11,2.97176E+11,2.97447E+11,2.97724E+11,2.98009E+11,2.98307E+11,2.98612E+11,2.98918E+11,2.99223E+11,2.99526E+11,2.99829E+11,3.00122E+11,3.00405E+11,3.00687E+11,3.00968E+11,3.01248E+11,3.01525E+11,3.01798E+11,3.02076E+11,3.02357E+11,3.02635E+11,3.02917E+11,3.03201E+11,3.03485E+11,3.03772E+11,3.04061E+11,3.04353E+11,3.04652E+11,3.04957E+11,3.05265E+11,3.05585E+11,3.05929E+11,3.06293E+11,3.06661E+11,3.0703E+11,3.07389E+11,3.07735E+11,3.08056E+11,3.08344E+11,3.08614E+11,3.08885E+11,3.09158E+11,3.0942E+11,3.0967E+11,3.09909E+11,3.10141E+11,3.10367E+11,3.1058E+11,3.10783E+11,3.10988E+11,3.11192E+11,3.11393E+11,3.11597E+11,3.11798E+11,3.11988E+11,3.12157E+11,3.12306E+11,3.12442E+11,3.12566E+11,3.12681E+11,3.12791E+11,3.129E+11,3.13006E+11,3.1311E+11,3.13217E+11,3.1333E+11,3.13447E+11,3.13566E+11,3.13685E+11,3.13807E+11,3.13935E+11,3.14067E+11,3.14202E+11,3.1434E+11,3.14484E+11,3.14635E+11,3.14792E+11,3.14955E+11,3.15122E+11,3.15297E+11,3.15478E+11,3.15664E+11,3.15851E+11,3.16038E+11,3.16223E+11,3.16418E+11,3.16611E+11,3.16802E+11,3.16997E+11,3.17197E+11,3.17399E+11,3.17594E+11,3.17795E+11,3.17994E+11,3.18192E+11,3.18386E+11,3.18575E+11,3.18763E+11,3.18949E+11,3.19136E+11,3.1932E+11,3.19501E+11,3.19679E+11,3.19857E+11,3.20033E+11,3.20201E+11,3.2037E+11,3.20535E+11,3.20695E+11,3.2085E+11,3.20996E+11,3.21135E+11,3.21269E+11,3.21402E+11,3.21531E+11,3.21657E+11,3.2178E+11,3.219E+11,3.22017E+11,3.2213E+11,3.22242E+11,3.22351E+11,3.22457E+11,3.2256E+11,3.2266E+11,3.22758E+11,3.22853E+11,3.22947E+11,3.23039E+11,3.23131E+11,3.2322E+11,3.23307E+11,3.23392E+11,3.23474E+11,3.23555E+11,3.23634E+11,3.2371E+11,3.23785E+11,3.23861E+11,3.23934E+11,3.24006E+11,3.24078E+11,3.2415E+11,3.24221E+11,3.24292E+11,3.24362E+11,3.24436E+11,3.24517E+11,3.24589E+11,3.2466E+11,3.24731E+11,3.24802E+11,3.24873E+11,3.24945E+11,3.25016E+11,3.25088E+11,3.2516E+11,3.25232E+11,3.25305E+11,3.25378E+11,3.25451E+11,3.25525E+11,3.256E+11,3.25676E+11,3.25752E+11,3.25829E+11,3.25907E+11,3.25986E+11,3.26065E+11,3.26146E+11,3.26228E+11,3.2631E+11,3.26394E+11
"Cost of Deaths Cumulative[Michigan]",0,0,0,0,0,0,0,0,0,0,0,0,0,0,0,0,0,0,0,0,0,0,0,0,0,0,1.58022,20.9782,95.1117,277.298,634.429,1246.46,2207.62,3628.54,5638.88,8390.31,12059.9,16852.8,23003.7,30778.2,40475.5,52436.2,67063.7,84851.5,106406,132462,163885,201676,246981,301115,365607,442248,533172,640949,768699,920286,1.10052E+06,1.31529E+06,1.5717E+06,1.87816E+06,2.24474E+06,2.68367E+06,3.20996E+06,3.84221E+06,4.60335E+06,5.52161E+06,6.63154E+06,7.97501E+06,9.60232E+06,1.15735E+07,1.39582E+07,1.68362E+07,2.0299E+07,2.44532E+07,2.94231E+07,3.53541E+07,4.24137E+07,5.07915E+07,6.06984E+07,7.23693E+07,8.60682E+07,1.02093E+08,1.20781E+08,1.42513E+08,1.67724E+08,1.96912E+08,2.30649E+08,2.69564E+08,3.13825E+08,3.63886E+08,4.20509E+08,4.84564E+08,5.57043E+08,6.39107E+08,7.32095E+08,8.37546E+08,9.57256E+08,1.0933E+09,1.24805E+09,1.42409E+09,1.62419E+09,1.85146E+09,2.10954E+09,2.40253E+09,2.73496E+09,3.11171E+09,3.53805E+09,4.01957E+09,4.56214E+09,5.17935E+09,5.8745E+09,6.64776E+09,7.50628E+09,8.45794E+09,9.51099E+09,1.0673E+10,1.19489E+10,1.3337E+10,1.4833E+10,1.64309E+10,1.81186E+10,1.98813E+10,2.17076E+10,2.35843E+10,2.5485E+10,2.73942E+10,2.93097E+10,3.12293E+10,3.31439E+10,3.5038E+10,3.6925E+10,3.87536E+10,4.05163E+10,4.22516E+10,4.39381E+10,4.55741E+10,4.71398E+10,4.86318E+10,5.00598E+10,5.14182E+10,5.27092E+10,5.39457E+10,5.51291E+10,5.62671E+10,5.73608E+10,5.84133E+10,5.94393E+10,6.04403E+10,6.14096E+10,6.23556E+10,6.32803E+10,6.41808E+10,6.50389E+10,6.5847E+10,6.66141E+10,6.73418E+10,6.80315E+10,6.86853E+10,6.93073E+10,6.98963E+10,7.04467E+10,7.09555E+10,7.14284E+10,7.18691E+10,7.22866E+10,7.26834E+10,7.30599E+10,7.34197E+10,7.37626E+10,7.40879E+10,7.43961E+10,7.46891E+10,7.49693E+10,7.52353E+10,7.54868E+10,7.57258E+10,7.59536E+10,7.6169E+10,7.63707E+10,7.65621E+10,7.67437E+10,7.69171E+10,7.7089E+10,7.72661E+10,7.74439E+10,7.76143E+10,7.77766E+10,7.7941E+10,7.81177E+10,7.82982E+10,7.84654E+10,7.86185E+10,7.87612E+10,7.88953E+10,7.90181E+10,7.91214E+10,7.92082E+10,7.92871E+10,7.9362E+10,7.94347E+10,7.95052E+10,7.95732E+10,7.9639E+10,7.97031E+10,7.97648E+10,7.9824E+10,7.9881E+10,7.99362E+10,7.99897E+10,8.00415E+10,8.00918E+10,8.01414E+10,8.01905E+10,8.02393E+10,8.02875E+10,8.03346E+10,8.03806E+10,8.04255E+10,8.04693E+10,8.05127E+10,8.05557E+10,8.05975E+10,8.0638E+10,8.06773E+10,8.07153E+10,8.07519E+10,8.07875E+10,8.08224E+10,8.08567E+10,8.08907E+10,8.09243E+10,8.09577E+10,8.0991E+10,8.10242E+10,8.10575E+10,8.10908E+10,8.11244E+10,8.1158E+10,8.11918E+10,8.12259E+10,8.126E+10,8.12943E+10,8.13288E+10,8.13637E+10,8.1399E+10,8.14349E+10,8.14713E+10,8.15083E+10,8.1546E+10,8.15845E+10,8.16239E+10,8.16642E+10,8.17054E+10,8.17477E+10,8.17912E+10,8.18359E+10,8.1882E+10,8.19297E+10,8.19788E+10,8.20295E+10,8.20818E+10,8.21358E+10,8.21915E+10,8.22488E+10,8.23078E+10,8.23686E+10,8.24315E+10,8.24965E+10,8.25637E+10,8.26333E+10,8.27055E+10,8.27803E+10,8.28577E+10,8.29376E+10,8.30201E+10,8.31055E+10,8.31938E+10,8.32869E+10,8.33888E+10,8.35001E+10,8.36164E+10,8.37334E+10,8.38526E+10,8.39749E+10,8.40957E+10,8.42133E+10,8.43307E+10,8.44518E+10,8.45782E+10,8.47093E+10,8.48455E+10,8.49886E+10,8.51376E+10,8.52923E+10,8.54537E+10,8.56231E+10,8.58007E+10,8.5989E+10,8.61885E+10,8.64013E+10,8.66253E+10,8.68571E+10,8.70969E+10,8.73414E+10,8.75879E+10,8.7834E+10,8.80768E+10,8.83199E+10,8.8565E+10,8.88121E+10,8.90622E+10,8.9313E+10,8.95639E+10,8.9813E+10,9.00618E+10,9.03076E+10,9.05465E+10,9.07802E+10,9.10086E+10,9.12322E+10,9.14519E+10,9.16649E+10,9.18716E+10,9.20747E+10,9.22739E+10,9.24698E+10,9.26617E+10,9.28489E+10,9.30305E+10,9.32089E+10,9.33844E+10,9.35573E+10,9.37286E+10,9.38983E+10,9.40669E+10,9.42354E+10,9.44037E+10,9.45752E+10,9.47497E+10,9.49206E+10,9.509E+10,9.52581E+10,9.54258E+10,9.55924E+10,9.57556E+10,9.59183E+10,9.60827E+10,9.62488E+10,9.64167E+10,9.65865E+10,9.67586E+10,9.69341E+10,9.71131E+10,9.7296E+10,9.7483E+10,9.76759E+10,9.78763E+10,9.80856E+10,9.83088E+10,9.85444E+10,9.87867E+10,9.90356E+10,9.92898E+10,9.9552E+10,9.98206E+10,1.00094E+11,1.0038E+11,1.00684E+11,1.01008E+11,1.01354E+11,1.01721E+11,1.02111E+11,1.02522E+11,1.02958E+11,1.03419E+11,1.039E+11,1.04398E+11,1.04913E+11,1.05453E+11,1.06024E+11,1.06614E+11,1.07214E+11,1.07825E+11,1.08439E+11,1.09049E+11,1.09639E+11,1.10201E+11,1.10743E+11,1.11267E+11,1.11775E+11,1.12274E+11,1.12765E+11,1.13249E+11,1.13723E+11,1.14186E+11,1.14635E+11,1.15072E+11,1.15496E+11,1.15905E+11,1.16302E+11,1.16689E+11,1.17066E+11,1.17429E+11,1.17782E+11,1.18128E+11,1.18463E+11,1.18791E+11,1.19117E+11,1.19446E+11,1.19774E+11,1.20093E+11,1.20399E+11,1.20696E+11,1.20986E+11,1.21265E+11,1.21535E+11,1.21794E+11,1.22044E+11,1.22286E+11,1.22518E+11,1.22744E+11,1.22961E+11,1.23171E+11,1.23376E+11,1.23578E+11,1.23776E+11,1.23973E+11,1.24167E+11,1.2436E+11,1.24552E+11,1.24744E+11,1.24935E+11,1.25128E+11,1.25321E+11,1.25514E+11,1.25707E+11,1.25901E+11,1.26098E+11,1.26297E+11,1.26498E+11,1.26702E+11,1.26909E+11,1.27121E+11,1.27337E+11,1.27557E+11,1.27781E+11,1.2801E+11,1.2824E+11,1.28475E+11,1.28714E+11,1.28958E+11,1.29207E+11,1.29462E+11,1.29722E+11,1.29989E+11,1.30263E+11,1.30543E+11,1.3083E+11,1.31124E+11,1.3143E+11,1.31751E+11,1.32093E+11,1.32456E+11,1.32834E+11,1.33219E+11,1.33612E+11,1.34017E+11,1.3443E+11,1.34848E+11,1.35273E+11,1.35717E+11,1.36185E+11,1.36677E+11,1.37184E+11,1.37705E+11,1.38235E+11,1.38775E+11,1.39315E+11,1.39853E+11,1.40394E+11,1.40939E+11,1.41483E+11,1.42025E+11,1.42563E+11,1.43091E+11,1.43612E+11,1.4412E+11,1.44611E+11,1.45088E+11,1.4555E+11,1.45995E+11,1.46425E+11,1.46839E+11,1.47236E+11,1.47621E+11,1.48001E+11,1.48371E+11,1.48724E+11,1.49061E+11,1.49384E+11,1.49694E+11,1.49991E+11,1.50276E+11,1.50548E+11,1.50811E+11,1.51068E+11,1.51317E+11,1.51558E+11,1.51792E+11,1.52018E+11,1.52238E+11,1.52452E+11,1.52659E+11,1.52861E+11,1.53057E+11,1.53248E+11,1.53434E+11,1.53616E+11,1.53794E+11,1.53967E+11,1.54137E+11,1.54303E+11,1.54466E+11,1.54626E+11,1.54783E+11,1.54937E+11,1.55089E+11,1.55238E+11,1.55385E+11,1.5553E+11,1.55674E+11,1.55817E+11,1.55958E+11,1.56099E+11,1.56239E+11,1.56379E+11,1.56518E+11,1.56657E+11,1.56797E+11,1.56937E+11,1.57079E+11,1.57221E+11,1.57363E+11,1.57507E+11,1.57652E+11,1.57799E+11,1.57946E+11,1.58096E+11,1.58248E+11,1.58403E+11,1.5856E+11,1.58719E+11,1.58882E+11,1.5905E+11,1.59223E+11,1.59402E+11,1.59585E+11,1.59771E+11,1.59962E+11,1.60161E+11,1.60367E+11,1.60581E+11,1.60801E+11,1.61027E+11,1.61262E+11,1.61513E+11,1.61775E+11,1.62035E+11,1.62292E+11,1.62551E+11,1.62813E+11,1.63074E+11,1.63332E+11,1.63594E+11,1.6387E+11,1.64161E+11,1.64462E+11,1.64771E+11,1.65087E+11,1.65412E+11,1.65745E+11,1.66086E+11,1.66434E+11,1.66792E+11,1.6716E+11,1.67534E+11,1.67915E+11,1.68302E+11,1.68698E+11,1.691E+11,1.69505E+11,1.69911E+11,1.70317E+11,1.70725E+11,1.71135E+11,1.7155E+11,1.71964E+11,1.72378E+11,1.72792E+11,1.73203E+11,1.73614E+11,1.74018E+11,1.74405E+11,1.74775E+11,1.7513E+11,1.75472E+11,1.758E+11,1.76112E+11,1.76415E+11,1.76715E+11,1.77011E+11,1.773E+11,1.77582E+11,1.77855E+11,1.78121E+11,1.78377E+11,1.78625E+11,1.78867E+11,1.79102E+11,1.79331E+11,1.79555E+11,1.79774E+11,1.7999E+11,1.802E+11,1.80406E+11,1.80609E+11,1.80809E+11,1.81008E+11,1.81207E+11,1.81407E+11,1.81612E+11,1.81821E+11,1.82032E+11,1.82246E+11,1.82466E+11,1.8269E+11,1.82917E+11,1.83151E+11,1.83395E+11,1.83655E+11,1.83937E+11,1.84241E+11,1.8457E+11,1.84927E+11,1.85313E+11,1.85733E+11,1.86191E+11,1.86693E+11,1.87246E+11,1.87851E+11,1.88516E+11,1.89245E+11,1.9004E+11,1.90902E+11,1.91828E+11,1.92813E+11,1.93847E+11,1.94917E+11,1.96016E+11,1.9714E+11,1.98283E+11,1.99445E+11,2.00635E+11,2.01865E+11,2.03101E+11,2.04318E+11,2.0551E+11,2.06679E+11,2.07835E+11,2.08957E+11,2.10009E+11,2.11007E+11,2.11985E+11,2.12953E+11,2.13915E+11,2.14867E+11,2.15805E+11,2.16742E+11,2.17673E+11,2.18573E+11,2.19445E+11,2.20302E+11,2.21142E+11,2.21964E+11,2.22761E+11,2.23537E+11,2.24296E+11,2.25045E+11,2.25777E+11,2.26494E+11,2.2719E+11,2.27862E+11,2.28514E+11,2.29146E+11,2.29755E+11,2.30347E+11,2.30934E+11,2.3151E+11,2.32074E+11,2.32638E+11,2.33205E+11,2.33773E+11,2.34328E+11,2.34872E+11,2.35413E+11,2.35961E+11,2.36504E+11,2.37036E+11,2.37563E+11,2.3809E+11,2.3861E+11,2.39125E+11,2.39635E+11,2.4013E+11,2.40611E+11,2.4108E+11,2.41553E+11,2.4203E+11,2.42502E+11,2.42964E+11,2.43429E+11,2.43883E+11,2.44336E+11,2.44795E+11,2.4526E+11,2.45735E+11,2.4622E+11,2.46713E+11,2.47252E+11,2.4783E+11,2.48426E+11,2.49044E+11,2.49692E+11,2.50386E+11,2.51123E+11,2.51887E+11,2.52677E+11,2.53499E+11,2.54358E+11,2.55258E+11,2.56205E+11,2.57203E+11,2.58269E+11,2.5943E+11,2.60651E+11,2.61893E+11,2.63146E+11,2.64398E+11,2.65647E+11,2.66865E+11,2.68028E+11,2.69172E+11,2.70327E+11,2.71494E+11,2.72675E+11,2.73866E+11,2.75074E+11,2.76296E+11,2.77525E+11,2.78749E+11,2.79965E+11,2.8117E+11,2.82367E+11,2.83547E+11,2.8471E+11,2.85857E+11,2.86969E+11,2.88054E+11,2.89117E+11,2.9014E+11,2.91117E+11,2.92052E+11,2.92966E+11,2.9387E+11,2.94743E+11,2.95548E+11,2.96262E+11,2.97038E+11,2.97778E+11,2.98481E+11,2.99149E+11,2.99786E+11,3.00346E+11,3.00858E+11,3.0143E+11,3.0198E+11,3.02512E+11,3.0303E+11,3.03539E+11,3.04045E+11,3.04523E+11,3.05032E+11,3.0553E+11,3.06026E+11,3.06516E+11,3.07009E+11,3.07519E+11,3.07998E+11,3.08448E+11,3.09084E+11,3.09731E+11,3.10398E+11,3.11085E+11,3.11758E+11,3.12375E+11,3.13135E+11,3.13916E+11,3.14712E+11,3.15521E+11,3.16332E+11,3.17141E+11,3.1795E+11,3.18811E+11,3.19691E+11,3.2058E+11,3.21467E+11,3.22352E+11,3.23239E+11,3.24119E+11,3.24972E+11,3.25808E+11,3.26648E+11,3.27492E+11,3.28337E+11,3.29185E+11,3.30032E+11,3.3088E+11,3.31726E+11,3.32567E+11,3.33399E+11,3.34228E+11,3.35067E+11,3.3591E+11,3.36755E+11,3.37592E+11,3.3841E+11,3.3921E+11,3.39985E+11,3.40724E+11,3.41437E+11,3.42124E+11,3.42795E+11,3.43456E+11,3.44105E+11,3.44741E+11,3.45363E+11,3.45976E+11,3.46579E+11,3.47168E+11,3.47742E+11,3.48303E+11,3.4885E+11,3.49382E+11,3.49894E+11,3.50388E+11,3.50868E+11,3.51335E+11,3.51792E+11,3.52235E+11,3.52665E+11,3.5309E+11,3.53509E+11,3.53917E+11,3.54314E+11,3.54699E+11,3.55084E+11,3.55477E+11,3.55871E+11,3.56263E+11,3.56651E+11,3.57031E+11,3.57401E+11,3.57757E+11,3.58093E+11,3.58411E+11,3.58715E+11,3.59012E+11,3.59309E+11,3.59605E+11,3.59896E+11,3.60184E+11,3.6047E+11,3.60753E+11,3.61035E+11,3.61315E+11,3.61594E+11,3.61872E+11,3.62149E+11,3.62426E+11,3.62703E+11,3.62975E+11,3.63248E+11,3.63521E+11,3.63792E+11,3.64063E+11,3.64335E+11,3.64606E+11,3.64869E+11,3.65147E+11,3.65427E+11,3.65713E+11,3.6601E+11,3.66316E+11,3.6661E+11,3.66885E+11,3.67208E+11,3.67529E+11,3.67846E+11,3.68154E+11,3.68456E+11,3.68731E+11,3.68996E+11,3.6933E+11,3.69668E+11,3.7001E+11,3.70358E+11,3.70711E+11,3.71034E+11,3.71341E+11,3.71735E+11,3.72131E+11,3.72528E+11,3.7293E+11,3.73337E+11,3.73715E+11,3.74075E+11,3.74521E+11,3.74967E+11,3.75423E+11,3.75897E+11,3.76375E+11,3.76814E+11,3.77211E+11,3.77666E+11,3.78097E+11,3.785E+11,3.78871E+11,3.79225E+11,3.79553E+11,3.79854E+11,3.80177E+11,3.80484E+11,3.80775E+11,3.81053E+11,3.81319E+11,3.81567E+11,3.81791E+11,3.82024E+11,3.82243E+11,3.82449E+11,3.82644E+11,3.82826E+11,3.82992E+11,3.83153E+11,3.83303E+11,3.83444E+11,3.83575E+11,3.83697E+11,3.83808E+11,3.83907E+11,3.8401E+11,3.84106E+11,3.84201E+11,3.84298E+11,3.84396E+11,3.8449E+11,3.84582E+11,3.84684E+11,3.84787E+11,3.84889E+11,3.84992E+11,3.85095E+11,3.85192E+11,3.85287E+11,3.85399E+11,3.85511E+11,3.85624E+11,3.85738E+11,3.85851E+11,3.85959E+11,3.86063E+11,3.86183E+11,3.86303E+11,3.86422E+11,3.86542E+11,3.86661E+11,3.8677E+11,3.86874E+11,3.86999E+11,3.87121E+11,3.87243E+11,3.87363E+11,3.87481E+11,3.87587E+11,3.87688E+11,3.87809E+11,3.87928E+11,3.88044E+11,3.88159E+11,3.88271E+11,3.88375E+11,3.88472E+11,3.88584E+11,3.88693E+11,3.88799E+11,3.88903E+11,3.89005E+11,3.89091E+11,3.89171E+11,3.89276E+11,3.89377E+11,3.89476E+11,3.89572E+11,3.89666E+11,3.89748E+11,3.89823E+11,3.89918E+11,3.90009E+11,3.90099E+11,3.90186E+11,3.90272E+11,3.90346E+11,3.90415E+11,3.90502E+11,3.90587E+11,3.90671E+11,3.90753E+11,3.90835E+11,3.90907E+11,3.90974E+11,3.91056E+11,3.91135E+11,3.91213E+11,3.9129E+11,3.91364E+11,3.91431E+11,3.91495E+11,3.91574E+11,3.91652E+11,3.91729E+11,3.91805E+11,3.91881E+11,3.91951E+11,3.92018E+11,3.92098E+11,3.92178E+11,3.92254E+11,3.9233E+11,3.92407E+11,3.92484E+11,3.92561E+11,3.92639E+11,3.92717E+11,3.92796E+11,3.92875E+11,3.92954E+11,3.93034E+11,3.93114E+11,3.93195E+11,3.93276E+11,3.93358E+11,3.9344E+11,3.93523E+11,3.93606E+11,3.93689E+11,3.93773E+11,3.93857E+11,3.93941E+11,3.94025E+11,3.9411E+11,3.94195E+11
"Cost of Deaths Cumulative[Minnesota]",0,0,0,0,0,0,0,0,0,0,0,0,0,0,0,0,0,0,0,0,0,0,0,0,0,0,0,0,0,0,0.0451791,2.99517,20.1296,70.5643,179.643,377.904,700.581,1187.07,1880.25,2826.24,4074.63,5679.57,7701.37,10207.9,13276,16991.6,21450.1,26756.5,33027.2,40392.4,48999.5,59017.6,70645.1,84118.6,99719.8,117783,138698,162915,190955,223418,261010,304582,355172,414047,482740,563098,657307,767910,897816,1.05035E+06,1.22925E+06,1.43877E+06,1.68366E+06,1.96933E+06,2.30184E+06,2.68792E+06,3.13486E+06,3.65037E+06,4.24253E+06,4.91987E+06,5.69155E+06,6.56745E+06,7.55844E+06,8.67664E+06,9.93593E+06,1.13525E+07,1.29449E+07,1.47348E+07,1.67472E+07,1.90113E+07,2.15608E+07,2.44345E+07,2.76772E+07,3.1341E+07,3.54867E+07,4.01848E+07,4.55175E+07,5.15788E+07,5.84738E+07,6.63174E+07,7.52336E+07,8.53584E+07,9.68414E+07,1.09844E+08,1.24539E+08,1.41108E+08,1.59744E+08,1.80648E+08,2.04032E+08,2.3011E+08,2.59107E+08,2.91249E+08,3.26768E+08,3.65905E+08,4.09736E+08,4.58412E+08,5.1132E+08,5.68819E+08,6.31175E+08,6.98763E+08,7.71913E+08,8.50991E+08,9.36697E+08,1.0286E+09,1.12782E+09,1.23588E+09,1.35227E+09,1.47782E+09,1.61352E+09,1.76022E+09,1.91645E+09,2.08491E+09,2.26915E+09,2.46684E+09,2.67887E+09,2.90837E+09,3.15479E+09,3.41375E+09,3.68929E+09,3.9826E+09,4.28753E+09,4.60856E+09,4.94279E+09,5.28636E+09,5.63318E+09,5.98612E+09,6.34599E+09,6.70888E+09,7.07306E+09,7.44049E+09,7.80501E+09,8.16004E+09,8.51714E+09,8.87012E+09,9.21763E+09,9.559E+09,9.8878E+09,1.02141E+10,1.05324E+10,1.08371E+10,1.11415E+10,1.14381E+10,1.17199E+10,1.19885E+10,1.22562E+10,1.25144E+10,1.27602E+10,1.29904E+10,1.32159E+10,1.3427E+10,1.36265E+10,1.38167E+10,1.39987E+10,1.41728E+10,1.43394E+10,1.45006E+10,1.46584E+10,1.48149E+10,1.49696E+10,1.51215E+10,1.5271E+10,1.5417E+10,1.55587E+10,1.56948E+10,1.58263E+10,1.59541E+10,1.60798E+10,1.62029E+10,1.63235E+10,1.64418E+10,1.65581E+10,1.66717E+10,1.67824E+10,1.6891E+10,1.69963E+10,1.7098E+10,1.71969E+10,1.72934E+10,1.73875E+10,1.74797E+10,1.75689E+10,1.7654E+10,1.77314E+10,1.78015E+10,1.78675E+10,1.79301E+10,1.79895E+10,1.8047E+10,1.81033E+10,1.81586E+10,1.82132E+10,1.82665E+10,1.83182E+10,1.83686E+10,1.84175E+10,1.84651E+10,1.85115E+10,1.85565E+10,1.86005E+10,1.86447E+10,1.86901E+10,1.87367E+10,1.87834E+10,1.88307E+10,1.8878E+10,1.89245E+10,1.89706E+10,1.90157E+10,1.90586E+10,1.90982E+10,1.91349E+10,1.91702E+10,1.92055E+10,1.924E+10,1.92728E+10,1.93048E+10,1.93363E+10,1.93669E+10,1.9396E+10,1.94238E+10,1.94506E+10,1.9477E+10,1.95031E+10,1.95291E+10,1.9555E+10,1.95807E+10,1.96063E+10,1.96317E+10,1.96571E+10,1.96824E+10,1.97077E+10,1.97329E+10,1.9758E+10,1.97831E+10,1.98082E+10,1.98335E+10,1.98588E+10,1.98843E+10,1.99098E+10,1.99354E+10,1.99611E+10,1.9987E+10,2.0013E+10,2.00392E+10,2.00655E+10,2.0092E+10,2.01187E+10,2.01456E+10,2.01726E+10,2.01999E+10,2.02275E+10,2.02557E+10,2.02847E+10,2.03144E+10,2.03445E+10,2.03751E+10,2.04062E+10,2.04374E+10,2.04686E+10,2.04993E+10,2.05302E+10,2.05615E+10,2.05936E+10,2.06261E+10,2.06593E+10,2.0693E+10,2.07275E+10,2.07625E+10,2.07982E+10,2.08347E+10,2.0872E+10,2.09101E+10,2.09492E+10,2.09894E+10,2.10302E+10,2.10718E+10,2.11138E+10,2.11562E+10,2.11994E+10,2.12445E+10,2.12918E+10,2.13407E+10,2.13903E+10,2.14398E+10,2.14896E+10,2.15406E+10,2.15924E+10,2.16449E+10,2.16984E+10,2.17532E+10,2.18101E+10,2.18688E+10,2.1929E+10,2.19909E+10,2.20539E+10,2.21181E+10,2.21834E+10,2.22496E+10,2.23169E+10,2.23854E+10,2.24549E+10,2.25254E+10,2.25967E+10,2.26684E+10,2.27405E+10,2.28132E+10,2.28871E+10,2.2962E+10,2.30377E+10,2.31143E+10,2.31916E+10,2.32696E+10,2.33482E+10,2.34274E+10,2.35071E+10,2.35878E+10,2.36694E+10,2.37518E+10,2.38349E+10,2.3919E+10,2.40039E+10,2.40893E+10,2.41752E+10,2.42617E+10,2.43493E+10,2.44384E+10,2.45286E+10,2.46199E+10,2.47124E+10,2.48061E+10,2.49012E+10,2.49974E+10,2.50939E+10,2.51911E+10,2.52888E+10,2.53869E+10,2.5485E+10,2.55831E+10,2.56815E+10,2.57803E+10,2.588E+10,2.59808E+10,2.60827E+10,2.61859E+10,2.62907E+10,2.63972E+10,2.65054E+10,2.66156E+10,2.67277E+10,2.68419E+10,2.69582E+10,2.70767E+10,2.71974E+10,2.73203E+10,2.74454E+10,2.75724E+10,2.77015E+10,2.78323E+10,2.79648E+10,2.80989E+10,2.82344E+10,2.83712E+10,2.85093E+10,2.86491E+10,2.87915E+10,2.89367E+10,2.90829E+10,2.92284E+10,2.93737E+10,2.95197E+10,2.96669E+10,2.98152E+10,2.99651E+10,3.01181E+10,3.02749E+10,3.04347E+10,3.05986E+10,3.07645E+10,3.09315E+10,3.10985E+10,3.12671E+10,3.14364E+10,3.16041E+10,3.17714E+10,3.19391E+10,3.21059E+10,3.22721E+10,3.24396E+10,3.26131E+10,3.27989E+10,3.29909E+10,3.31781E+10,3.33594E+10,3.35386E+10,3.37166E+10,3.3891E+10,3.40629E+10,3.42315E+10,3.4397E+10,3.45589E+10,3.47168E+10,3.48704E+10,3.50206E+10,3.51691E+10,3.53164E+10,3.54626E+10,3.56089E+10,3.57569E+10,3.59062E+10,3.60578E+10,3.62091E+10,3.63581E+10,3.65041E+10,3.66464E+10,3.67866E+10,3.69262E+10,3.70659E+10,3.72057E+10,3.73459E+10,3.7487E+10,3.76303E+10,3.77761E+10,3.79229E+10,3.80721E+10,3.82232E+10,3.83728E+10,3.85197E+10,3.86625E+10,3.88029E+10,3.89428E+10,3.9082E+10,3.92205E+10,3.93588E+10,3.94978E+10,3.96392E+10,3.97827E+10,3.99249E+10,4.00647E+10,4.02029E+10,4.03398E+10,4.04746E+10,4.06083E+10,4.07421E+10,4.08763E+10,4.10112E+10,4.11464E+10,4.12822E+10,4.14205E+10,4.15619E+10,4.17062E+10,4.18541E+10,4.2004E+10,4.21537E+10,4.23028E+10,4.24486E+10,4.25898E+10,4.27284E+10,4.28654E+10,4.30011E+10,4.31359E+10,4.32705E+10,4.34057E+10,4.35431E+10,4.36826E+10,4.38234E+10,4.39654E+10,4.41079E+10,4.42473E+10,4.43804E+10,4.45084E+10,4.4634E+10,4.47581E+10,4.48805E+10,4.50012E+10,4.5121E+10,4.52395E+10,4.53566E+10,4.54727E+10,4.5588E+10,4.5703E+10,4.58175E+10,4.59314E+10,4.60458E+10,4.61631E+10,4.62819E+10,4.6398E+10,4.65104E+10,4.66217E+10,4.67325E+10,4.68429E+10,4.69514E+10,4.70581E+10,4.71637E+10,4.72687E+10,4.73731E+10,4.74769E+10,4.75799E+10,4.76823E+10,4.77842E+10,4.78856E+10,4.79864E+10,4.80868E+10,4.81866E+10,4.8286E+10,4.83851E+10,4.84838E+10,4.8582E+10,4.86797E+10,4.87767E+10,4.8873E+10,4.89686E+10,4.90636E+10,4.91581E+10,4.92521E+10,4.93457E+10,4.94389E+10,4.95317E+10,4.96243E+10,4.97169E+10,4.98094E+10,4.99015E+10,4.99932E+10,5.00846E+10,5.01756E+10,5.02662E+10,5.03565E+10,5.0447E+10,5.05377E+10,5.06281E+10,5.07183E+10,5.08084E+10,5.08986E+10,5.09894E+10,5.10813E+10,5.11747E+10,5.12688E+10,5.13622E+10,5.1455E+10,5.15482E+10,5.16425E+10,5.17372E+10,5.18317E+10,5.19264E+10,5.20226E+10,5.21203E+10,5.22217E+10,5.23263E+10,5.24296E+10,5.25344E+10,5.2643E+10,5.27525E+10,5.28589E+10,5.29606E+10,5.30614E+10,5.31675E+10,5.32762E+10,5.33828E+10,5.34863E+10,5.35874E+10,5.36876E+10,5.3789E+10,5.38916E+10,5.39931E+10,5.40937E+10,5.41937E+10,5.42929E+10,5.43909E+10,5.44884E+10,5.45859E+10,5.46844E+10,5.47842E+10,5.48859E+10,5.49888E+10,5.50927E+10,5.51975E+10,5.53033E+10,5.5408E+10,5.55092E+10,5.56083E+10,5.57091E+10,5.5813E+10,5.59153E+10,5.60108E+10,5.61039E+10,5.61979E+10,5.62922E+10,5.63848E+10,5.64764E+10,5.65697E+10,5.66661E+10,5.67629E+10,5.686E+10,5.69583E+10,5.70603E+10,5.71667E+10,5.72768E+10,5.73923E+10,5.75158E+10,5.76509E+10,5.77991E+10,5.79574E+10,5.81242E+10,5.8298E+10,5.84768E+10,5.86622E+10,5.88562E+10,5.90585E+10,5.92664E+10,5.94736E+10,5.96787E+10,5.98865E+10,6.00987E+10,6.0312E+10,6.05265E+10,6.07455E+10,6.09742E+10,6.12148E+10,6.14649E+10,6.17156E+10,6.1962E+10,6.22079E+10,6.24517E+10,6.26885E+10,6.29111E+10,6.31227E+10,6.33337E+10,6.35466E+10,6.37598E+10,6.39707E+10,6.41779E+10,6.4384E+10,6.45909E+10,6.47977E+10,6.50045E+10,6.52112E+10,6.542E+10,6.56336E+10,6.58512E+10,6.60707E+10,6.62951E+10,6.65316E+10,6.67799E+10,6.70354E+10,6.7296E+10,6.75544E+10,6.77922E+10,6.80059E+10,6.82062E+10,6.84019E+10,6.85955E+10,6.87878E+10,6.89808E+10,6.91777E+10,6.93797E+10,6.95836E+10,6.97883E+10,6.9995E+10,7.02006E+10,7.04004E+10,7.05957E+10,7.07908E+10,7.09865E+10,7.11828E+10,7.13793E+10,7.15767E+10,7.17763E+10,7.19804E+10,7.2186E+10,7.23915E+10,7.25964E+10,7.27995E+10,7.30032E+10,7.32118E+10,7.34243E+10,7.36385E+10,7.38569E+10,7.40819E+10,7.43164E+10,7.45595E+10,7.48088E+10,7.50646E+10,7.53283E+10,7.56006E+10,7.58804E+10,7.61676E+10,7.64619E+10,7.67608E+10,7.7066E+10,7.73798E+10,7.77009E+10,7.80283E+10,7.83623E+10,7.87009E+10,7.90382E+10,7.9376E+10,7.97202E+10,8.00705E+10,8.04251E+10,8.07858E+10,8.11537E+10,8.1524E+10,8.18862E+10,8.22355E+10,8.25763E+10,8.29157E+10,8.32523E+10,8.35883E+10,8.39258E+10,8.42675E+10,8.46193E+10,8.49826E+10,8.53535E+10,8.57336E+10,8.61195E+10,8.65093E+10,8.69003E+10,8.72885E+10,8.76774E+10,8.80691E+10,8.84625E+10,8.88662E+10,8.9286E+10,8.97269E+10,9.01971E+10,9.06893E+10,9.11841E+10,9.16783E+10,9.21661E+10,9.26493E+10,9.31219E+10,9.35692E+10,9.39989E+10,9.44249E+10,9.485E+10,9.52709E+10,9.56911E+10,9.61112E+10,9.65296E+10,9.69487E+10,9.73707E+10,9.77922E+10,9.82107E+10,9.86193E+10,9.90224E+10,9.94308E+10,9.98432E+10,1.00259E+11,1.00677E+11,1.01095E+11,1.01521E+11,1.01961E+11,1.02412E+11,1.0287E+11,1.03333E+11,1.03802E+11,1.04273E+11,1.04751E+11,1.05236E+11,1.05723E+11,1.06204E+11,1.06674E+11,1.07135E+11,1.07601E+11,1.08062E+11,1.08504E+11,1.08927E+11,1.09342E+11,1.0975E+11,1.10155E+11,1.10566E+11,1.10988E+11,1.11419E+11,1.11857E+11,1.12307E+11,1.12779E+11,1.13272E+11,1.1377E+11,1.14254E+11,1.14716E+11,1.15174E+11,1.15692E+11,1.16211E+11,1.16735E+11,1.1727E+11,1.17808E+11,1.18319E+11,1.18922E+11,1.19518E+11,1.20104E+11,1.20675E+11,1.21232E+11,1.21774E+11,1.22304E+11,1.22867E+11,1.23423E+11,1.23954E+11,1.24457E+11,1.24934E+11,1.25378E+11,1.25789E+11,1.26175E+11,1.26541E+11,1.26895E+11,1.27234E+11,1.27555E+11,1.27855E+11,1.28139E+11,1.28421E+11,1.28699E+11,1.2897E+11,1.29236E+11,1.29504E+11,1.29784E+11,1.30074E+11,1.30344E+11,1.30594E+11,1.30831E+11,1.31055E+11,1.31268E+11,1.31476E+11,1.31679E+11,1.31879E+11,1.32073E+11,1.32262E+11,1.32445E+11,1.32624E+11,1.32798E+11,1.32973E+11,1.3315E+11,1.33325E+11,1.3349E+11,1.33644E+11,1.33788E+11,1.33918E+11,1.34035E+11,1.34144E+11,1.34249E+11,1.34354E+11,1.34458E+11,1.34563E+11,1.34673E+11,1.34787E+11,1.34902E+11,1.35016E+11,1.35127E+11,1.35234E+11,1.35338E+11,1.35439E+11,1.35535E+11,1.3563E+11,1.35724E+11,1.35815E+11,1.35906E+11,1.35996E+11,1.36089E+11,1.36186E+11,1.36286E+11,1.36387E+11,1.36489E+11,1.36592E+11,1.36691E+11,1.36788E+11,1.36885E+11,1.36983E+11,1.37081E+11,1.37181E+11,1.37285E+11,1.37396E+11,1.37514E+11,1.37636E+11,1.37761E+11,1.37887E+11,1.38012E+11,1.38138E+11,1.38262E+11,1.38385E+11,1.38505E+11,1.38626E+11,1.38753E+11,1.38885E+11,1.39022E+11,1.3916E+11,1.39301E+11,1.39456E+11,1.3962E+11,1.39791E+11,1.39966E+11,1.40148E+11,1.40343E+11,1.40547E+11,1.40751E+11,1.40957E+11,1.41165E+11,1.41378E+11,1.41594E+11,1.41811E+11,1.4203E+11,1.42251E+11,1.42468E+11,1.42685E+11,1.42901E+11,1.4312E+11,1.43341E+11,1.43563E+11,1.43786E+11,1.44013E+11,1.44246E+11,1.44484E+11,1.44726E+11,1.44976E+11,1.45232E+11,1.45488E+11,1.45727E+11,1.45945E+11,1.46164E+11,1.46367E+11,1.46553E+11,1.46728E+11,1.46895E+11,1.4706E+11,1.47222E+11,1.47376E+11,1.4752E+11,1.47655E+11,1.47779E+11,1.47892E+11,1.48E+11,1.48099E+11,1.48191E+11,1.48279E+11,1.48365E+11,1.48448E+11,1.48519E+11,1.4859E+11,1.4866E+11,1.48725E+11,1.48785E+11,1.4884E+11,1.48891E+11,1.48938E+11,1.48983E+11,1.49025E+11,1.49068E+11,1.49112E+11,1.49156E+11,1.492E+11,1.49244E+11,1.49287E+11,1.4933E+11,1.4938E+11,1.49431E+11,1.49482E+11,1.49535E+11,1.49591E+11,1.49643E+11,1.49696E+11,1.49759E+11,1.49823E+11,1.49889E+11,1.49957E+11,1.50025E+11,1.50088E+11,1.5015E+11,1.50225E+11,1.50299E+11,1.50372E+11,1.50445E+11,1.5052E+11,1.5059E+11,1.50657E+11,1.50737E+11,1.50817E+11,1.50896E+11,1.50975E+11,1.51051E+11,1.51121E+11,1.51188E+11,1.51267E+11,1.51345E+11,1.51421E+11,1.51497E+11,1.51571E+11,1.51638E+11,1.517E+11,1.51774E+11,1.51846E+11,1.51916E+11,1.51984E+11,1.52051E+11,1.5211E+11,1.52164E+11,1.52232E+11,1.52298E+11,1.5236E+11,1.52421E+11,1.52478E+11,1.52528E+11,1.52572E+11,1.52626E+11,1.52679E+11,1.5273E+11,1.52779E+11,1.52828E+11,1.52871E+11,1.52912E+11,1.52959E+11,1.53005E+11,1.5305E+11,1.53094E+11,1.53137E+11,1.53177E+11,1.53214E+11,1.53255E+11,1.53295E+11,1.53333E+11,1.53371E+11,1.53408E+11,1.53443E+11,1.53477E+11,1.53514E+11,1.53549E+11,1.53585E+11,1.5362E+11,1.53655E+11,1.53688E+11,1.53721E+11,1.53755E+11,1.5379E+11,1.53824E+11,1.53858E+11,1.53892E+11,1.53926E+11,1.5396E+11,1.53994E+11,1.54028E+11,1.54062E+11,1.54097E+11,1.54131E+11,1.54166E+11,1.54201E+11,1.54236E+11,1.54272E+11,1.54308E+11,1.54344E+11,1.5438E+11,1.54417E+11,1.54454E+11,1.54492E+11,1.54529E+11,1.54568E+11,1.54607E+11
"Cost of Deaths Cumulative[Mississippi]",0,0,0,0,0,0,0,0,0,0,0,0,0,0,0,0,0,0,0,0,0,0,0,0,0,0,0,0,0.288817,19.3874,132.103,470.328,1218.59,2614.9,4956.32,8611.08,14036,21796,32583.7,47236.9,66762.4,92376,125569,168191,222543,291469,378487,487953,625229,796893,1.01098E+06,1.27732E+06,1.60804E+06,2.01828E+06,2.52709E+06,3.15867E+06,3.94392E+06,4.92204E+06,6.14218E+06,7.66515E+06,9.56576E+06,1.19357E+07,1.48876E+07,1.8561E+07,2.3131E+07,2.88196E+07,3.591E+07,4.47631E+07,5.58367E+07,6.97075E+07,8.70931E+07,1.08554E+08,1.34026E+08,1.64167E+08,1.99804E+08,2.41917E+08,2.91663E+08,3.50406E+08,4.19702E+08,5.01241E+08,5.96855E+08,7.08599E+08,8.38725E+08,9.89681E+08,1.16413E+09,1.36509E+09,1.59605E+09,1.86094E+09,2.16545E+09,2.51727E+09,2.92287E+09,3.38588E+09,3.90678E+09,4.48333E+09,5.11126E+09,5.78499E+09,6.4982E+09,7.24426E+09,8.01651E+09,8.80854E+09,9.61426E+09,1.0428E+10,1.12447E+10,1.20598E+10,1.28694E+10,1.36701E+10,1.4459E+10,1.52337E+10,1.59921E+10,1.67397E+10,1.74706E+10,1.81803E+10,1.88686E+10,1.95355E+10,2.01805E+10,2.08029E+10,2.14045E+10,2.19818E+10,2.2536E+10,2.30721E+10,2.35871E+10,2.40807E+10,2.4555E+10,2.50078E+10,2.54377E+10,2.58496E+10,2.62451E+10,2.66228E+10,2.69789E+10,2.73123E+10,2.76281E+10,2.79259E+10,2.82061E+10,2.84704E+10,2.87218E+10,2.89633E+10,2.91955E+10,2.9418E+10,2.96319E+10,2.98379E+10,3.00368E+10,3.02285E+10,3.04134E+10,3.05911E+10,3.07633E+10,3.09324E+10,3.1099E+10,3.12577E+10,3.14066E+10,3.15486E+10,3.16868E+10,3.18214E+10,3.19504E+10,3.20736E+10,3.21965E+10,3.23198E+10,3.24429E+10,3.25658E+10,3.2687E+10,3.28082E+10,3.2928E+10,3.30429E+10,3.31545E+10,3.3262E+10,3.33646E+10,3.34642E+10,3.35609E+10,3.36544E+10,3.37434E+10,3.38297E+10,3.39168E+10,3.40045E+10,3.40911E+10,3.41706E+10,3.42412E+10,3.43111E+10,3.43796E+10,3.44458E+10,3.45097E+10,3.45724E+10,3.46375E+10,3.47074E+10,3.47767E+10,3.48451E+10,3.49116E+10,3.49761E+10,3.50393E+10,3.51015E+10,3.51628E+10,3.52226E+10,3.52801E+10,3.53356E+10,3.53904E+10,3.54448E+10,3.54984E+10,3.55521E+10,3.5606E+10,3.56601E+10,3.5715E+10,3.57699E+10,3.58247E+10,3.58796E+10,3.59343E+10,3.59893E+10,3.60439E+10,3.60972E+10,3.61514E+10,3.62072E+10,3.62652E+10,3.63245E+10,3.63853E+10,3.64496E+10,3.65177E+10,3.65879E+10,3.66571E+10,3.67246E+10,3.67903E+10,3.68548E+10,3.69191E+10,3.69846E+10,3.70512E+10,3.71191E+10,3.71878E+10,3.72576E+10,3.73286E+10,3.7398E+10,3.7467E+10,3.7536E+10,3.76044E+10,3.76716E+10,3.77383E+10,3.78044E+10,3.78738E+10,3.79463E+10,3.80214E+10,3.80995E+10,3.8179E+10,3.82601E+10,3.83413E+10,3.84188E+10,3.84957E+10,3.85728E+10,3.86487E+10,3.87252E+10,3.88007E+10,3.88772E+10,3.89561E+10,3.90353E+10,3.9115E+10,3.91971E+10,3.92822E+10,3.93731E+10,3.94701E+10,3.95737E+10,3.96839E+10,3.98003E+10,3.99207E+10,4.00451E+10,4.01715E+10,4.0302E+10,4.04334E+10,4.05681E+10,4.0717E+10,4.08827E+10,4.10688E+10,4.1274E+10,4.14909E+10,4.17236E+10,4.19578E+10,4.21791E+10,4.23876E+10,4.25821E+10,4.27661E+10,4.29438E+10,4.31124E+10,4.32753E+10,4.34365E+10,4.35934E+10,4.37481E+10,4.38998E+10,4.40441E+10,4.4185E+10,4.43205E+10,4.4451E+10,4.45804E+10,4.47076E+10,4.48321E+10,4.49557E+10,4.50763E+10,4.51956E+10,4.5316E+10,4.54328E+10,4.55443E+10,4.56515E+10,4.57562E+10,4.58593E+10,4.59604E+10,4.60593E+10,4.61561E+10,4.62545E+10,4.63551E+10,4.64554E+10,4.65538E+10,4.66523E+10,4.67489E+10,4.68429E+10,4.6932E+10,4.70129E+10,4.70869E+10,4.71591E+10,4.7229E+10,4.72977E+10,4.73647E+10,4.743E+10,4.74957E+10,4.75634E+10,4.76305E+10,4.76971E+10,4.77619E+10,4.78254E+10,4.78874E+10,4.79479E+10,4.80068E+10,4.80644E+10,4.81212E+10,4.81776E+10,4.82339E+10,4.82889E+10,4.83438E+10,4.83998E+10,4.84548E+10,4.8509E+10,4.85632E+10,4.86175E+10,4.8673E+10,4.87293E+10,4.87851E+10,4.88423E+10,4.89011E+10,4.89607E+10,4.90208E+10,4.90809E+10,4.91409E+10,4.92006E+10,4.92603E+10,4.93215E+10,4.93843E+10,4.94484E+10,4.95144E+10,4.95829E+10,4.96542E+10,4.97291E+10,4.98068E+10,4.98881E+10,4.99735E+10,5.00625E+10,5.01551E+10,5.02535E+10,5.03557E+10,5.04613E+10,5.05712E+10,5.06856E+10,5.08052E+10,5.09301E+10,5.10595E+10,5.11922E+10,5.13294E+10,5.14732E+10,5.16246E+10,5.17827E+10,5.1948E+10,5.21206E+10,5.2302E+10,5.24929E+10,5.26923E+10,5.29012E+10,5.31213E+10,5.33504E+10,5.35913E+10,5.38527E+10,5.41312E+10,5.44092E+10,5.47014E+10,5.49876E+10,5.52518E+10,5.55366E+10,5.58173E+10,5.60869E+10,5.63501E+10,5.66098E+10,5.68663E+10,5.71182E+10,5.73679E+10,5.76146E+10,5.78569E+10,5.80966E+10,5.83337E+10,5.8565E+10,5.87907E+10,5.90126E+10,5.92323E+10,5.94501E+10,5.96642E+10,5.98753E+10,6.00836E+10,6.02876E+10,6.04819E+10,6.06764E+10,6.08766E+10,6.10701E+10,6.12541E+10,6.1433E+10,6.15917E+10,6.17241E+10,6.18547E+10,6.20056E+10,6.21598E+10,6.23097E+10,6.24504E+10,6.25804E+10,6.26917E+10,6.28039E+10,6.29095E+10,6.30104E+10,6.31116E+10,6.32142E+10,6.33211E+10,6.34328E+10,6.35506E+10,6.36611E+10,6.37664E+10,6.38851E+10,6.40026E+10,6.41144E+10,6.42204E+10,6.43233E+10,6.44224E+10,6.45208E+10,6.46174E+10,6.47102E+10,6.47996E+10,6.48876E+10,6.49751E+10,6.50617E+10,6.51476E+10,6.5234E+10,6.53198E+10,6.54048E+10,6.54887E+10,6.55721E+10,6.56548E+10,6.57368E+10,6.58176E+10,6.5897E+10,6.59759E+10,6.60546E+10,6.61274E+10,6.61934E+10,6.62607E+10,6.6326E+10,6.63864E+10,6.6445E+10,6.65021E+10,6.65602E+10,6.66228E+10,6.66857E+10,6.67507E+10,6.68212E+10,6.68958E+10,6.69767E+10,6.70631E+10,6.71485E+10,6.72316E+10,6.73137E+10,6.73955E+10,6.74771E+10,6.75571E+10,6.76364E+10,6.77157E+10,6.77954E+10,6.78754E+10,6.79556E+10,6.80379E+10,6.8125E+10,6.82145E+10,6.83056E+10,6.8398E+10,6.84913E+10,6.85869E+10,6.86843E+10,6.87811E+10,6.88789E+10,6.89767E+10,6.90733E+10,6.91692E+10,6.92647E+10,6.93594E+10,6.94525E+10,6.95449E+10,6.9637E+10,6.97292E+10,6.9823E+10,6.99177E+10,7.00126E+10,7.01087E+10,7.0205E+10,7.03023E+10,7.03997E+10,7.04962E+10,7.05928E+10,7.06912E+10,7.07936E+10,7.09034E+10,7.1015E+10,7.11251E+10,7.12342E+10,7.13429E+10,7.14507E+10,7.1555E+10,7.16549E+10,7.17561E+10,7.18616E+10,7.19713E+10,7.20872E+10,7.221E+10,7.23371E+10,7.24661E+10,7.25959E+10,7.27271E+10,7.28597E+10,7.29914E+10,7.31225E+10,7.32563E+10,7.33955E+10,7.35403E+10,7.36894E+10,7.38428E+10,7.40002E+10,7.4162E+10,7.43301E+10,7.45025E+10,7.46767E+10,7.48538E+10,7.50338E+10,7.52171E+10,7.54028E+10,7.55897E+10,7.57805E+10,7.59768E+10,7.61785E+10,7.63843E+10,7.65953E+10,7.6813E+10,7.70377E+10,7.7268E+10,7.75032E+10,7.77433E+10,7.79885E+10,7.82372E+10,7.84889E+10,7.87435E+10,7.89995E+10,7.92558E+10,7.95123E+10,7.97695E+10,8.00295E+10,8.02892E+10,8.05445E+10,8.07962E+10,8.10447E+10,8.12905E+10,8.15316E+10,8.17662E+10,8.19965E+10,8.22246E+10,8.24502E+10,8.2673E+10,8.28914E+10,8.31057E+10,8.3315E+10,8.35206E+10,8.37231E+10,8.39217E+10,8.41171E+10,8.43098E+10,8.44992E+10,8.46857E+10,8.48687E+10,8.50493E+10,8.52285E+10,8.54068E+10,8.55843E+10,8.57607E+10,8.59357E+10,8.61063E+10,8.62699E+10,8.64276E+10,8.65791E+10,8.67251E+10,8.68674E+10,8.70078E+10,8.71482E+10,8.72876E+10,8.74238E+10,8.75587E+10,8.7692E+10,8.78232E+10,8.79512E+10,8.80763E+10,8.82021E+10,8.83294E+10,8.8458E+10,8.85898E+10,8.87252E+10,8.88644E+10,8.90099E+10,8.91606E+10,8.93174E+10,8.94825E+10,8.96573E+10,8.98434E+10,9.0041E+10,9.0249E+10,9.0464E+10,9.07007E+10,9.09554E+10,9.12278E+10,9.15207E+10,9.1835E+10,9.21649E+10,9.24887E+10,9.28532E+10,9.3258E+10,9.36844E+10,9.41268E+10,9.45759E+10,9.50221E+10,9.54745E+10,9.58981E+10,9.63714E+10,9.68916E+10,9.74109E+10,9.79239E+10,9.84281E+10,9.89006E+10,9.93463E+10,9.98286E+10,1.00325E+11,1.0081E+11,1.01288E+11,1.01758E+11,1.02216E+11,1.02658E+11,1.03093E+11,1.03527E+11,1.03953E+11,1.04383E+11,1.04811E+11,1.05201E+11,1.05556E+11,1.05951E+11,1.06357E+11,1.06749E+11,1.07127E+11,1.07488E+11,1.07821E+11,1.08131E+11,1.08453E+11,1.08764E+11,1.09058E+11,1.09324E+11,1.09571E+11,1.09808E+11,1.10036E+11,1.10253E+11,1.10461E+11,1.10665E+11,1.10866E+11,1.11064E+11,1.1126E+11,1.11454E+11,1.11649E+11,1.1184E+11,1.12024E+11,1.12201E+11,1.12371E+11,1.12535E+11,1.12692E+11,1.12843E+11,1.12988E+11,1.13127E+11,1.13262E+11,1.13395E+11,1.13525E+11,1.13653E+11,1.13778E+11,1.13899E+11,1.14017E+11,1.14135E+11,1.1425E+11,1.14362E+11,1.14471E+11,1.1458E+11,1.14687E+11,1.14792E+11,1.14895E+11,1.14996E+11,1.15095E+11,1.15193E+11,1.15289E+11,1.15384E+11,1.15478E+11,1.15571E+11,1.15663E+11,1.15756E+11,1.1585E+11,1.15944E+11,1.16039E+11,1.16135E+11,1.16232E+11,1.1633E+11,1.16429E+11,1.16528E+11,1.16629E+11,1.16731E+11,1.16835E+11,1.16939E+11,1.17046E+11,1.17155E+11,1.17269E+11,1.17386E+11,1.17505E+11,1.17627E+11,1.17752E+11,1.1788E+11,1.1801E+11,1.18143E+11,1.18281E+11,1.18423E+11,1.1857E+11,1.18722E+11,1.18881E+11,1.1905E+11,1.19229E+11,1.19414E+11,1.19604E+11,1.19795E+11,1.19989E+11,1.20186E+11,1.20383E+11,1.20579E+11,1.20778E+11,1.20986E+11,1.21203E+11,1.21428E+11,1.21661E+11,1.21904E+11,1.22157E+11,1.22415E+11,1.22681E+11,1.22954E+11,1.23235E+11,1.23522E+11,1.23817E+11,1.24118E+11,1.24425E+11,1.24739E+11,1.2506E+11,1.25386E+11,1.25717E+11,1.26053E+11,1.26397E+11,1.2675E+11,1.27111E+11,1.2747E+11,1.27798E+11,1.28094E+11,1.28456E+11,1.28807E+11,1.29155E+11,1.29506E+11,1.29857E+11,1.30149E+11,1.30396E+11,1.30773E+11,1.31117E+11,1.31455E+11,1.31796E+11,1.32134E+11,1.32438E+11,1.32697E+11,1.33046E+11,1.33368E+11,1.33678E+11,1.34011E+11,1.34355E+11,1.34691E+11,1.34962E+11,1.35173E+11,1.35477E+11,1.35779E+11,1.36116E+11,1.36449E+11,1.36739E+11,1.36966E+11,1.37267E+11,1.37528E+11,1.37788E+11,1.38077E+11,1.38363E+11,1.38611E+11,1.38796E+11,1.39029E+11,1.39222E+11,1.39395E+11,1.39612E+11,1.39888E+11,1.40121E+11,1.40297E+11,1.4053E+11,1.40749E+11,1.40958E+11,1.41154E+11,1.41341E+11,1.41505E+11,1.41639E+11,1.41813E+11,1.41979E+11,1.42135E+11,1.42283E+11,1.42425E+11,1.42561E+11,1.42695E+11,1.42822E+11,1.42948E+11,1.43071E+11,1.4319E+11,1.43304E+11,1.43414E+11,1.4352E+11,1.43621E+11,1.4372E+11,1.43817E+11,1.43912E+11,1.44003E+11,1.44093E+11,1.44181E+11,1.44268E+11,1.44354E+11,1.44437E+11,1.44519E+11,1.44598E+11,1.44677E+11,1.44754E+11,1.44829E+11,1.44903E+11,1.44976E+11,1.45048E+11,1.45118E+11,1.45186E+11,1.45254E+11,1.45321E+11,1.45387E+11,1.45453E+11,1.45517E+11,1.45581E+11,1.45645E+11,1.45708E+11,1.45771E+11,1.45833E+11,1.45896E+11,1.45958E+11,1.46019E+11,1.46081E+11,1.46142E+11,1.46203E+11,1.46264E+11,1.46325E+11,1.46387E+11,1.46449E+11,1.46511E+11,1.46574E+11,1.46637E+11,1.467E+11,1.46765E+11,1.4683E+11,1.46897E+11,1.46965E+11,1.47034E+11,1.47106E+11,1.47179E+11,1.47254E+11,1.4733E+11,1.47407E+11,1.47485E+11,1.47563E+11,1.47642E+11,1.47722E+11,1.47803E+11,1.47886E+11,1.4797E+11,1.48058E+11,1.48147E+11,1.48239E+11,1.48335E+11,1.48432E+11,1.48533E+11,1.48635E+11,1.48738E+11,1.48841E+11,1.48951E+11,1.49063E+11,1.49173E+11,1.49287E+11,1.49403E+11,1.49521E+11,1.49638E+11,1.49759E+11,1.49881E+11,1.50006E+11,1.50134E+11,1.50264E+11,1.50397E+11,1.50532E+11,1.50671E+11,1.50813E+11,1.50959E+11,1.51108E+11,1.5126E+11,1.51415E+11,1.51569E+11,1.51718E+11,1.51871E+11,1.52017E+11,1.52157E+11,1.52291E+11,1.52418E+11,1.52538E+11,1.52657E+11,1.52773E+11,1.52884E+11,1.5299E+11,1.53091E+11,1.53185E+11,1.53267E+11,1.53351E+11,1.53429E+11,1.53502E+11,1.53571E+11,1.53636E+11,1.53698E+11,1.53754E+11,1.538E+11,1.53852E+11,1.53901E+11,1.53948E+11,1.53991E+11,1.5403E+11,1.54063E+11,1.54098E+11,1.54128E+11,1.54154E+11,1.54184E+11,1.54214E+11,1.54243E+11,1.54271E+11,1.54296E+11,1.54324E+11,1.54352E+11,1.5438E+11,1.54409E+11,1.54436E+11,1.5446E+11,1.54489E+11,1.54517E+11,1.54544E+11,1.54573E+11,1.54601E+11,1.54628E+11,1.54653E+11,1.54681E+11,1.54708E+11,1.54735E+11,1.54762E+11,1.54789E+11,1.54814E+11,1.54838E+11,1.54865E+11,1.54891E+11,1.54917E+11,1.54943E+11,1.54968E+11,1.54993E+11,1.55015E+11,1.5504E+11,1.55064E+11,1.55088E+11,1.55112E+11,1.55135E+11,1.55158E+11,1.5518E+11,1.55203E+11,1.55224E+11,1.55247E+11,1.5527E+11,1.55292E+11,1.55314E+11,1.55334E+11,1.55356E+11,1.55377E+11,1.55398E+11,1.5542E+11,1.55441E+11,1.55462E+11,1.55482E+11,1.555E+11,1.55522E+11,1.55544E+11,1.55566E+11,1.55587E+11,1.55609E+11,1.55625E+11,1.5564E+11,1.55665E+11,1.55688E+11,1.55712E+11,1.55735E+11,1.55758E+11,1.55776E+11,1.55793E+11,1.55818E+11,1.55842E+11,1.55865E+11,1.55888E+11,1.5591E+11,1.5593E+11,1.55949E+11,1.55973E+11,1.55996E+11,1.56019E+11,1.56042E+11,1.56064E+11,1.56085E+11,1.56104E+11,1.56127E+11,1.56152E+11,1.56172E+11,1.56193E+11,1.56215E+11,1.56236E+11,1.56258E+11,1.5628E+11,1.56302E+11,1.56324E+11,1.56347E+11,1.56369E+11,1.56392E+11,1.56415E+11,1.56438E+11,1.56461E+11,1.56485E+11,1.56508E+11,1.56532E+11,1.56556E+11,1.5658E+11,1.56604E+11,1.56628E+11,1.56652E+11,1.56677E+11,1.56701E+11,1.56726E+11
"Cost of Deaths Cumulative[Missouri]",0,0,0,0,0,0,0,0,0,0,0,0,0,0,0,0,0,0,0,0,0,0,0,0,0,0,0,0,0.399388,9.69778,53.2117,172.173,423.284,879.742,1633.52,2798.93,4517.7,6965.39,10358.1,14960.1,21094.4,29165,39686.7,53320.5,70905.9,93492.6,122372,159120,205659,264351,338116,430592,546352,691190,872566,1.10023E+06,1.38687E+06,1.74878E+06,2.20656E+06,2.78603E+06,3.51977E+06,4.44967E+06,5.63051E+06,7.1342E+06,9.0552E+06,1.15176E+07,1.46834E+07,1.87626E+07,2.40257E+07,3.08184E+07,3.9574E+07,5.08212E+07,6.52156E+07,8.35902E+07,1.07001E+08,1.36772E+08,1.74533E+08,2.22232E+08,2.8216E+08,3.56976E+08,4.49762E+08,5.64044E+08,7.03773E+08,8.7331E+08,1.0774E+09,1.32115E+09,1.60986E+09,1.94893E+09,2.34364E+09,2.79898E+09,3.3194E+09,3.90844E+09,4.56841E+09,5.3002E+09,6.10314E+09,6.97499E+09,7.91201E+09,8.90916E+09,9.96027E+09,1.10583E+10,1.21955E+10,1.33639E+10,1.45555E+10,1.57622E+10,1.69765E+10,1.81911E+10,1.93994E+10,2.05953E+10,2.17736E+10,2.29422E+10,2.40915E+10,2.52106E+10,2.62983E+10,2.73529E+10,2.83728E+10,2.93573E+10,3.0306E+10,3.12183E+10,3.20941E+10,3.29341E+10,3.37386E+10,3.45082E+10,3.52438E+10,3.59459E+10,3.66149E+10,3.72511E+10,3.78559E+10,3.84286E+10,3.89687E+10,3.94789E+10,3.99609E+10,4.04157E+10,4.08438E+10,4.12452E+10,4.16226E+10,4.19783E+10,4.23143E+10,4.26328E+10,4.29355E+10,4.32244E+10,4.35038E+10,4.37733E+10,4.4032E+10,4.42798E+10,4.4517E+10,4.47441E+10,4.49607E+10,4.51661E+10,4.53621E+10,4.55509E+10,4.57356E+10,4.59175E+10,4.6095E+10,4.62675E+10,4.64352E+10,4.65988E+10,4.67577E+10,4.691E+10,4.70561E+10,4.7196E+10,4.73301E+10,4.74579E+10,4.75799E+10,4.76971E+10,4.78109E+10,4.79213E+10,4.80291E+10,4.81354E+10,4.82401E+10,4.83404E+10,4.84356E+10,4.8526E+10,4.86124E+10,4.86953E+10,4.87736E+10,4.88476E+10,4.89199E+10,4.89919E+10,4.90634E+10,4.9134E+10,4.92031E+10,4.92707E+10,4.93375E+10,4.94036E+10,4.94686E+10,4.95316E+10,4.95921E+10,4.96503E+10,4.97077E+10,4.97646E+10,4.98207E+10,4.98758E+10,4.99302E+10,4.99848E+10,5.00407E+10,5.00958E+10,5.01485E+10,5.01988E+10,5.02485E+10,5.03012E+10,5.03576E+10,5.04177E+10,5.04837E+10,5.05597E+10,5.06496E+10,5.07511E+10,5.08521E+10,5.09489E+10,5.10409E+10,5.11262E+10,5.1208E+10,5.12826E+10,5.13538E+10,5.14246E+10,5.14935E+10,5.15609E+10,5.1626E+10,5.169E+10,5.17523E+10,5.18131E+10,5.18785E+10,5.19451E+10,5.20066E+10,5.20622E+10,5.21185E+10,5.21749E+10,5.22317E+10,5.22877E+10,5.23429E+10,5.23969E+10,5.24461E+10,5.2489E+10,5.25296E+10,5.25698E+10,5.26096E+10,5.26492E+10,5.26885E+10,5.27293E+10,5.2772E+10,5.28165E+10,5.28625E+10,5.29101E+10,5.29592E+10,5.30105E+10,5.30658E+10,5.31246E+10,5.31858E+10,5.32489E+10,5.33136E+10,5.33805E+10,5.34471E+10,5.35116E+10,5.35769E+10,5.36445E+10,5.37145E+10,5.37868E+10,5.38621E+10,5.39415E+10,5.40248E+10,5.41136E+10,5.42118E+10,5.4318E+10,5.4429E+10,5.45435E+10,5.4663E+10,5.47858E+10,5.49057E+10,5.50204E+10,5.51344E+10,5.52528E+10,5.53766E+10,5.55029E+10,5.5633E+10,5.57682E+10,5.59126E+10,5.60716E+10,5.62379E+10,5.64059E+10,5.65789E+10,5.67541E+10,5.6929E+10,5.70999E+10,5.72628E+10,5.74251E+10,5.75924E+10,5.77625E+10,5.79343E+10,5.81094E+10,5.82864E+10,5.84655E+10,5.86503E+10,5.88406E+10,5.9033E+10,5.92242E+10,5.94088E+10,5.95872E+10,5.97615E+10,5.99302E+10,6.00944E+10,6.02603E+10,6.04288E+10,6.05964E+10,6.0761E+10,6.09234E+10,6.10843E+10,6.12432E+10,6.14006E+10,6.15553E+10,6.17072E+10,6.18569E+10,6.20034E+10,6.21478E+10,6.22895E+10,6.2426E+10,6.25583E+10,6.26893E+10,6.28204E+10,6.2951E+10,6.30804E+10,6.32083E+10,6.33368E+10,6.34691E+10,6.36023E+10,6.37326E+10,6.38615E+10,6.39895E+10,6.41163E+10,6.42389E+10,6.43554E+10,6.44692E+10,6.45821E+10,6.46938E+10,6.48053E+10,6.49169E+10,6.50291E+10,6.51438E+10,6.52643E+10,6.53884E+10,6.55136E+10,6.5638E+10,6.57617E+10,6.58852E+10,6.60054E+10,6.61216E+10,6.62382E+10,6.63567E+10,6.64775E+10,6.66006E+10,6.67251E+10,6.68511E+10,6.69798E+10,6.7112E+10,6.72509E+10,6.73943E+10,6.75376E+10,6.76813E+10,6.78283E+10,6.79775E+10,6.81281E+10,6.82782E+10,6.84312E+10,6.85894E+10,6.87536E+10,6.89242E+10,6.91023E+10,6.92884E+10,6.94851E+10,6.9696E+10,6.99181E+10,7.01486E+10,7.03877E+10,7.06366E+10,7.08903E+10,7.11455E+10,7.14007E+10,7.16605E+10,7.19282E+10,7.22049E+10,7.24927E+10,7.27987E+10,7.31242E+10,7.34693E+10,7.38362E+10,7.42163E+10,7.4595E+10,7.49592E+10,7.52984E+10,7.56201E+10,7.59302E+10,7.62326E+10,7.65309E+10,7.68279E+10,7.71271E+10,7.74317E+10,7.77384E+10,7.80391E+10,7.83357E+10,7.86357E+10,7.89326E+10,7.92198E+10,7.94988E+10,7.9772E+10,8.00448E+10,8.03119E+10,8.05653E+10,8.0812E+10,8.10566E+10,8.1305E+10,8.15626E+10,8.18207E+10,8.20744E+10,8.23263E+10,8.25814E+10,8.28451E+10,8.31026E+10,8.3348E+10,8.35843E+10,8.38117E+10,8.40285E+10,8.4229E+10,8.44134E+10,8.459E+10,8.47605E+10,8.49282E+10,8.50947E+10,8.52599E+10,8.54245E+10,8.559E+10,8.57552E+10,8.59187E+10,8.60804E+10,8.62407E+10,8.64011E+10,8.65623E+10,8.67234E+10,8.68839E+10,8.70447E+10,8.72055E+10,8.73654E+10,8.75235E+10,8.76801E+10,8.78373E+10,8.79956E+10,8.81534E+10,8.83102E+10,8.84662E+10,8.86218E+10,8.87748E+10,8.89241E+10,8.90707E+10,8.92153E+10,8.9359E+10,8.9502E+10,8.96438E+10,8.97858E+10,8.99295E+10,9.00748E+10,9.022E+10,9.03643E+10,9.05074E+10,9.06557E+10,9.08136E+10,9.09734E+10,9.11307E+10,9.12867E+10,9.14407E+10,9.15944E+10,9.17509E+10,9.19091E+10,9.20652E+10,9.22189E+10,9.2372E+10,9.25229E+10,9.26688E+10,9.28025E+10,9.29261E+10,9.30488E+10,9.31734E+10,9.3299E+10,9.34246E+10,9.355E+10,9.3675E+10,9.37997E+10,9.39236E+10,9.40465E+10,9.41695E+10,9.42929E+10,9.44153E+10,9.45353E+10,9.46545E+10,9.47749E+10,9.48959E+10,9.50166E+10,9.51368E+10,9.52572E+10,9.53806E+10,9.55062E+10,9.56311E+10,9.57558E+10,9.58797E+10,9.60032E+10,9.61252E+10,9.62466E+10,9.63693E+10,9.64926E+10,9.66164E+10,9.67395E+10,9.68615E+10,9.69843E+10,9.71061E+10,9.72251E+10,9.7342E+10,9.74567E+10,9.75705E+10,9.76838E+10,9.7796E+10,9.79081E+10,9.80207E+10,9.81329E+10,9.82456E+10,9.83579E+10,9.84651E+10,9.85677E+10,9.86823E+10,9.87974E+10,9.89129E+10,9.90281E+10,9.91436E+10,9.92593E+10,9.93752E+10,9.94919E+10,9.96097E+10,9.97286E+10,9.9849E+10,9.9971E+10,1.00095E+11,1.0022E+11,1.00346E+11,1.00475E+11,1.00606E+11,1.0074E+11,1.00875E+11,1.01013E+11,1.01152E+11,1.01294E+11,1.01437E+11,1.01583E+11,1.01729E+11,1.01877E+11,1.02026E+11,1.02176E+11,1.02329E+11,1.02485E+11,1.02646E+11,1.0281E+11,1.02977E+11,1.03149E+11,1.03324E+11,1.03505E+11,1.03691E+11,1.03882E+11,1.04078E+11,1.04281E+11,1.04488E+11,1.047E+11,1.04924E+11,1.05151E+11,1.05373E+11,1.05594E+11,1.05813E+11,1.06033E+11,1.0625E+11,1.06459E+11,1.06667E+11,1.06885E+11,1.07117E+11,1.0736E+11,1.07601E+11,1.07837E+11,1.08071E+11,1.08301E+11,1.08521E+11,1.08725E+11,1.08917E+11,1.09107E+11,1.09296E+11,1.09484E+11,1.09671E+11,1.09856E+11,1.10038E+11,1.10218E+11,1.10398E+11,1.10576E+11,1.10752E+11,1.10927E+11,1.11105E+11,1.11292E+11,1.1149E+11,1.11691E+11,1.11894E+11,1.12096E+11,1.12288E+11,1.12457E+11,1.12604E+11,1.12737E+11,1.12864E+11,1.12986E+11,1.13104E+11,1.13219E+11,1.13335E+11,1.1345E+11,1.13563E+11,1.13675E+11,1.13787E+11,1.13896E+11,1.14004E+11,1.1411E+11,1.14215E+11,1.1432E+11,1.14425E+11,1.14533E+11,1.14642E+11,1.14754E+11,1.14868E+11,1.14985E+11,1.15107E+11,1.15234E+11,1.15368E+11,1.15508E+11,1.15658E+11,1.15818E+11,1.1599E+11,1.16177E+11,1.16379E+11,1.16598E+11,1.16839E+11,1.17102E+11,1.17391E+11,1.17707E+11,1.18052E+11,1.18432E+11,1.18847E+11,1.19298E+11,1.19787E+11,1.20315E+11,1.2088E+11,1.2148E+11,1.22109E+11,1.22765E+11,1.23449E+11,1.24156E+11,1.24876E+11,1.25607E+11,1.26345E+11,1.27089E+11,1.27834E+11,1.28571E+11,1.29295E+11,1.30009E+11,1.30711E+11,1.314E+11,1.32073E+11,1.32741E+11,1.33412E+11,1.34066E+11,1.34682E+11,1.35268E+11,1.35828E+11,1.36364E+11,1.3687E+11,1.37338E+11,1.37784E+11,1.38218E+11,1.38638E+11,1.39045E+11,1.39437E+11,1.39815E+11,1.40179E+11,1.40528E+11,1.40865E+11,1.41191E+11,1.41506E+11,1.41808E+11,1.42097E+11,1.42375E+11,1.42643E+11,1.42901E+11,1.43148E+11,1.43386E+11,1.43613E+11,1.43833E+11,1.44045E+11,1.44251E+11,1.44455E+11,1.44668E+11,1.44894E+11,1.45124E+11,1.45352E+11,1.45584E+11,1.45813E+11,1.46019E+11,1.46192E+11,1.46342E+11,1.46481E+11,1.46614E+11,1.4674E+11,1.46862E+11,1.46983E+11,1.47102E+11,1.4722E+11,1.47336E+11,1.4745E+11,1.47563E+11,1.47674E+11,1.47787E+11,1.47906E+11,1.48033E+11,1.4816E+11,1.48285E+11,1.48408E+11,1.48528E+11,1.48641E+11,1.48745E+11,1.48843E+11,1.4894E+11,1.49039E+11,1.49138E+11,1.49239E+11,1.49343E+11,1.4945E+11,1.4956E+11,1.49675E+11,1.49793E+11,1.49915E+11,1.50042E+11,1.50173E+11,1.50309E+11,1.5045E+11,1.50598E+11,1.50753E+11,1.50917E+11,1.5109E+11,1.5128E+11,1.51491E+11,1.51719E+11,1.51959E+11,1.52209E+11,1.52465E+11,1.52731E+11,1.53001E+11,1.53273E+11,1.53559E+11,1.53868E+11,1.54206E+11,1.54574E+11,1.54976E+11,1.55413E+11,1.55888E+11,1.56404E+11,1.56961E+11,1.57559E+11,1.58197E+11,1.58872E+11,1.59583E+11,1.60329E+11,1.61106E+11,1.61912E+11,1.62741E+11,1.63584E+11,1.64431E+11,1.65278E+11,1.66129E+11,1.67002E+11,1.67889E+11,1.68756E+11,1.69592E+11,1.70403E+11,1.71187E+11,1.71936E+11,1.72645E+11,1.73317E+11,1.73959E+11,1.74538E+11,1.75038E+11,1.75572E+11,1.76071E+11,1.76533E+11,1.76967E+11,1.77385E+11,1.7779E+11,1.78187E+11,1.78572E+11,1.78949E+11,1.79321E+11,1.79687E+11,1.80035E+11,1.80376E+11,1.80698E+11,1.80984E+11,1.81283E+11,1.81567E+11,1.8184E+11,1.82103E+11,1.82364E+11,1.82628E+11,1.82895E+11,1.83162E+11,1.83429E+11,1.83694E+11,1.83958E+11,1.8422E+11,1.84481E+11,1.84753E+11,1.85042E+11,1.85336E+11,1.85623E+11,1.85903E+11,1.8618E+11,1.86455E+11,1.8672E+11,1.86972E+11,1.87221E+11,1.87472E+11,1.87725E+11,1.8798E+11,1.8823E+11,1.88474E+11,1.88717E+11,1.88957E+11,1.8919E+11,1.8942E+11,1.8965E+11,1.89885E+11,1.90126E+11,1.90366E+11,1.90606E+11,1.90846E+11,1.91084E+11,1.9132E+11,1.91554E+11,1.91784E+11,1.92013E+11,1.92243E+11,1.92474E+11,1.92707E+11,1.92943E+11,1.93185E+11,1.93431E+11,1.93678E+11,1.93928E+11,1.94177E+11,1.94425E+11,1.94672E+11,1.94918E+11,1.95162E+11,1.95407E+11,1.95654E+11,1.95903E+11,1.96155E+11,1.96414E+11,1.9668E+11,1.96951E+11,1.97228E+11,1.9751E+11,1.97794E+11,1.98079E+11,1.98366E+11,1.98653E+11,1.98942E+11,1.99231E+11,1.99523E+11,1.99817E+11,2.00113E+11,2.00412E+11,2.00712E+11,2.01014E+11,2.0132E+11,2.01628E+11,2.01938E+11,2.0225E+11,2.02566E+11,2.02887E+11,2.03213E+11,2.0354E+11,2.03871E+11,2.04204E+11,2.04542E+11,2.04887E+11,2.05242E+11,2.05602E+11,2.05968E+11,2.06339E+11,2.06708E+11,2.07079E+11,2.07443E+11,2.07801E+11,2.08157E+11,2.08512E+11,2.0887E+11,2.09228E+11,2.09594E+11,2.09972E+11,2.10358E+11,2.1075E+11,2.11144E+11,2.11539E+11,2.11937E+11,2.12338E+11,2.12736E+11,2.13133E+11,2.1353E+11,2.13928E+11,2.14326E+11,2.14715E+11,2.15112E+11,2.15508E+11,2.15902E+11,2.16292E+11,2.16678E+11,2.17056E+11,2.1742E+11,2.17821E+11,2.18237E+11,2.18659E+11,2.19072E+11,2.19472E+11,2.19793E+11,2.20083E+11,2.20474E+11,2.20843E+11,2.21192E+11,2.21532E+11,2.21858E+11,2.22169E+11,2.22453E+11,2.22725E+11,2.2298E+11,2.23222E+11,2.23458E+11,2.23683E+11,2.23874E+11,2.24039E+11,2.24232E+11,2.24413E+11,2.24583E+11,2.24743E+11,2.24897E+11,2.25027E+11,2.25138E+11,2.25285E+11,2.25424E+11,2.25553E+11,2.25669E+11,2.25771E+11,2.25843E+11,2.25905E+11,2.25986E+11,2.26061E+11,2.26129E+11,2.26192E+11,2.26249E+11,2.26291E+11,2.2633E+11,2.26389E+11,2.26446E+11,2.26502E+11,2.26558E+11,2.26613E+11,2.2666E+11,2.26706E+11,2.26769E+11,2.26831E+11,2.26893E+11,2.26956E+11,2.27021E+11,2.27076E+11,2.27129E+11,2.27206E+11,2.27283E+11,2.2736E+11,2.27439E+11,2.27518E+11,2.27586E+11,2.27653E+11,2.27745E+11,2.27837E+11,2.27931E+11,2.28027E+11,2.28123E+11,2.28206E+11,2.28287E+11,2.28398E+11,2.28509E+11,2.28619E+11,2.2873E+11,2.28841E+11,2.2894E+11,2.29035E+11,2.29158E+11,2.29281E+11,2.29403E+11,2.29525E+11,2.29646E+11,2.29754E+11,2.29857E+11,2.29985E+11,2.30112E+11,2.30237E+11,2.30361E+11,2.30484E+11,2.3059E+11,2.3069E+11,2.30815E+11,2.30938E+11,2.31057E+11,2.31174E+11,2.31288E+11,2.31386E+11,2.31478E+11,2.3159E+11,2.31698E+11,2.31803E+11,2.31905E+11,2.32003E+11,2.32087E+11,2.32163E+11,2.3226E+11,2.32355E+11,2.32446E+11,2.32534E+11,2.32619E+11,2.32691E+11,2.32757E+11,2.32839E+11,2.32918E+11,2.32994E+11,2.33068E+11,2.33141E+11,2.33202E+11,2.33257E+11,2.33328E+11,2.33397E+11,2.33464E+11,2.33529E+11,2.33593E+11,2.33648E+11,2.33703E+11,2.33758E+11,2.33812E+11,2.33865E+11,2.33918E+11,2.3397E+11,2.34021E+11,2.34072E+11,2.34122E+11,2.34172E+11,2.34222E+11,2.34271E+11,2.3432E+11,2.34368E+11,2.34416E+11,2.34464E+11,2.34512E+11,2.3456E+11,2.34608E+11,2.34655E+11,2.34703E+11,2.34751E+11,2.34799E+11,2.34847E+11,2.34895E+11
"Cost of Deaths Cumulative[Montana]",0,0,0,0,0,0,0,0,0,0,0,0,0,0,0,0,0,0,0,0,0,0,0,0,0,0,0,0,0,0,0,0,0,0,0,0,0,0,0,0,0,0,0,0,0,0,0,0,0,0,0,0,0,0,0,0,0,1.33636,35.4051,215.371,785.229,2214.28,5381.53,11922.3,24861.4,49742.4,96675.9,184123,345622,641646,1.18065E+06,2.14357E+06,3.82381E+06,6.7114E+06,1.15433E+07,1.93041E+07,3.10994E+07,4.79155E+07,7.03771E+07,9.86545E+07,1.32541E+08,1.71567E+08,2.15108E+08,2.62458E+08,3.12895E+08,3.65721E+08,4.20283E+08,4.75993E+08,5.32333E+08,5.88855E+08,6.45179E+08,7.00989E+08,7.56024E+08,8.10075E+08,8.62974E+08,9.14593E+08,9.6484E+08,1.01365E+09,1.06097E+09,1.10678E+09,1.15107E+09,1.19385E+09,1.23511E+09,1.27489E+09,1.3132E+09,1.35008E+09,1.38555E+09,1.41964E+09,1.45241E+09,1.48387E+09,1.51407E+09,1.54304E+09,1.57217E+09,1.60164E+09,1.63007E+09,1.65734E+09,1.68327E+09,1.70786E+09,1.73137E+09,1.75375E+09,1.77489E+09,1.79486E+09,1.8139E+09,1.83206E+09,1.84928E+09,1.86561E+09,1.88114E+09,1.89598E+09,1.91015E+09,1.92371E+09,1.93672E+09,1.94925E+09,1.96136E+09,1.97311E+09,1.98444E+09,1.99536E+09,2.00587E+09,2.01603E+09,2.02588E+09,2.03542E+09,2.04465E+09,2.05362E+09,2.06236E+09,2.07093E+09,2.07938E+09,2.08757E+09,2.09543E+09,2.10305E+09,2.11057E+09,2.11806E+09,2.12539E+09,2.13247E+09,2.13934E+09,2.146E+09,2.15248E+09,2.15875E+09,2.16472E+09,2.17045E+09,2.17592E+09,2.18112E+09,2.18612E+09,2.19096E+09,2.1956E+09,2.19996E+09,2.20411E+09,2.20809E+09,2.21197E+09,2.21569E+09,2.21916E+09,2.22246E+09,2.2256E+09,2.22864E+09,2.2316E+09,2.23438E+09,2.237E+09,2.23955E+09,2.24203E+09,2.24447E+09,2.24682E+09,2.2491E+09,2.25132E+09,2.25352E+09,2.25569E+09,2.25779E+09,2.2598E+09,2.26175E+09,2.26367E+09,2.26559E+09,2.26751E+09,2.26942E+09,2.27136E+09,2.27334E+09,2.27541E+09,2.27754E+09,2.27975E+09,2.28204E+09,2.28439E+09,2.28683E+09,2.28933E+09,2.2919E+09,2.29454E+09,2.29723E+09,2.29989E+09,2.30253E+09,2.30522E+09,2.30808E+09,2.3111E+09,2.31429E+09,2.3177E+09,2.32148E+09,2.32583E+09,2.33075E+09,2.33585E+09,2.34093E+09,2.34604E+09,2.35154E+09,2.35745E+09,2.36373E+09,2.37036E+09,2.37749E+09,2.38561E+09,2.39484E+09,2.40452E+09,2.41452E+09,2.42467E+09,2.43493E+09,2.44516E+09,2.45554E+09,2.46632E+09,2.47755E+09,2.4892E+09,2.50134E+09,2.51414E+09,2.52756E+09,2.54116E+09,2.55467E+09,2.56808E+09,2.58135E+09,2.5947E+09,2.60794E+09,2.62118E+09,2.63406E+09,2.64655E+09,2.65884E+09,2.67136E+09,2.68354E+09,2.69502E+09,2.70609E+09,2.71706E+09,2.7281E+09,2.7395E+09,2.75055E+09,2.76101E+09,2.77144E+09,2.7816E+09,2.79168E+09,2.80169E+09,2.81141E+09,2.82102E+09,2.83077E+09,2.84069E+09,2.85087E+09,2.86136E+09,2.87229E+09,2.88404E+09,2.89683E+09,2.91022E+09,2.92415E+09,2.93877E+09,2.95393E+09,2.9697E+09,2.98565E+09,3.00206E+09,3.01893E+09,3.03631E+09,3.05423E+09,3.07298E+09,3.09249E+09,3.11216E+09,3.13191E+09,3.15184E+09,3.17164E+09,3.19085E+09,3.20912E+09,3.22667E+09,3.24413E+09,3.26141E+09,3.2782E+09,3.29451E+09,3.31065E+09,3.32669E+09,3.34233E+09,3.35785E+09,3.37331E+09,3.38863E+09,3.40387E+09,3.41904E+09,3.43425E+09,3.44961E+09,3.46516E+09,3.48116E+09,3.49772E+09,3.51447E+09,3.53069E+09,3.54616E+09,3.56141E+09,3.57652E+09,3.59177E+09,3.60743E+09,3.62341E+09,3.63968E+09,3.65642E+09,3.67367E+09,3.69146E+09,3.70974E+09,3.72824E+09,3.74714E+09,3.76693E+09,3.78799E+09,3.81023E+09,3.83318E+09,3.85654E+09,3.88037E+09,3.90453E+09,3.92916E+09,3.95477E+09,3.98172E+09,4.01005E+09,4.03952E+09,4.07002E+09,4.10157E+09,4.13352E+09,4.16603E+09,4.19923E+09,4.23261E+09,4.26653E+09,4.30129E+09,4.33713E+09,4.37463E+09,4.41169E+09,4.4485E+09,4.48674E+09,4.52498E+09,4.56294E+09,4.59977E+09,4.63536E+09,4.67073E+09,4.70558E+09,4.73952E+09,4.77345E+09,4.80699E+09,4.84082E+09,4.87533E+09,4.90962E+09,4.94371E+09,4.97764E+09,5.0119E+09,5.04744E+09,5.08425E+09,5.1219E+09,5.16073E+09,5.20001E+09,5.23914E+09,5.27837E+09,5.31878E+09,5.36194E+09,5.40759E+09,5.45449E+09,5.50438E+09,5.55659E+09,5.60785E+09,5.65781E+09,5.70724E+09,5.75672E+09,5.80794E+09,5.8596E+09,5.91247E+09,5.96893E+09,6.03038E+09,6.09825E+09,6.17454E+09,6.25326E+09,6.32783E+09,6.40044E+09,6.47048E+09,6.53552E+09,6.59341E+09,6.64712E+09,6.70029E+09,6.75542E+09,6.81105E+09,6.8677E+09,6.92475E+09,6.98113E+09,7.03907E+09,7.09823E+09,7.15511E+09,7.21006E+09,7.26314E+09,7.31563E+09,7.36796E+09,7.41883E+09,7.46804E+09,7.51869E+09,7.57263E+09,7.6279E+09,7.68262E+09,7.74143E+09,7.80616E+09,7.87385E+09,7.94383E+09,8.01306E+09,8.08077E+09,8.14825E+09,8.2168E+09,8.28636E+09,8.35673E+09,8.42823E+09,8.5015E+09,8.57691E+09,8.65436E+09,8.73133E+09,8.80696E+09,8.88706E+09,8.97144E+09,9.05973E+09,9.15262E+09,9.24962E+09,9.35079E+09,9.45709E+09,9.56665E+09,9.67898E+09,9.79311E+09,9.90714E+09,1.00219E+10,1.01387E+10,1.02581E+10,1.03774E+10,1.04924E+10,1.06027E+10,1.07099E+10,1.08136E+10,1.09126E+10,1.10047E+10,1.10925E+10,1.11784E+10,1.12628E+10,1.13451E+10,1.14253E+10,1.1504E+10,1.15826E+10,1.16607E+10,1.17365E+10,1.18111E+10,1.1885E+10,1.19612E+10,1.20419E+10,1.2124E+10,1.22032E+10,1.22818E+10,1.23606E+10,1.24394E+10,1.25157E+10,1.2587E+10,1.26559E+10,1.27258E+10,1.27972E+10,1.28697E+10,1.29428E+10,1.30142E+10,1.30856E+10,1.31576E+10,1.32305E+10,1.33037E+10,1.33762E+10,1.34488E+10,1.35236E+10,1.35993E+10,1.36759E+10,1.37527E+10,1.38293E+10,1.39052E+10,1.39809E+10,1.40566E+10,1.41333E+10,1.42107E+10,1.42874E+10,1.43646E+10,1.44425E+10,1.45207E+10,1.45992E+10,1.46777E+10,1.47557E+10,1.48342E+10,1.49118E+10,1.49876E+10,1.50631E+10,1.51397E+10,1.52149E+10,1.5289E+10,1.53635E+10,1.54377E+10,1.55115E+10,1.55842E+10,1.56563E+10,1.57297E+10,1.58044E+10,1.58795E+10,1.59527E+10,1.60244E+10,1.6096E+10,1.61668E+10,1.62347E+10,1.62989E+10,1.63602E+10,1.64209E+10,1.64811E+10,1.65408E+10,1.66002E+10,1.66604E+10,1.67206E+10,1.67803E+10,1.68401E+10,1.68997E+10,1.69584E+10,1.70164E+10,1.70732E+10,1.71297E+10,1.71857E+10,1.7241E+10,1.72961E+10,1.73516E+10,1.74073E+10,1.74622E+10,1.75155E+10,1.75677E+10,1.76193E+10,1.76705E+10,1.77208E+10,1.77704E+10,1.78207E+10,1.7873E+10,1.79271E+10,1.79801E+10,1.80326E+10,1.80853E+10,1.81378E+10,1.81896E+10,1.82397E+10,1.82874E+10,1.83347E+10,1.83818E+10,1.84286E+10,1.84748E+10,1.85206E+10,1.85661E+10,1.86108E+10,1.86545E+10,1.86972E+10,1.87396E+10,1.87826E+10,1.88259E+10,1.88683E+10,1.891E+10,1.89522E+10,1.89966E+10,1.90427E+10,1.90873E+10,1.91281E+10,1.91677E+10,1.92069E+10,1.9245E+10,1.92813E+10,1.93159E+10,1.93509E+10,1.93877E+10,1.94245E+10,1.94611E+10,1.94977E+10,1.95344E+10,1.95716E+10,1.96091E+10,1.9647E+10,1.96857E+10,1.97241E+10,1.97617E+10,1.97988E+10,1.98358E+10,1.98733E+10,1.99108E+10,1.99475E+10,1.99836E+10,2.00198E+10,2.00561E+10,2.00924E+10,2.01288E+10,2.01651E+10,2.02022E+10,2.02406E+10,2.02794E+10,2.03194E+10,2.03599E+10,2.04001E+10,2.0441E+10,2.04832E+10,2.05272E+10,2.05733E+10,2.06211E+10,2.0673E+10,2.07302E+10,2.07899E+10,2.0853E+10,2.09209E+10,2.09936E+10,2.10715E+10,2.11535E+10,2.12402E+10,2.13351E+10,2.1438E+10,2.15485E+10,2.16666E+10,2.17919E+10,2.19234E+10,2.20596E+10,2.22002E+10,2.23449E+10,2.24934E+10,2.26446E+10,2.27954E+10,2.29439E+10,2.30912E+10,2.32361E+10,2.33772E+10,2.35162E+10,2.3653E+10,2.3787E+10,2.39167E+10,2.40413E+10,2.41605E+10,2.42753E+10,2.43862E+10,2.44933E+10,2.45974E+10,2.4701E+10,2.4804E+10,2.49052E+10,2.50067E+10,2.51101E+10,2.52124E+10,2.53129E+10,2.5412E+10,2.55092E+10,2.56048E+10,2.57013E+10,2.57988E+10,2.58972E+10,2.59948E+10,2.60919E+10,2.61905E+10,2.6291E+10,2.63915E+10,2.64923E+10,2.65968E+10,2.67085E+10,2.68223E+10,2.69368E+10,2.70536E+10,2.71726E+10,2.72941E+10,2.74178E+10,2.75421E+10,2.76695E+10,2.78019E+10,2.79388E+10,2.80814E+10,2.82303E+10,2.83849E+10,2.85448E+10,2.87102E+10,2.88777E+10,2.90471E+10,2.92193E+10,2.93939E+10,2.95695E+10,2.97461E+10,2.99257E+10,3.01116E+10,3.03034E+10,3.04921E+10,3.06787E+10,3.086E+10,3.1035E+10,3.12013E+10,3.13568E+10,3.15038E+10,3.16493E+10,3.17901E+10,3.19312E+10,3.20729E+10,3.22148E+10,3.23574E+10,3.25026E+10,3.26487E+10,3.27954E+10,3.29418E+10,3.30884E+10,3.32364E+10,3.33865E+10,3.35413E+10,3.3702E+10,3.38653E+10,3.40297E+10,3.41942E+10,3.43599E+10,3.45291E+10,3.47041E+10,3.48836E+10,3.50663E+10,3.5253E+10,3.54447E+10,3.56419E+10,3.58429E+10,3.60461E+10,3.6251E+10,3.64564E+10,3.6664E+10,3.68746E+10,3.70877E+10,3.73044E+10,3.75205E+10,3.77325E+10,3.7942E+10,3.81475E+10,3.83491E+10,3.8546E+10,3.87372E+10,3.89256E+10,3.91133E+10,3.9299E+10,3.9482E+10,3.96616E+10,3.98378E+10,4.00165E+10,4.01978E+10,4.03757E+10,4.05493E+10,4.07191E+10,4.08876E+10,4.10568E+10,4.12202E+10,4.13759E+10,4.15288E+10,4.16806E+10,4.18331E+10,4.19862E+10,4.21401E+10,4.22953E+10,4.24494E+10,4.26023E+10,4.27563E+10,4.29098E+10,4.30631E+10,4.32163E+10,4.33679E+10,4.352E+10,4.36732E+10,4.38227E+10,4.39668E+10,4.41063E+10,4.424E+10,4.43683E+10,4.44906E+10,4.46091E+10,4.47266E+10,4.48441E+10,4.49586E+10,4.50678E+10,4.51719E+10,4.52723E+10,4.53701E+10,4.5464E+10,4.55523E+10,4.56353E+10,4.57158E+10,4.57946E+10,4.58709E+10,4.59456E+10,4.6019E+10,4.60917E+10,4.61633E+10,4.62337E+10,4.63021E+10,4.63703E+10,4.64383E+10,4.6506E+10,4.65735E+10,4.66418E+10,4.6708E+10,4.67645E+10,4.68398E+10,4.6915E+10,4.69964E+10,4.708E+10,4.71491E+10,4.71978E+10,4.72601E+10,4.73225E+10,4.73876E+10,4.74689E+10,4.75561E+10,4.76347E+10,4.77013E+10,4.77843E+10,4.7866E+10,4.79281E+10,4.79887E+10,4.80712E+10,4.81511E+10,4.82209E+10,4.83006E+10,4.83796E+10,4.8453E+10,4.85287E+10,4.86042E+10,4.86779E+10,4.87441E+10,4.88129E+10,4.88795E+10,4.89434E+10,4.90063E+10,4.90691E+10,4.91314E+10,4.91912E+10,4.92414E+10,4.93019E+10,4.93629E+10,4.94232E+10,4.94816E+10,4.95379E+10,4.9593E+10,4.9647E+10,4.96994E+10,4.97522E+10,4.98042E+10,4.98557E+10,4.99073E+10,4.99596E+10,5.00122E+10,5.00641E+10,5.01147E+10,5.01646E+10,5.02134E+10,5.0261E+10,5.03071E+10,5.03521E+10,5.03963E+10,5.04399E+10,5.04831E+10,5.05258E+10,5.05683E+10,5.06107E+10,5.0653E+10,5.06949E+10,5.07365E+10,5.07778E+10,5.08187E+10,5.08596E+10,5.09004E+10,5.09412E+10,5.09821E+10,5.10231E+10,5.10641E+10,5.11048E+10,5.11455E+10,5.11862E+10,5.12267E+10,5.12669E+10,5.13068E+10,5.13464E+10,5.13858E+10,5.14254E+10,5.14651E+10,5.15047E+10,5.15442E+10,5.15838E+10,5.16235E+10,5.16635E+10,5.17042E+10,5.17457E+10,5.17877E+10,5.18297E+10,5.18718E+10,5.19142E+10,5.1956E+10,5.19969E+10,5.20372E+10,5.2077E+10,5.21169E+10,5.21571E+10,5.21975E+10,5.22386E+10,5.22805E+10,5.23233E+10,5.23673E+10,5.24122E+10,5.24575E+10,5.25032E+10,5.25493E+10,5.25959E+10,5.26428E+10,5.26902E+10,5.27383E+10,5.27868E+10,5.28358E+10,5.28859E+10,5.29366E+10,5.29876E+10,5.30388E+10,5.30906E+10,5.31408E+10,5.31895E+10,5.32446E+10,5.32999E+10,5.33555E+10,5.34113E+10,5.34677E+10,5.35209E+10,5.35723E+10,5.36339E+10,5.36972E+10,5.37607E+10,5.38223E+10,5.38807E+10,5.39305E+10,5.39754E+10,5.40283E+10,5.40769E+10,5.41228E+10,5.41682E+10,5.42127E+10,5.42491E+10,5.42816E+10,5.43224E+10,5.43608E+10,5.43968E+10,5.44301E+10,5.4461E+10,5.44869E+10,5.45101E+10,5.45388E+10,5.45658E+10,5.4591E+10,5.46143E+10,5.46359E+10,5.46537E+10,5.46695E+10,5.4688E+10,5.4705E+10,5.47206E+10,5.47351E+10,5.47484E+10,5.47593E+10,5.47697E+10,5.47831E+10,5.47966E+10,5.48099E+10,5.48232E+10,5.48366E+10,5.4848E+10,5.48589E+10,5.48732E+10,5.48872E+10,5.49011E+10,5.49148E+10,5.49284E+10,5.49398E+10,5.49506E+10,5.49655E+10,5.49803E+10,5.49948E+10,5.5009E+10,5.50231E+10,5.5035E+10,5.50462E+10,5.5061E+10,5.50755E+10,5.50898E+10,5.51038E+10,5.51174E+10,5.51287E+10,5.51393E+10,5.51533E+10,5.51669E+10,5.51801E+10,5.51931E+10,5.52059E+10,5.52168E+10,5.5227E+10,5.52401E+10,5.52529E+10,5.52655E+10,5.52777E+10,5.52897E+10,5.53002E+10,5.531E+10,5.53222E+10,5.53341E+10,5.53457E+10,5.53572E+10,5.53687E+10,5.53786E+10,5.53878E+10,5.53996E+10,5.54112E+10,5.54225E+10,5.54336E+10,5.54444E+10,5.54537E+10,5.54624E+10,5.54736E+10,5.54844E+10,5.54951E+10,5.55055E+10,5.55157E+10,5.55249E+10,5.55336E+10,5.5544E+10,5.55544E+10,5.55648E+10,5.55751E+10,5.55854E+10,5.55949E+10,5.56039E+10,5.56144E+10,5.56246E+10,5.56345E+10,5.56444E+10,5.56543E+10,5.56634E+10,5.56722E+10,5.56827E+10,5.56931E+10,5.57035E+10,5.57138E+10,5.57241E+10,5.57333E+10,5.57432E+10,5.57531E+10,5.57632E+10,5.57732E+10,5.57834E+10,5.57936E+10,5.58039E+10,5.58142E+10,5.58246E+10,5.5835E+10,5.58455E+10,5.58561E+10,5.58667E+10,5.58774E+10,5.58881E+10,5.58989E+10,5.59097E+10,5.59206E+10,5.59315E+10,5.59425E+10,5.59535E+10,5.59646E+10,5.59757E+10,5.59868E+10,5.5998E+10
"Cost of Deaths Cumulative[Nebraska]",0,0,0,0,0,0,0,0,0,0,0,0,0,0,0,0,0,0,0,0,0,0,45.8911,440.767,1872.4,5516.64,13229.4,27873.5,53854.7,97983,170850,289088,478998,782333,1.26531E+06,2.03261E+06,3.24939E+06,5.17061E+06,8.17083E+06,1.27705E+07,1.96531E+07,2.96685E+07,4.37715E+07,6.28808E+07,8.77264E+07,1.18748E+08,1.56079E+08,1.99602E+08,2.4903E+08,3.03979E+08,3.6311E+08,4.23168E+08,4.83372E+08,5.43212E+08,6.0234E+08,6.60621E+08,7.17963E+08,7.74265E+08,8.29427E+08,8.83334E+08,9.35856E+08,9.86942E+08,1.03659E+09,1.0848E+09,1.13159E+09,1.17702E+09,1.22116E+09,1.26405E+09,1.3058E+09,1.34651E+09,1.38625E+09,1.42506E+09,1.463E+09,1.50011E+09,1.53645E+09,1.57207E+09,1.60703E+09,1.64135E+09,1.67504E+09,1.70811E+09,1.74058E+09,1.77245E+09,1.80372E+09,1.83439E+09,1.86444E+09,1.89388E+09,1.9227E+09,1.9509E+09,1.97847E+09,2.00542E+09,2.03178E+09,2.05756E+09,2.08278E+09,2.10745E+09,2.13161E+09,2.15527E+09,2.17844E+09,2.20117E+09,2.22347E+09,2.24536E+09,2.26687E+09,2.288E+09,2.30877E+09,2.32922E+09,2.34936E+09,2.3692E+09,2.38874E+09,2.408E+09,2.42698E+09,2.44576E+09,2.46475E+09,2.48375E+09,2.50257E+09,2.52119E+09,2.53951E+09,2.55757E+09,2.5754E+09,2.59297E+09,2.61019E+09,2.62694E+09,2.64316E+09,2.65896E+09,2.67442E+09,2.68974E+09,2.70509E+09,2.72045E+09,2.73603E+09,2.75197E+09,2.76828E+09,2.78494E+09,2.80184E+09,2.8191E+09,2.83691E+09,2.85507E+09,2.87339E+09,2.89187E+09,2.91065E+09,2.92959E+09,2.94855E+09,2.96746E+09,2.98644E+09,3.00571E+09,3.02535E+09,3.04522E+09,3.06539E+09,3.08616E+09,3.10756E+09,3.12965E+09,3.1523E+09,3.17587E+09,3.20107E+09,3.22825E+09,3.25713E+09,3.28671E+09,3.31643E+09,3.34682E+09,3.3775E+09,3.40756E+09,3.43676E+09,3.46586E+09,3.49542E+09,3.52512E+09,3.5542E+09,3.58222E+09,3.60999E+09,3.63775E+09,3.6654E+09,3.69241E+09,3.7188E+09,3.74466E+09,3.77035E+09,3.7957E+09,3.82058E+09,3.84444E+09,3.86744E+09,3.88951E+09,3.91049E+09,3.93081E+09,3.95135E+09,3.97224E+09,3.99278E+09,4.01293E+09,4.03302E+09,4.05277E+09,4.07204E+09,4.09068E+09,4.10903E+09,4.12724E+09,4.14544E+09,4.16358E+09,4.18203E+09,4.20117E+09,4.22051E+09,4.23945E+09,4.25905E+09,4.27905E+09,4.29912E+09,4.31911E+09,4.33808E+09,4.35688E+09,4.37582E+09,4.39396E+09,4.4117E+09,4.42951E+09,4.44762E+09,4.4664E+09,4.48555E+09,4.50508E+09,4.52492E+09,4.54463E+09,4.56407E+09,4.58313E+09,4.60213E+09,4.62135E+09,4.64029E+09,4.65905E+09,4.67798E+09,4.69715E+09,4.71659E+09,4.7362E+09,4.75575E+09,4.77537E+09,4.79528E+09,4.81576E+09,4.83692E+09,4.85792E+09,4.87761E+09,4.89674E+09,4.9161E+09,4.93567E+09,4.95544E+09,4.97545E+09,4.99597E+09,5.0179E+09,5.04158E+09,5.06645E+09,5.09216E+09,5.1177E+09,5.14255E+09,5.16721E+09,5.19145E+09,5.21452E+09,5.23695E+09,5.25944E+09,5.28211E+09,5.3052E+09,5.32861E+09,5.35272E+09,5.37823E+09,5.40481E+09,5.4323E+09,5.46109E+09,5.49093E+09,5.5217E+09,5.55303E+09,5.5848E+09,5.61717E+09,5.65004E+09,5.68291E+09,5.71599E+09,5.74907E+09,5.78286E+09,5.81641E+09,5.85003E+09,5.88429E+09,5.91907E+09,5.95333E+09,5.98815E+09,6.02402E+09,6.06076E+09,6.09716E+09,6.13266E+09,6.16845E+09,6.20523E+09,6.24175E+09,6.27718E+09,6.31167E+09,6.34661E+09,6.38239E+09,6.41717E+09,6.45151E+09,6.48606E+09,6.52069E+09,6.55608E+09,6.59127E+09,6.62509E+09,6.65971E+09,6.69301E+09,6.72525E+09,6.75686E+09,6.78725E+09,6.81686E+09,6.84682E+09,6.87605E+09,6.90566E+09,6.93585E+09,6.96717E+09,7.00036E+09,7.03585E+09,7.06909E+09,7.09742E+09,7.12478E+09,7.15149E+09,7.1771E+09,7.20182E+09,7.22592E+09,7.25052E+09,7.27693E+09,7.30352E+09,7.33021E+09,7.3569E+09,7.38374E+09,7.41085E+09,7.43794E+09,7.4655E+09,7.49376E+09,7.52238E+09,7.55084E+09,7.57853E+09,7.6053E+09,7.63115E+09,7.65634E+09,7.68124E+09,7.70604E+09,7.73108E+09,7.75655E+09,7.78266E+09,7.80944E+09,7.83659E+09,7.86411E+09,7.89117E+09,7.91766E+09,7.94435E+09,7.97137E+09,7.9988E+09,8.02684E+09,8.05517E+09,8.08395E+09,8.1136E+09,8.144E+09,8.17506E+09,8.20739E+09,8.24059E+09,8.27428E+09,8.30913E+09,8.34569E+09,8.38425E+09,8.42521E+09,8.46681E+09,8.50862E+09,8.55236E+09,8.59748E+09,8.64303E+09,8.68943E+09,8.7366E+09,8.78498E+09,8.83397E+09,8.88278E+09,8.93226E+09,8.98189E+09,9.03148E+09,9.08113E+09,9.13104E+09,9.1819E+09,9.23371E+09,9.28597E+09,9.339E+09,9.39303E+09,9.44645E+09,9.49862E+09,9.5511E+09,9.60363E+09,9.65694E+09,9.71114E+09,9.76597E+09,9.82215E+09,9.87978E+09,9.93794E+09,9.99887E+09,1.00627E+10,1.01289E+10,1.01967E+10,1.02666E+10,1.034E+10,1.04163E+10,1.0491E+10,1.05633E+10,1.06331E+10,1.07011E+10,1.07687E+10,1.08371E+10,1.09052E+10,1.09727E+10,1.10396E+10,1.11068E+10,1.11748E+10,1.1244E+10,1.13127E+10,1.1382E+10,1.14519E+10,1.15214E+10,1.15913E+10,1.16617E+10,1.17319E+10,1.18015E+10,1.18701E+10,1.19398E+10,1.20146E+10,1.20947E+10,1.2178E+10,1.22604E+10,1.23425E+10,1.24263E+10,1.25103E+10,1.25895E+10,1.26662E+10,1.27406E+10,1.28151E+10,1.2889E+10,1.29619E+10,1.30339E+10,1.31047E+10,1.31735E+10,1.32426E+10,1.33118E+10,1.33814E+10,1.34508E+10,1.35198E+10,1.35908E+10,1.36638E+10,1.37372E+10,1.3811E+10,1.38863E+10,1.39626E+10,1.40391E+10,1.41147E+10,1.41832E+10,1.42445E+10,1.43057E+10,1.43658E+10,1.44277E+10,1.4491E+10,1.45546E+10,1.46227E+10,1.47002E+10,1.47807E+10,1.48598E+10,1.49291E+10,1.49964E+10,1.50628E+10,1.51288E+10,1.51936E+10,1.52586E+10,1.53259E+10,1.53987E+10,1.54718E+10,1.55412E+10,1.56101E+10,1.56798E+10,1.57492E+10,1.58192E+10,1.58894E+10,1.59607E+10,1.60371E+10,1.61164E+10,1.61939E+10,1.62683E+10,1.63401E+10,1.64106E+10,1.64791E+10,1.65466E+10,1.66112E+10,1.66743E+10,1.6737E+10,1.67994E+10,1.68618E+10,1.69243E+10,1.69862E+10,1.70472E+10,1.7108E+10,1.71674E+10,1.72253E+10,1.72827E+10,1.73391E+10,1.73946E+10,1.74503E+10,1.75053E+10,1.75602E+10,1.76155E+10,1.76709E+10,1.77264E+10,1.77818E+10,1.78357E+10,1.78881E+10,1.79391E+10,1.79897E+10,1.80386E+10,1.80853E+10,1.81311E+10,1.81768E+10,1.82224E+10,1.82677E+10,1.83119E+10,1.83558E+10,1.84001E+10,1.84435E+10,1.84858E+10,1.85273E+10,1.85687E+10,1.86104E+10,1.86519E+10,1.86929E+10,1.87337E+10,1.87745E+10,1.88151E+10,1.88546E+10,1.88924E+10,1.89294E+10,1.89658E+10,1.90019E+10,1.90377E+10,1.90731E+10,1.91085E+10,1.91439E+10,1.91793E+10,1.92152E+10,1.92506E+10,1.92856E+10,1.93203E+10,1.93546E+10,1.93888E+10,1.94234E+10,1.94579E+10,1.94931E+10,1.95286E+10,1.95639E+10,1.95991E+10,1.96344E+10,1.96707E+10,1.97072E+10,1.97431E+10,1.97787E+10,1.9814E+10,1.98478E+10,1.98795E+10,1.99118E+10,1.99457E+10,1.99819E+10,2.00195E+10,2.00569E+10,2.00964E+10,2.01401E+10,2.01839E+10,2.02274E+10,2.02699E+10,2.03114E+10,2.03524E+10,2.03935E+10,2.04347E+10,2.04754E+10,2.05157E+10,2.0556E+10,2.05963E+10,2.06366E+10,2.06773E+10,2.07191E+10,2.07614E+10,2.08035E+10,2.08456E+10,2.08877E+10,2.093E+10,2.09717E+10,2.10123E+10,2.10526E+10,2.10937E+10,2.1136E+10,2.11784E+10,2.12209E+10,2.12637E+10,2.13069E+10,2.13504E+10,2.1394E+10,2.14372E+10,2.14806E+10,2.15239E+10,2.15671E+10,2.16105E+10,2.16543E+10,2.16988E+10,2.17433E+10,2.17875E+10,2.18316E+10,2.18764E+10,2.1922E+10,2.19676E+10,2.20131E+10,2.20597E+10,2.21077E+10,2.21564E+10,2.22064E+10,2.2258E+10,2.23107E+10,2.23655E+10,2.24218E+10,2.24797E+10,2.2541E+10,2.26039E+10,2.26686E+10,2.27375E+10,2.28101E+10,2.28872E+10,2.29686E+10,2.30549E+10,2.31471E+10,2.32453E+10,2.33485E+10,2.34568E+10,2.35696E+10,2.36871E+10,2.38094E+10,2.39373E+10,2.40704E+10,2.42095E+10,2.43556E+10,2.45105E+10,2.46763E+10,2.48513E+10,2.50348E+10,2.52281E+10,2.54278E+10,2.56317E+10,2.58384E+10,2.60478E+10,2.62539E+10,2.64582E+10,2.66581E+10,2.68512E+10,2.7041E+10,2.72342E+10,2.74381E+10,2.76538E+10,2.78773E+10,2.80995E+10,2.83167E+10,2.85335E+10,2.87533E+10,2.89781E+10,2.92086E+10,2.94465E+10,2.96964E+10,2.9962E+10,3.02408E+10,3.05319E+10,3.08327E+10,3.11445E+10,3.14654E+10,3.179E+10,3.21117E+10,3.24308E+10,3.27472E+10,3.30635E+10,3.33814E+10,3.37016E+10,3.40337E+10,3.43769E+10,3.47165E+10,3.50581E+10,3.54021E+10,3.57385E+10,3.60763E+10,3.64108E+10,3.6751E+10,3.71083E+10,3.74735E+10,3.78392E+10,3.8207E+10,3.85654E+10,3.89164E+10,3.92559E+10,3.95864E+10,3.9907E+10,4.02236E+10,4.05363E+10,4.08436E+10,4.11442E+10,4.14374E+10,4.17258E+10,4.20104E+10,4.2289E+10,4.25613E+10,4.28285E+10,4.30925E+10,4.33543E+10,4.36124E+10,4.38664E+10,4.41166E+10,4.4364E+10,4.46093E+10,4.48518E+10,4.50919E+10,4.53305E+10,4.55684E+10,4.58055E+10,4.60392E+10,4.62686E+10,4.64973E+10,4.67233E+10,4.69295E+10,4.71527E+10,4.73703E+10,4.75852E+10,4.77973E+10,4.79895E+10,4.81583E+10,4.83652E+10,4.85753E+10,4.87784E+10,4.89683E+10,4.91738E+10,4.93701E+10,4.95398E+10,4.97376E+10,4.99304E+10,5.01186E+10,5.0306E+10,5.04913E+10,5.06569E+10,5.07976E+10,5.09914E+10,5.11793E+10,5.13765E+10,5.15706E+10,5.17634E+10,5.19475E+10,5.21047E+10,5.22937E+10,5.24793E+10,5.26676E+10,5.2855E+10,5.30429E+10,5.32257E+10,5.33899E+10,5.35766E+10,5.37697E+10,5.39773E+10,5.41821E+10,5.43834E+10,5.45654E+10,5.47085E+10,5.48753E+10,5.50441E+10,5.52188E+10,5.53929E+10,5.55678E+10,5.57219E+10,5.58477E+10,5.60346E+10,5.62179E+10,5.63974E+10,5.65728E+10,5.67414E+10,5.69019E+10,5.7047E+10,5.72041E+10,5.73617E+10,5.75183E+10,5.76733E+10,5.78271E+10,5.79775E+10,5.81117E+10,5.82548E+10,5.83901E+10,5.8522E+10,5.86541E+10,5.8787E+10,5.89189E+10,5.90332E+10,5.9163E+10,5.92829E+10,5.93982E+10,5.95434E+10,5.96957E+10,5.98421E+10,5.99472E+10,6.00309E+10,6.01433E+10,6.02584E+10,6.03946E+10,6.05565E+10,6.06867E+10,6.07814E+10,6.09071E+10,6.10148E+10,6.1157E+10,6.13459E+10,6.15325E+10,6.16653E+10,6.17659E+10,6.19063E+10,6.20515E+10,6.22381E+10,6.2442E+10,6.26374E+10,6.2782E+10,6.28935E+10,6.30785E+10,6.32618E+10,6.34763E+10,6.36953E+10,6.39085E+10,6.40782E+10,6.42211E+10,6.44176E+10,6.45766E+10,6.47814E+10,6.49773E+10,6.51631E+10,6.5322E+10,6.54524E+10,6.56191E+10,6.5778E+10,6.59303E+10,6.60766E+10,6.62176E+10,6.63544E+10,6.64875E+10,6.66241E+10,6.67553E+10,6.68817E+10,6.70025E+10,6.71184E+10,6.72301E+10,6.73356E+10,6.74361E+10,6.75355E+10,6.76316E+10,6.77244E+10,6.78142E+10,6.79014E+10,6.79859E+10,6.80671E+10,6.81458E+10,6.8223E+10,6.82984E+10,6.83718E+10,6.84433E+10,6.85138E+10,6.85836E+10,6.86526E+10,6.87205E+10,6.87868E+10,6.88511E+10,6.89141E+10,6.89758E+10,6.90357E+10,6.9094E+10,6.91507E+10,6.9206E+10,6.92602E+10,6.93128E+10,6.93633E+10,6.9412E+10,6.94597E+10,6.95065E+10,6.95526E+10,6.95982E+10,6.96431E+10,6.96872E+10,6.97328E+10,6.97777E+10,6.98221E+10,6.9866E+10,6.99096E+10,6.99528E+10,6.99959E+10,7.00387E+10,7.00813E+10,7.01237E+10,7.01657E+10,7.02073E+10,7.02488E+10,7.029E+10,7.03312E+10,7.03725E+10,7.04139E+10,7.04553E+10,7.04967E+10,7.05385E+10,7.0581E+10,7.0624E+10,7.06672E+10,7.071E+10,7.07543E+10,7.07985E+10,7.08423E+10,7.08854E+10,7.09279E+10,7.09702E+10,7.10128E+10,7.1056E+10,7.10991E+10,7.11427E+10,7.11868E+10,7.12326E+10,7.12795E+10,7.13271E+10,7.13752E+10,7.14247E+10,7.14753E+10,7.15234E+10,7.15687E+10,7.16239E+10,7.16796E+10,7.17363E+10,7.17938E+10,7.18501E+10,7.19039E+10,7.19666E+10,7.203E+10,7.20943E+10,7.21599E+10,7.22268E+10,7.22951E+10,7.23599E+10,7.24208E+10,7.24981E+10,7.25768E+10,7.26567E+10,7.27377E+10,7.2813E+10,7.28822E+10,7.29666E+10,7.30526E+10,7.3137E+10,7.32181E+10,7.3296E+10,7.33618E+10,7.34192E+10,7.34919E+10,7.35625E+10,7.36322E+10,7.36994E+10,7.37632E+10,7.38211E+10,7.38717E+10,7.39236E+10,7.3974E+10,7.40246E+10,7.40733E+10,7.41192E+10,7.41611E+10,7.4198E+10,7.42358E+10,7.42714E+10,7.43065E+10,7.434E+10,7.4371E+10,7.43998E+10,7.44264E+10,7.44468E+10,7.44642E+10,7.44875E+10,7.45109E+10,7.45341E+10,7.45573E+10,7.45802E+10,7.45994E+10,7.4617E+10,7.46414E+10,7.46661E+10,7.46906E+10,7.47125E+10,7.47324E+10,7.47566E+10,7.47809E+10,7.48057E+10,7.48305E+10,7.4855E+10,7.48771E+10,7.4897E+10,7.49207E+10,7.49449E+10,7.49694E+10,7.49934E+10,7.5017E+10,7.50373E+10,7.50553E+10,7.50782E+10,7.5101E+10,7.51239E+10,7.51466E+10,7.51688E+10,7.51885E+10,7.52059E+10,7.52269E+10,7.52471E+10,7.52679E+10,7.52885E+10,7.53086E+10,7.5327E+10,7.53434E+10,7.5363E+10,7.53819E+10,7.54002E+10,7.54188E+10,7.5437E+10,7.54547E+10,7.54701E+10,7.54845E+10,7.55017E+10,7.55181E+10,7.55351E+10,7.55517E+10,7.55666E+10,7.55799E+10,7.55958E+10,7.56113E+10,7.56267E+10,7.56418E+10,7.56567E+10,7.56704E+10,7.56828E+10,7.56974E+10,7.57115E+10,7.57259E+10,7.57401E+10,7.57542E+10,7.57677E+10,7.57804E+10,7.57945E+10,7.58084E+10,7.58223E+10,7.5836E+10,7.58496E+10,7.58626E+10,7.58749E+10,7.58886E+10,7.59023E+10,7.59159E+10,7.59294E+10,7.59428E+10,7.59559E+10,7.59684E+10,7.5982E+10,7.59956E+10,7.60098E+10,7.60227E+10,7.60357E+10,7.60488E+10,7.60621E+10,7.60755E+10,7.60889E+10,7.61025E+10,7.61162E+10,7.61301E+10,7.6144E+10,7.61581E+10,7.61723E+10,7.61866E+10,7.6201E+10,7.62156E+10,7.62303E+10,7.62452E+10,7.62602E+10,7.62753E+10,7.62906E+10,7.63061E+10,7.63216E+10,7.63374E+10,7.63532E+10,7.63693E+10
"Cost of Deaths Cumulative[Nevada]",0,0,0,0,0,0,0,0,0,0,0,0,0,0,0,0,0,0,0,0,0,0.0754607,5.03587,34.0791,120.261,307.753,649.744,1207.52,2051.57,3264.89,4947.46,7220.81,10231.3,14154.8,19203.8,25637.4,33773.1,44004,56816.9,72817.5,92766.8,117630,148629,187301,235557,295765,370861,464477,581103,726298,906937,1.13146E+06,1.4102E+06,1.75581E+06,2.18379E+06,2.71304E+06,3.3666E+06,4.17257E+06,5.16549E+06,6.38777E+06,7.89137E+06,9.74E+06,1.20119E+07,1.48033E+07,1.82322E+07,2.24435E+07,2.76151E+07,3.39602E+07,4.17268E+07,5.12272E+07,6.28391E+07,7.70167E+07,9.43047E+07,1.15355E+08,1.40947E+08,1.72005E+08,2.09614E+08,2.5505E+08,3.09834E+08,3.75807E+08,4.55185E+08,5.50599E+08,6.65124E+08,8.02321E+08,9.66194E+08,1.16014E+09,1.38587E+09,1.64322E+09,1.93039E+09,2.24449E+09,2.58199E+09,2.93911E+09,3.31203E+09,3.69709E+09,4.09087E+09,4.49024E+09,4.89242E+09,5.29497E+09,5.69582E+09,6.09324E+09,6.48574E+09,6.87212E+09,7.25139E+09,7.62276E+09,7.98558E+09,8.33941E+09,8.68389E+09,9.01882E+09,9.34405E+09,9.65951E+09,9.9652E+09,1.02612E+10,1.05475E+10,1.08296E+10,1.11065E+10,1.13732E+10,1.16303E+10,1.18783E+10,1.21175E+10,1.23479E+10,1.25698E+10,1.27837E+10,1.29897E+10,1.31881E+10,1.33776E+10,1.35588E+10,1.37322E+10,1.38977E+10,1.40553E+10,1.42055E+10,1.43492E+10,1.4487E+10,1.46193E+10,1.47452E+10,1.48642E+10,1.49776E+10,1.50864E+10,1.51905E+10,1.52905E+10,1.5387E+10,1.54803E+10,1.55715E+10,1.56607E+10,1.57473E+10,1.58323E+10,1.59149E+10,1.59938E+10,1.60693E+10,1.61438E+10,1.62174E+10,1.62886E+10,1.63574E+10,1.64247E+10,1.64916E+10,1.6559E+10,1.66245E+10,1.66876E+10,1.67491E+10,1.68093E+10,1.68673E+10,1.69233E+10,1.69772E+10,1.70291E+10,1.70794E+10,1.7128E+10,1.71753E+10,1.72214E+10,1.72661E+10,1.73099E+10,1.73528E+10,1.73948E+10,1.74357E+10,1.74755E+10,1.75142E+10,1.75512E+10,1.75863E+10,1.76203E+10,1.76522E+10,1.76827E+10,1.77123E+10,1.774E+10,1.77669E+10,1.77935E+10,1.782E+10,1.78453E+10,1.78684E+10,1.78913E+10,1.79135E+10,1.79357E+10,1.79575E+10,1.79785E+10,1.79994E+10,1.80213E+10,1.80425E+10,1.80635E+10,1.80847E+10,1.81062E+10,1.81285E+10,1.81515E+10,1.81745E+10,1.81983E+10,1.82233E+10,1.82484E+10,1.82732E+10,1.82979E+10,1.83226E+10,1.83478E+10,1.83735E+10,1.84001E+10,1.84271E+10,1.84547E+10,1.84824E+10,1.85107E+10,1.85393E+10,1.85682E+10,1.85977E+10,1.86278E+10,1.86587E+10,1.86903E+10,1.87204E+10,1.87484E+10,1.87752E+10,1.88018E+10,1.88287E+10,1.88562E+10,1.88846E+10,1.89147E+10,1.89468E+10,1.89805E+10,1.90146E+10,1.90478E+10,1.90803E+10,1.9112E+10,1.91442E+10,1.91778E+10,1.92137E+10,1.92508E+10,1.92886E+10,1.93277E+10,1.937E+10,1.9415E+10,1.94615E+10,1.95094E+10,1.95606E+10,1.9618E+10,1.96797E+10,1.97445E+10,1.98122E+10,1.98831E+10,1.99604E+10,2.00429E+10,2.0124E+10,2.02035E+10,2.02831E+10,2.03636E+10,2.04472E+10,2.05333E+10,2.06215E+10,2.07153E+10,2.08178E+10,2.0929E+10,2.10488E+10,2.11751E+10,2.13099E+10,2.14541E+10,2.16013E+10,2.17386E+10,2.18688E+10,2.19951E+10,2.21196E+10,2.22383E+10,2.23538E+10,2.24677E+10,2.25854E+10,2.27031E+10,2.28187E+10,2.29288E+10,2.30342E+10,2.31334E+10,2.32222E+10,2.33012E+10,2.33771E+10,2.34505E+10,2.35215E+10,2.35901E+10,2.36561E+10,2.37239E+10,2.37955E+10,2.38636E+10,2.39281E+10,2.39904E+10,2.405E+10,2.4107E+10,2.41613E+10,2.42133E+10,2.42625E+10,2.43069E+10,2.43475E+10,2.43861E+10,2.44238E+10,2.44606E+10,2.44957E+10,2.45291E+10,2.4562E+10,2.45946E+10,2.46263E+10,2.46564E+10,2.46849E+10,2.47127E+10,2.47404E+10,2.47676E+10,2.47944E+10,2.48212E+10,2.48476E+10,2.48737E+10,2.48989E+10,2.49232E+10,2.49474E+10,2.49715E+10,2.49952E+10,2.50189E+10,2.5043E+10,2.50677E+10,2.50932E+10,2.51193E+10,2.51459E+10,2.51729E+10,2.52004E+10,2.5228E+10,2.52558E+10,2.52837E+10,2.53121E+10,2.53415E+10,2.53719E+10,2.54035E+10,2.5436E+10,2.54712E+10,2.55091E+10,2.55466E+10,2.55855E+10,2.56263E+10,2.5669E+10,2.57137E+10,2.57603E+10,2.58101E+10,2.58661E+10,2.59276E+10,2.59942E+10,2.60673E+10,2.61482E+10,2.62365E+10,2.63323E+10,2.64366E+10,2.65509E+10,2.6678E+10,2.68179E+10,2.69696E+10,2.71332E+10,2.73054E+10,2.74858E+10,2.7676E+10,2.78714E+10,2.80706E+10,2.82717E+10,2.84737E+10,2.86711E+10,2.88574E+10,2.90423E+10,2.9226E+10,2.94086E+10,2.9591E+10,2.97728E+10,2.99565E+10,3.01355E+10,3.031E+10,3.04768E+10,3.06366E+10,3.07925E+10,3.09468E+10,3.11027E+10,3.12683E+10,3.14411E+10,3.16187E+10,3.18017E+10,3.19893E+10,3.21786E+10,3.23634E+10,3.25381E+10,3.27058E+10,3.2875E+10,3.30464E+10,3.32178E+10,3.33939E+10,3.35768E+10,3.3762E+10,3.3946E+10,3.41252E+10,3.42973E+10,3.44682E+10,3.46382E+10,3.48069E+10,3.49812E+10,3.51587E+10,3.53402E+10,3.55328E+10,3.57253E+10,3.59178E+10,3.61145E+10,3.63109E+10,3.65151E+10,3.67294E+10,3.6945E+10,3.71689E+10,3.73932E+10,3.76107E+10,3.78263E+10,3.80378E+10,3.82475E+10,3.84574E+10,3.86665E+10,3.88673E+10,3.90649E+10,3.92629E+10,3.94558E+10,3.96391E+10,3.98123E+10,3.99814E+10,4.01506E+10,4.03216E+10,4.04906E+10,4.06593E+10,4.08312E+10,4.10093E+10,4.1189E+10,4.13657E+10,4.15384E+10,4.17081E+10,4.1877E+10,4.20453E+10,4.22131E+10,4.23811E+10,4.25537E+10,4.27252E+10,4.28964E+10,4.30632E+10,4.32264E+10,4.33879E+10,4.35467E+10,4.37017E+10,4.38554E+10,4.40062E+10,4.41552E+10,4.43028E+10,4.44474E+10,4.45867E+10,4.47235E+10,4.4856E+10,4.4982E+10,4.51056E+10,4.52275E+10,4.53494E+10,4.54739E+10,4.56004E+10,4.57311E+10,4.58699E+10,4.60115E+10,4.61495E+10,4.62755E+10,4.63946E+10,4.65096E+10,4.66219E+10,4.67309E+10,4.68374E+10,4.69445E+10,4.70554E+10,4.71654E+10,4.72749E+10,4.7382E+10,4.74868E+10,4.75907E+10,4.76918E+10,4.779E+10,4.78873E+10,4.79784E+10,4.80654E+10,4.81526E+10,4.8239E+10,4.83252E+10,4.84119E+10,4.84994E+10,4.85912E+10,4.86878E+10,4.87845E+10,4.88821E+10,4.89807E+10,4.90796E+10,4.91771E+10,4.92733E+10,4.9368E+10,4.94616E+10,4.95549E+10,4.96479E+10,4.97405E+10,4.98334E+10,4.993E+10,5.00311E+10,5.01355E+10,5.02427E+10,5.03491E+10,5.04548E+10,5.05432E+10,5.06128E+10,5.06819E+10,5.07522E+10,5.08226E+10,5.08929E+10,5.09626E+10,5.10339E+10,5.11094E+10,5.11841E+10,5.1257E+10,5.13301E+10,5.14052E+10,5.14839E+10,5.15683E+10,5.16608E+10,5.17616E+10,5.18712E+10,5.1985E+10,5.20972E+10,5.22082E+10,5.23203E+10,5.24327E+10,5.25433E+10,5.26541E+10,5.27649E+10,5.28741E+10,5.29819E+10,5.30886E+10,5.3195E+10,5.33003E+10,5.34052E+10,5.35129E+10,5.36234E+10,5.37352E+10,5.38488E+10,5.39643E+10,5.40827E+10,5.42045E+10,5.43277E+10,5.44529E+10,5.45826E+10,5.47164E+10,5.48547E+10,5.49978E+10,5.51427E+10,5.52891E+10,5.54368E+10,5.55862E+10,5.57375E+10,5.58912E+10,5.60481E+10,5.62085E+10,5.6372E+10,5.65382E+10,5.67092E+10,5.68872E+10,5.70659E+10,5.72398E+10,5.74124E+10,5.75818E+10,5.77491E+10,5.7912E+10,5.80698E+10,5.82279E+10,5.83895E+10,5.85523E+10,5.87141E+10,5.8872E+10,5.90275E+10,5.91809E+10,5.9331E+10,5.94796E+10,5.96241E+10,5.97647E+10,5.99021E+10,6.00345E+10,6.01612E+10,6.02839E+10,6.04024E+10,6.05172E+10,6.06289E+10,6.07384E+10,6.08456E+10,6.09501E+10,6.10524E+10,6.11536E+10,6.12527E+10,6.13501E+10,6.14469E+10,6.15454E+10,6.16448E+10,6.17414E+10,6.1833E+10,6.19224E+10,6.20103E+10,6.20946E+10,6.21745E+10,6.22519E+10,6.23281E+10,6.24043E+10,6.24803E+10,6.25567E+10,6.2635E+10,6.27144E+10,6.2795E+10,6.28785E+10,6.2965E+10,6.30544E+10,6.31466E+10,6.32419E+10,6.3341E+10,6.34428E+10,6.35475E+10,6.3656E+10,6.37697E+10,6.38909E+10,6.40197E+10,6.41554E+10,6.43002E+10,6.44559E+10,6.46224E+10,6.47977E+10,6.498E+10,6.51739E+10,6.53801E+10,6.55957E+10,6.5813E+10,6.60277E+10,6.62409E+10,6.6454E+10,6.66674E+10,6.68841E+10,6.71021E+10,6.73232E+10,6.75489E+10,6.77757E+10,6.80043E+10,6.8231E+10,6.84529E+10,6.86702E+10,6.88836E+10,6.90932E+10,6.92977E+10,6.94896E+10,6.96688E+10,6.98412E+10,7.001E+10,7.01727E+10,7.03297E+10,7.04838E+10,7.06397E+10,7.0799E+10,7.09593E+10,7.11186E+10,7.12759E+10,7.14162E+10,7.15403E+10,7.16604E+10,7.17777E+10,7.18934E+10,7.20067E+10,7.21178E+10,7.22332E+10,7.23565E+10,7.24776E+10,7.25981E+10,7.27182E+10,7.28398E+10,7.29642E+10,7.30905E+10,7.32193E+10,7.33517E+10,7.34826E+10,7.36132E+10,7.37457E+10,7.38799E+10,7.40143E+10,7.41504E+10,7.4292E+10,7.44412E+10,7.45973E+10,7.47576E+10,7.49257E+10,7.51029E+10,7.52789E+10,7.54598E+10,7.565E+10,7.58485E+10,7.60539E+10,7.6264E+10,7.64827E+10,7.67205E+10,7.69685E+10,7.72251E+10,7.74869E+10,7.77553E+10,7.8027E+10,7.83035E+10,7.85892E+10,7.88824E+10,7.91814E+10,7.94841E+10,7.97912E+10,8.01035E+10,8.0419E+10,8.07379E+10,8.10617E+10,8.13871E+10,8.17146E+10,8.20431E+10,8.23733E+10,8.27047E+10,8.30375E+10,8.337E+10,8.37005E+10,8.40274E+10,8.435E+10,8.46684E+10,8.49882E+10,8.53089E+10,8.56281E+10,8.59412E+10,8.62467E+10,8.65473E+10,8.68447E+10,8.71332E+10,8.74123E+10,8.76863E+10,8.7958E+10,8.82297E+10,8.85003E+10,8.87678E+10,8.90443E+10,8.93396E+10,8.96436E+10,8.99464E+10,9.0245E+10,9.05395E+10,9.08316E+10,9.11127E+10,9.13749E+10,9.16286E+10,9.18837E+10,9.21419E+10,9.24037E+10,9.26689E+10,9.29387E+10,9.32114E+10,9.34882E+10,9.37691E+10,9.40541E+10,9.43361E+10,9.4612E+10,9.48882E+10,9.51655E+10,9.54427E+10,9.57175E+10,9.59891E+10,9.62663E+10,9.65533E+10,9.68397E+10,9.71265E+10,9.74145E+10,9.77034E+10,9.79876E+10,9.82498E+10,9.84865E+10,9.87126E+10,9.89304E+10,9.91437E+10,9.93546E+10,9.95559E+10,9.97472E+10,9.99758E+10,1.00196E+11,1.00414E+11,1.00626E+11,1.0083E+11,1.01017E+11,1.01193E+11,1.01403E+11,1.0161E+11,1.01816E+11,1.02024E+11,1.02235E+11,1.02452E+11,1.02646E+11,1.02826E+11,1.03071E+11,1.0331E+11,1.03544E+11,1.03779E+11,1.04008E+11,1.04221E+11,1.04476E+11,1.04739E+11,1.05014E+11,1.05305E+11,1.05608E+11,1.05917E+11,1.06216E+11,1.06546E+11,1.06887E+11,1.07237E+11,1.07589E+11,1.07933E+11,1.0827E+11,1.08607E+11,1.08943E+11,1.09276E+11,1.09603E+11,1.09925E+11,1.10246E+11,1.10573E+11,1.10897E+11,1.11221E+11,1.1154E+11,1.11852E+11,1.12158E+11,1.12459E+11,1.12756E+11,1.1305E+11,1.13338E+11,1.1362E+11,1.13896E+11,1.14165E+11,1.14429E+11,1.14683E+11,1.14921E+11,1.15149E+11,1.15378E+11,1.15603E+11,1.15823E+11,1.16038E+11,1.16251E+11,1.16465E+11,1.16678E+11,1.16885E+11,1.1709E+11,1.1729E+11,1.17485E+11,1.17674E+11,1.1786E+11,1.18045E+11,1.18224E+11,1.18398E+11,1.18568E+11,1.18733E+11,1.18892E+11,1.19047E+11,1.19199E+11,1.19349E+11,1.19496E+11,1.1964E+11,1.1978E+11,1.19919E+11,1.20055E+11,1.20188E+11,1.20318E+11,1.20444E+11,1.20566E+11,1.20687E+11,1.20806E+11,1.20924E+11,1.21039E+11,1.21153E+11,1.21264E+11,1.21373E+11,1.21479E+11,1.21584E+11,1.21687E+11,1.2179E+11,1.21894E+11,1.22001E+11,1.22105E+11,1.22207E+11,1.22305E+11,1.22401E+11,1.22494E+11,1.22584E+11,1.2267E+11,1.22755E+11,1.22841E+11,1.22928E+11,1.23013E+11,1.23097E+11,1.23181E+11,1.23265E+11,1.23349E+11,1.23432E+11,1.23514E+11,1.23598E+11,1.23682E+11,1.23766E+11,1.2385E+11,1.23934E+11,1.24019E+11,1.24106E+11,1.24193E+11,1.2428E+11,1.24368E+11,1.24458E+11,1.24547E+11,1.24639E+11,1.24731E+11,1.24824E+11,1.24918E+11,1.25014E+11,1.2511E+11,1.2521E+11,1.25311E+11,1.25415E+11,1.2552E+11,1.25626E+11,1.25738E+11,1.25853E+11,1.25971E+11,1.26094E+11,1.26222E+11,1.26356E+11,1.26486E+11,1.26608E+11,1.26738E+11,1.26868E+11,1.26996E+11,1.2712E+11,1.2724E+11,1.27359E+11,1.27485E+11,1.27609E+11,1.2773E+11,1.27848E+11,1.27966E+11,1.28079E+11,1.28189E+11,1.28301E+11,1.2841E+11,1.28515E+11,1.28617E+11,1.28714E+11,1.28806E+11,1.28895E+11,1.28982E+11,1.29064E+11,1.29143E+11,1.29218E+11,1.29288E+11,1.29353E+11,1.29414E+11,1.29473E+11,1.29528E+11,1.29584E+11,1.29642E+11,1.297E+11,1.2976E+11,1.29817E+11,1.29873E+11,1.29935E+11,1.29997E+11,1.30059E+11,1.3012E+11,1.30179E+11,1.30237E+11,1.30299E+11,1.30361E+11,1.30422E+11,1.30482E+11,1.30542E+11,1.30601E+11,1.30659E+11,1.30717E+11,1.30774E+11,1.3083E+11,1.30885E+11,1.30939E+11,1.30991E+11,1.31042E+11,1.31093E+11,1.31143E+11,1.31192E+11,1.3124E+11,1.31286E+11,1.31328E+11,1.31373E+11,1.31417E+11,1.3146E+11,1.31502E+11,1.31543E+11,1.31583E+11,1.31621E+11,1.31657E+11,1.31695E+11,1.31731E+11,1.31766E+11,1.31801E+11,1.31835E+11,1.31868E+11,1.319E+11,1.31932E+11,1.31963E+11,1.31993E+11,1.32023E+11,1.32052E+11,1.32081E+11,1.32109E+11,1.32138E+11,1.32166E+11,1.32193E+11,1.32221E+11,1.32248E+11,1.32276E+11,1.32303E+11,1.32331E+11,1.32359E+11,1.32386E+11,1.32414E+11,1.32442E+11,1.3247E+11,1.32498E+11,1.32527E+11,1.32555E+11,1.32584E+11,1.32612E+11,1.3264E+11,1.32668E+11,1.32696E+11,1.32725E+11,1.32753E+11,1.32782E+11,1.32812E+11,1.32842E+11,1.32872E+11,1.32903E+11,1.32934E+11,1.32967E+11,1.32995E+11,1.33024E+11,1.33054E+11,1.33083E+11,1.33113E+11,1.33143E+11,1.33173E+11,1.33204E+11,1.33234E+11,1.33265E+11,1.33296E+11,1.33326E+11,1.33357E+11,1.33388E+11,1.33419E+11,1.3345E+11,1.3348E+11,1.33511E+11,1.33542E+11,1.33573E+11,1.33604E+11,1.33634E+11,1.33665E+11,1.33696E+11,1.33726E+11
"Cost of Deaths Cumulative[New Hampshire]",0,0,0,0,0,0,0,0,0,0,0,0,0,0,0,0,0,0,0,0,0,0,0,0,0,0,0,0,0,0,0,0,0,0.979087,66.0441,452.19,1617.05,4208.69,9077.29,17303.2,30238,49557.6,77304.7,115986,168737,239486,333124,455682,614501,818486,1.07848E+06,1.40777E+06,1.82272E+06,2.3437E+06,2.99626E+06,3.81236E+06,4.83206E+06,6.10547E+06,7.69419E+06,9.67263E+06,1.21316E+07,1.51845E+07,1.89757E+07,2.36905E+07,2.95666E+07,3.69085E+07,4.6105E+07,5.76496E+07,7.21633E+07,9.04278E+07,1.13427E+08,1.39887E+08,1.6919E+08,2.02145E+08,2.39486E+08,2.8188E+08,3.29855E+08,3.83715E+08,4.43529E+08,5.09118E+08,5.80097E+08,6.55927E+08,7.35978E+08,8.19589E+08,9.06108E+08,9.94904E+08,1.08539E+09,1.17703E+09,1.26936E+09,1.36197E+09,1.45453E+09,1.54674E+09,1.63837E+09,1.72924E+09,1.81922E+09,1.90824E+09,1.99625E+09,2.08327E+09,2.16929E+09,2.25435E+09,2.33844E+09,2.42152E+09,2.50357E+09,2.58462E+09,2.6647E+09,2.74384E+09,2.82206E+09,2.89938E+09,2.97583E+09,3.05141E+09,3.12738E+09,3.20405E+09,3.27959E+09,3.35375E+09,3.42697E+09,3.49908E+09,3.57025E+09,3.64027E+09,3.70903E+09,3.77668E+09,3.84324E+09,3.90855E+09,3.97259E+09,4.0352E+09,4.09656E+09,4.15675E+09,4.21564E+09,4.27324E+09,4.32958E+09,4.3847E+09,4.43896E+09,4.49268E+09,4.5458E+09,4.59829E+09,4.64993E+09,4.70138E+09,4.75315E+09,4.80542E+09,4.85818E+09,4.91098E+09,4.96405E+09,5.01825E+09,5.07276E+09,5.12751E+09,5.18231E+09,5.23629E+09,5.29012E+09,5.34388E+09,5.3971E+09,5.44972E+09,5.50164E+09,5.55282E+09,5.6039E+09,5.65428E+09,5.70362E+09,5.75193E+09,5.79858E+09,5.8431E+09,5.88545E+09,5.92523E+09,5.96279E+09,5.99915E+09,6.0341E+09,6.06742E+09,6.10026E+09,6.13288E+09,6.1655E+09,6.19761E+09,6.2276E+09,6.25667E+09,6.28554E+09,6.3139E+09,6.3421E+09,6.36912E+09,6.39512E+09,6.42125E+09,6.447E+09,6.47161E+09,6.49491E+09,6.51716E+09,6.53903E+09,6.55987E+09,6.57931E+09,6.59784E+09,6.61576E+09,6.63311E+09,6.64968E+09,6.66565E+09,6.68101E+09,6.69615E+09,6.71102E+09,6.72571E+09,6.74027E+09,6.75472E+09,6.7688E+09,6.78295E+09,6.79691E+09,6.81041E+09,6.82342E+09,6.83594E+09,6.84826E+09,6.86036E+09,6.87185E+09,6.88273E+09,6.89331E+09,6.90363E+09,6.91373E+09,6.92348E+09,6.93304E+09,6.94251E+09,6.95183E+09,6.96091E+09,6.96976E+09,6.97834E+09,6.98678E+09,6.99505E+09,7.00316E+09,7.01118E+09,7.01908E+09,7.02682E+09,7.03457E+09,7.04229E+09,7.04981E+09,7.05703E+09,7.06411E+09,7.07108E+09,7.07792E+09,7.08461E+09,7.0911E+09,7.09753E+09,7.10395E+09,7.11024E+09,7.11649E+09,7.12269E+09,7.12877E+09,7.13481E+09,7.14084E+09,7.1469E+09,7.15307E+09,7.15918E+09,7.16525E+09,7.17131E+09,7.17739E+09,7.18346E+09,7.18944E+09,7.19538E+09,7.20136E+09,7.20746E+09,7.21363E+09,7.21985E+09,7.2262E+09,7.23268E+09,7.23923E+09,7.24585E+09,7.25259E+09,7.25958E+09,7.26672E+09,7.27394E+09,7.28133E+09,7.28904E+09,7.29711E+09,7.30531E+09,7.31355E+09,7.32198E+09,7.33069E+09,7.33975E+09,7.34911E+09,7.35871E+09,7.3687E+09,7.37919E+09,7.3901E+09,7.40145E+09,7.41287E+09,7.42426E+09,7.4359E+09,7.44788E+09,7.46036E+09,7.47341E+09,7.48689E+09,7.50079E+09,7.51514E+09,7.52962E+09,7.54439E+09,7.55935E+09,7.57451E+09,7.58992E+09,7.60558E+09,7.62159E+09,7.63828E+09,7.6555E+09,7.67313E+09,7.69133E+09,7.70989E+09,7.72904E+09,7.74863E+09,7.76782E+09,7.78674E+09,7.80545E+09,7.82413E+09,7.84303E+09,7.86204E+09,7.88119E+09,7.90058E+09,7.92005E+09,7.93947E+09,7.95832E+09,7.97665E+09,7.99457E+09,8.01201E+09,8.02897E+09,8.0456E+09,8.06189E+09,8.07794E+09,8.09381E+09,8.10944E+09,8.12483E+09,8.14003E+09,8.15497E+09,8.16968E+09,8.18415E+09,8.19837E+09,8.21237E+09,8.22613E+09,8.2397E+09,8.25309E+09,8.26632E+09,8.27942E+09,8.29232E+09,8.30505E+09,8.31764E+09,8.33009E+09,8.34243E+09,8.35464E+09,8.36674E+09,8.37875E+09,8.3907E+09,8.40262E+09,8.41452E+09,8.42642E+09,8.43834E+09,8.4503E+09,8.46231E+09,8.47441E+09,8.48659E+09,8.49889E+09,8.51132E+09,8.52391E+09,8.53666E+09,8.54961E+09,8.56276E+09,8.57613E+09,8.58974E+09,8.60361E+09,8.61777E+09,8.63226E+09,8.64709E+09,8.6623E+09,8.67793E+09,8.69402E+09,8.71059E+09,8.72764E+09,8.74525E+09,8.7635E+09,8.78243E+09,8.80204E+09,8.82249E+09,8.84395E+09,8.86656E+09,8.8903E+09,8.91529E+09,8.94166E+09,8.96942E+09,8.99865E+09,9.02902E+09,9.06071E+09,9.09405E+09,9.12869E+09,9.16439E+09,9.20196E+09,9.24178E+09,9.28389E+09,9.32656E+09,9.36888E+09,9.41187E+09,9.45601E+09,9.50037E+09,9.54372E+09,9.58606E+09,9.62898E+09,9.67265E+09,9.71614E+09,9.75924E+09,9.8017E+09,9.84388E+09,9.88656E+09,9.92905E+09,9.97124E+09,1.00137E+10,1.00567E+10,1.00998E+10,1.01431E+10,1.01865E+10,1.02305E+10,1.02751E+10,1.03198E+10,1.03641E+10,1.04081E+10,1.04529E+10,1.04995E+10,1.05466E+10,1.05936E+10,1.06408E+10,1.06879E+10,1.07355E+10,1.07823E+10,1.08278E+10,1.0873E+10,1.09181E+10,1.09623E+10,1.10056E+10,1.10478E+10,1.10888E+10,1.11288E+10,1.11682E+10,1.12073E+10,1.12461E+10,1.12846E+10,1.13228E+10,1.13609E+10,1.13988E+10,1.14365E+10,1.14741E+10,1.15114E+10,1.15484E+10,1.15852E+10,1.16218E+10,1.16582E+10,1.16944E+10,1.17304E+10,1.17664E+10,1.18021E+10,1.18379E+10,1.18735E+10,1.19086E+10,1.19436E+10,1.19785E+10,1.20133E+10,1.20479E+10,1.20826E+10,1.21169E+10,1.21512E+10,1.21855E+10,1.22194E+10,1.22529E+10,1.22858E+10,1.23178E+10,1.23499E+10,1.23819E+10,1.24133E+10,1.24444E+10,1.24751E+10,1.25058E+10,1.25368E+10,1.25671E+10,1.2597E+10,1.26268E+10,1.26564E+10,1.26859E+10,1.27152E+10,1.27441E+10,1.2773E+10,1.28016E+10,1.28301E+10,1.28583E+10,1.28866E+10,1.29157E+10,1.29449E+10,1.29736E+10,1.30017E+10,1.30295E+10,1.30572E+10,1.30843E+10,1.31103E+10,1.31359E+10,1.31613E+10,1.31865E+10,1.32116E+10,1.32365E+10,1.32612E+10,1.32857E+10,1.33099E+10,1.3334E+10,1.3358E+10,1.33819E+10,1.34056E+10,1.34291E+10,1.34524E+10,1.34755E+10,1.34986E+10,1.35214E+10,1.35441E+10,1.35666E+10,1.3589E+10,1.36113E+10,1.36334E+10,1.36555E+10,1.36776E+10,1.36996E+10,1.37216E+10,1.37436E+10,1.37656E+10,1.37876E+10,1.38095E+10,1.38313E+10,1.38531E+10,1.38749E+10,1.38967E+10,1.39185E+10,1.39402E+10,1.3962E+10,1.39837E+10,1.40053E+10,1.4027E+10,1.40485E+10,1.40701E+10,1.40916E+10,1.4113E+10,1.41343E+10,1.41556E+10,1.41769E+10,1.41982E+10,1.42194E+10,1.42406E+10,1.42619E+10,1.42832E+10,1.43045E+10,1.43257E+10,1.43469E+10,1.43681E+10,1.43894E+10,1.44106E+10,1.44319E+10,1.44532E+10,1.44744E+10,1.44957E+10,1.45171E+10,1.45389E+10,1.4561E+10,1.45833E+10,1.46055E+10,1.46275E+10,1.46497E+10,1.4672E+10,1.46947E+10,1.47177E+10,1.47407E+10,1.47638E+10,1.47868E+10,1.48098E+10,1.48333E+10,1.48572E+10,1.48814E+10,1.49066E+10,1.4932E+10,1.49577E+10,1.49848E+10,1.50135E+10,1.50415E+10,1.50697E+10,1.50988E+10,1.51271E+10,1.51545E+10,1.51805E+10,1.52058E+10,1.52322E+10,1.52589E+10,1.52862E+10,1.53143E+10,1.5342E+10,1.53694E+10,1.53971E+10,1.54248E+10,1.54527E+10,1.54802E+10,1.55072E+10,1.55335E+10,1.55591E+10,1.55843E+10,1.56085E+10,1.56317E+10,1.56547E+10,1.56768E+10,1.5698E+10,1.57192E+10,1.57403E+10,1.57616E+10,1.57833E+10,1.58046E+10,1.58266E+10,1.58494E+10,1.5872E+10,1.58949E+10,1.59177E+10,1.59398E+10,1.59617E+10,1.59829E+10,1.60032E+10,1.60232E+10,1.6043E+10,1.60629E+10,1.6083E+10,1.61035E+10,1.61244E+10,1.6146E+10,1.61682E+10,1.61908E+10,1.62134E+10,1.62364E+10,1.62605E+10,1.6285E+10,1.63102E+10,1.63368E+10,1.63649E+10,1.63949E+10,1.64262E+10,1.64587E+10,1.64941E+10,1.65329E+10,1.65751E+10,1.66214E+10,1.66719E+10,1.67273E+10,1.6788E+10,1.68531E+10,1.69229E+10,1.69973E+10,1.70753E+10,1.71581E+10,1.72456E+10,1.73362E+10,1.74329E+10,1.75352E+10,1.76402E+10,1.77484E+10,1.78585E+10,1.79701E+10,1.80838E+10,1.82004E+10,1.83202E+10,1.84423E+10,1.85656E+10,1.8689E+10,1.88152E+10,1.89451E+10,1.90752E+10,1.92074E+10,1.93431E+10,1.94816E+10,1.96226E+10,1.97644E+10,1.99084E+10,2.00568E+10,2.0214E+10,2.03785E+10,2.05483E+10,2.07206E+10,2.08901E+10,2.10594E+10,2.12314E+10,2.14026E+10,2.15724E+10,2.1742E+10,2.19141E+10,2.20925E+10,2.22806E+10,2.24798E+10,2.2685E+10,2.28929E+10,2.31014E+10,2.33117E+10,2.35233E+10,2.37326E+10,2.39363E+10,2.41393E+10,2.43448E+10,2.45519E+10,2.47576E+10,2.49653E+10,2.51779E+10,2.53948E+10,2.56143E+10,2.58376E+10,2.60634E+10,2.629E+10,2.65162E+10,2.67386E+10,2.69618E+10,2.71888E+10,2.74174E+10,2.76511E+10,2.78913E+10,2.81343E+10,2.83812E+10,2.86274E+10,2.88728E+10,2.91197E+10,2.93658E+10,2.96086E+10,2.98557E+10,3.01107E+10,3.03741E+10,3.06434E+10,3.09135E+10,3.11858E+10,3.14663E+10,3.17527E+10,3.20377E+10,3.23222E+10,3.26093E+10,3.2897E+10,3.31795E+10,3.3458E+10,3.37332E+10,3.40095E+10,3.42859E+10,3.4562E+10,3.48384E+10,3.51195E+10,3.54077E+10,3.56989E+10,3.59887E+10,3.62826E+10,3.65779E+10,3.68723E+10,3.71661E+10,3.74572E+10,3.77471E+10,3.80412E+10,3.83377E+10,3.86315E+10,3.89232E+10,3.92157E+10,3.95205E+10,3.98514E+10,4.01931E+10,4.05345E+10,4.08756E+10,4.12179E+10,4.15562E+10,4.18745E+10,4.21619E+10,4.24336E+10,4.26995E+10,4.29626E+10,4.32218E+10,4.34752E+10,4.37244E+10,4.39732E+10,4.4221E+10,4.44626E+10,4.46984E+10,4.49315E+10,4.51633E+10,4.53916E+10,4.56156E+10,4.58356E+10,4.60511E+10,4.62627E+10,4.64705E+10,4.66738E+10,4.68736E+10,4.70723E+10,4.72726E+10,4.74717E+10,4.76686E+10,4.78596E+10,4.80369E+10,4.82241E+10,4.84032E+10,4.85759E+10,4.87392E+10,4.889E+10,4.90293E+10,4.91534E+10,4.92784E+10,4.93974E+10,4.95095E+10,4.96186E+10,4.97272E+10,4.98311E+10,4.99287E+10,5.00375E+10,5.01432E+10,5.02468E+10,5.03484E+10,5.04485E+10,5.05501E+10,5.06421E+10,5.07306E+10,5.08356E+10,5.09388E+10,5.10386E+10,5.11343E+10,5.12222E+10,5.13038E+10,5.13939E+10,5.14844E+10,5.15741E+10,5.16638E+10,5.17532E+10,5.18422E+10,5.19243E+10,5.2008E+10,5.2088E+10,5.2165E+10,5.22398E+10,5.23123E+10,5.23823E+10,5.24509E+10,5.25195E+10,5.25881E+10,5.26545E+10,5.27185E+10,5.27811E+10,5.28426E+10,5.29026E+10,5.29578E+10,5.30115E+10,5.30632E+10,5.31134E+10,5.31619E+10,5.32098E+10,5.32584E+10,5.33081E+10,5.33586E+10,5.34092E+10,5.34588E+10,5.35077E+10,5.35558E+10,5.36021E+10,5.36471E+10,5.36915E+10,5.37342E+10,5.37759E+10,5.38167E+10,5.38565E+10,5.38968E+10,5.39379E+10,5.39795E+10,5.40214E+10,5.4063E+10,5.41037E+10,5.41439E+10,5.41827E+10,5.42194E+10,5.42554E+10,5.42911E+10,5.43267E+10,5.4362E+10,5.43973E+10,5.44328E+10,5.44687E+10,5.45039E+10,5.45386E+10,5.45731E+10,5.46074E+10,5.46417E+10,5.46753E+10,5.47089E+10,5.47429E+10,5.47773E+10,5.48122E+10,5.48483E+10,5.48855E+10,5.49234E+10,5.49616E+10,5.50001E+10,5.5039E+10,5.50787E+10,5.51191E+10,5.516E+10,5.52019E+10,5.52453E+10,5.529E+10,5.53355E+10,5.53814E+10,5.54283E+10,5.54768E+10,5.55282E+10,5.55822E+10,5.56369E+10,5.56933E+10,5.57509E+10,5.58082E+10,5.58647E+10,5.59197E+10,5.59736E+10,5.60276E+10,5.60813E+10,5.6135E+10,5.61886E+10,5.62426E+10,5.62975E+10,5.63526E+10,5.64085E+10,5.64651E+10,5.65215E+10,5.65782E+10,5.66353E+10,5.66916E+10,5.67481E+10,5.68052E+10,5.68621E+10,5.69184E+10,5.69741E+10,5.70291E+10,5.70822E+10,5.71309E+10,5.71833E+10,5.72348E+10,5.72864E+10,5.73384E+10,5.73908E+10,5.74427E+10,5.74948E+10,5.75477E+10,5.76021E+10,5.76571E+10,5.7713E+10,5.77706E+10,5.78299E+10,5.78898E+10,5.79474E+10,5.80018E+10,5.80538E+10,5.81023E+10,5.81472E+10,5.819E+10,5.82315E+10,5.82716E+10,5.83103E+10,5.83473E+10,5.8383E+10,5.84176E+10,5.84513E+10,5.84841E+10,5.85156E+10,5.85459E+10,5.85747E+10,5.86024E+10,5.86294E+10,5.86556E+10,5.86805E+10,5.87038E+10,5.87254E+10,5.87454E+10,5.8764E+10,5.87811E+10,5.87973E+10,5.88126E+10,5.8827E+10,5.88407E+10,5.88546E+10,5.88688E+10,5.88833E+10,5.88977E+10,5.89121E+10,5.8927E+10,5.89425E+10,5.89585E+10,5.89749E+10,5.89917E+10,5.90092E+10,5.90273E+10,5.90459E+10,5.90651E+10,5.90849E+10,5.91055E+10,5.91269E+10,5.9149E+10,5.91717E+10,5.91948E+10,5.92184E+10,5.92424E+10,5.92667E+10,5.92911E+10,5.93161E+10,5.93415E+10,5.9368E+10,5.93949E+10,5.94222E+10,5.94498E+10,5.94775E+10,5.95053E+10,5.95329E+10,5.95606E+10,5.95885E+10,5.96163E+10,5.96442E+10,5.96721E+10,5.96998E+10,5.97272E+10,5.97544E+10,5.97813E+10,5.98078E+10,5.98339E+10,5.98595E+10,5.98847E+10,5.99095E+10,5.99338E+10,5.99575E+10,5.99807E+10,6.00034E+10,6.00254E+10,6.00469E+10,6.00679E+10,6.00883E+10,6.01082E+10,6.01276E+10,6.01462E+10,6.01642E+10,6.01816E+10,6.01985E+10,6.02153E+10,6.02316E+10,6.02476E+10,6.02633E+10,6.02791E+10,6.02946E+10,6.03096E+10,6.03239E+10,6.03378E+10,6.03513E+10,6.03644E+10,6.0377E+10,6.03891E+10,6.04009E+10,6.04124E+10,6.04237E+10,6.04349E+10,6.04459E+10,6.04569E+10,6.04678E+10,6.04788E+10,6.04901E+10,6.05015E+10,6.05118E+10,6.0522E+10,6.0532E+10,6.0542E+10,6.0552E+10,6.05618E+10,6.05717E+10,6.05815E+10,6.05912E+10,6.06009E+10,6.06107E+10,6.06204E+10,6.06301E+10,6.06399E+10,6.06497E+10,6.06595E+10,6.06694E+10,6.06793E+10,6.06893E+10,6.06994E+10,6.07096E+10,6.07199E+10,6.07304E+10,6.07409E+10,6.07516E+10
"Cost of Deaths Cumulative[New Jersey]",0,0,0,0,0,0,0,0,0,0,0,0,0,0,0,0,0,0,0,0,0,0,0,0,0,0,0,0,0,0,0,18.2633,164.571,652.731,1783.06,3931.73,7545.39,13139.3,21301.4,32701.8,48102,68363.5,94465.5,127538,168894,220048,282732,358905,450754,560741,691668,846771,1.02986E+06,1.24549E+06,1.49908E+06,1.79707E+06,2.14709E+06,2.55809E+06,3.04041E+06,3.60587E+06,4.26824E+06,5.0437E+06,5.9517E+06,7.01568E+06,8.26377E+06,9.72969E+06,1.14536E+07,1.34827E+07,1.58723E+07,1.86881E+07,2.20091E+07,2.59291E+07,3.05589E+07,3.60292E+07,4.24948E+07,5.01381E+07,5.91703E+07,6.98325E+07,8.23966E+07,9.71658E+07,1.14476E+08,1.34704E+08,1.5827E+08,1.85653E+08,2.17382E+08,2.5405E+08,2.96326E+08,3.44973E+08,4.0085E+08,4.64941E+08,5.38374E+08,6.2246E+08,7.1872E+08,8.28921E+08,9.55126E+08,1.09975E+09,1.26561E+09,1.4519E+09,1.65129E+09,1.86462E+09,2.09317E+09,2.33784E+09,2.59952E+09,2.87929E+09,3.17828E+09,3.49765E+09,3.83856E+09,4.20222E+09,4.59001E+09,5.00337E+09,5.44372E+09,5.91255E+09,6.41126E+09,6.94149E+09,7.50479E+09,8.10337E+09,8.73935E+09,9.41398E+09,1.01291E+10,1.08858E+10,1.16866E+10,1.2533E+10,1.34234E+10,1.43556E+10,1.53307E+10,1.63527E+10,1.74196E+10,1.85253E+10,1.96821E+10,2.08908E+10,2.21284E+10,2.34016E+10,2.47176E+10,2.61E+10,2.74748E+10,2.88356E+10,3.02684E+10,3.17334E+10,3.32102E+10,3.47199E+10,3.62777E+10,3.77839E+10,3.93024E+10,4.08016E+10,4.23653E+10,4.39822E+10,4.55936E+10,4.72246E+10,4.88338E+10,5.03888E+10,5.19297E+10,5.34457E+10,5.49709E+10,5.64676E+10,5.79224E+10,5.93929E+10,6.07406E+10,6.21409E+10,6.34787E+10,6.47428E+10,6.59983E+10,6.7222E+10,6.83971E+10,6.95774E+10,7.07947E+10,7.18915E+10,7.29971E+10,7.41284E+10,7.51918E+10,7.62293E+10,7.71799E+10,7.80579E+10,7.88914E+10,7.96828E+10,8.04307E+10,8.11465E+10,8.18427E+10,8.25259E+10,8.32003E+10,8.38641E+10,8.45097E+10,8.51346E+10,8.57371E+10,8.63149E+10,8.68685E+10,8.74031E+10,8.79133E+10,8.84033E+10,8.88738E+10,8.93166E+10,8.97366E+10,9.01417E+10,9.054E+10,9.09416E+10,9.13479E+10,9.17529E+10,9.21533E+10,9.25362E+10,9.29014E+10,9.32502E+10,9.35688E+10,9.38546E+10,9.41206E+10,9.43751E+10,9.46235E+10,9.48666E+10,9.51014E+10,9.53289E+10,9.55486E+10,9.57593E+10,9.5962E+10,9.61579E+10,9.63451E+10,9.65243E+10,9.66985E+10,9.68685E+10,9.70358E+10,9.72015E+10,9.73614E+10,9.75153E+10,9.76642E+10,9.78071E+10,9.79433E+10,9.80718E+10,9.81934E+10,9.83109E+10,9.84251E+10,9.8536E+10,9.86428E+10,9.87467E+10,9.88486E+10,9.89493E+10,9.90492E+10,9.91472E+10,9.92428E+10,9.93361E+10,9.94258E+10,9.95112E+10,9.95924E+10,9.967E+10,9.97448E+10,9.98171E+10,9.98873E+10,9.99558E+10,1.00023E+11,1.00089E+11,1.00154E+11,1.00217E+11,1.00279E+11,1.0034E+11,1.00399E+11,1.00457E+11,1.00513E+11,1.00568E+11,1.00621E+11,1.00674E+11,1.00725E+11,1.00776E+11,1.00826E+11,1.00876E+11,1.00924E+11,1.00973E+11,1.0102E+11,1.01067E+11,1.01114E+11,1.0116E+11,1.01206E+11,1.01252E+11,1.01298E+11,1.01343E+11,1.01388E+11,1.01432E+11,1.01477E+11,1.01521E+11,1.01565E+11,1.01608E+11,1.01652E+11,1.01696E+11,1.01739E+11,1.01783E+11,1.01827E+11,1.0187E+11,1.01914E+11,1.01957E+11,1.02001E+11,1.02045E+11,1.02089E+11,1.02134E+11,1.02179E+11,1.02224E+11,1.02269E+11,1.02315E+11,1.02361E+11,1.02407E+11,1.02454E+11,1.02502E+11,1.0255E+11,1.02598E+11,1.02648E+11,1.02698E+11,1.02749E+11,1.028E+11,1.02851E+11,1.02903E+11,1.02956E+11,1.03009E+11,1.03062E+11,1.03116E+11,1.03171E+11,1.03227E+11,1.03283E+11,1.0334E+11,1.03398E+11,1.03457E+11,1.03517E+11,1.03577E+11,1.03638E+11,1.03701E+11,1.03764E+11,1.03828E+11,1.03893E+11,1.03959E+11,1.04026E+11,1.04094E+11,1.04162E+11,1.04231E+11,1.04299E+11,1.04368E+11,1.04437E+11,1.04507E+11,1.04578E+11,1.0465E+11,1.04723E+11,1.04798E+11,1.04874E+11,1.04951E+11,1.05029E+11,1.05109E+11,1.0519E+11,1.05273E+11,1.05358E+11,1.05444E+11,1.05532E+11,1.05623E+11,1.05715E+11,1.05809E+11,1.05905E+11,1.06004E+11,1.06105E+11,1.06208E+11,1.06313E+11,1.06421E+11,1.06531E+11,1.06644E+11,1.06759E+11,1.06877E+11,1.06997E+11,1.07119E+11,1.07244E+11,1.07372E+11,1.07502E+11,1.07635E+11,1.07771E+11,1.0791E+11,1.08052E+11,1.08197E+11,1.08346E+11,1.08498E+11,1.08655E+11,1.08814E+11,1.08977E+11,1.09145E+11,1.09318E+11,1.09495E+11,1.09677E+11,1.09865E+11,1.10059E+11,1.10259E+11,1.10466E+11,1.10684E+11,1.10912E+11,1.11146E+11,1.11386E+11,1.11632E+11,1.11887E+11,1.12142E+11,1.12395E+11,1.12653E+11,1.12916E+11,1.13185E+11,1.13462E+11,1.13748E+11,1.14044E+11,1.14345E+11,1.14651E+11,1.14961E+11,1.15278E+11,1.15599E+11,1.15917E+11,1.16239E+11,1.16571E+11,1.16903E+11,1.17239E+11,1.17576E+11,1.1791E+11,1.18249E+11,1.1859E+11,1.18943E+11,1.19323E+11,1.19715E+11,1.20115E+11,1.20525E+11,1.20931E+11,1.21331E+11,1.21721E+11,1.22101E+11,1.22472E+11,1.22842E+11,1.23214E+11,1.23585E+11,1.23954E+11,1.24309E+11,1.2465E+11,1.24987E+11,1.25319E+11,1.25644E+11,1.25967E+11,1.26288E+11,1.26608E+11,1.26929E+11,1.27251E+11,1.27578E+11,1.27911E+11,1.28244E+11,1.28577E+11,1.28909E+11,1.29241E+11,1.29574E+11,1.29906E+11,1.30236E+11,1.30571E+11,1.30909E+11,1.31251E+11,1.31598E+11,1.31947E+11,1.32308E+11,1.327E+11,1.33111E+11,1.33518E+11,1.33918E+11,1.34314E+11,1.34708E+11,1.35093E+11,1.35454E+11,1.35804E+11,1.36156E+11,1.36515E+11,1.36877E+11,1.37242E+11,1.37608E+11,1.37978E+11,1.38351E+11,1.38731E+11,1.39121E+11,1.39511E+11,1.39897E+11,1.40276E+11,1.40647E+11,1.41015E+11,1.41376E+11,1.41729E+11,1.42081E+11,1.42433E+11,1.42787E+11,1.43142E+11,1.43499E+11,1.43857E+11,1.44215E+11,1.44571E+11,1.44924E+11,1.45275E+11,1.45621E+11,1.45963E+11,1.46303E+11,1.4664E+11,1.46975E+11,1.47307E+11,1.47637E+11,1.47965E+11,1.48293E+11,1.48618E+11,1.48941E+11,1.4926E+11,1.49578E+11,1.49895E+11,1.50208E+11,1.50517E+11,1.50823E+11,1.51126E+11,1.51426E+11,1.51724E+11,1.5202E+11,1.52315E+11,1.5261E+11,1.52904E+11,1.53197E+11,1.53491E+11,1.53784E+11,1.54077E+11,1.54366E+11,1.54653E+11,1.54937E+11,1.5522E+11,1.55499E+11,1.55777E+11,1.56052E+11,1.56326E+11,1.566E+11,1.56873E+11,1.57145E+11,1.57417E+11,1.57687E+11,1.57956E+11,1.58222E+11,1.58487E+11,1.58751E+11,1.59013E+11,1.59274E+11,1.59533E+11,1.59792E+11,1.6005E+11,1.60309E+11,1.60566E+11,1.60822E+11,1.61077E+11,1.61331E+11,1.61582E+11,1.61831E+11,1.62077E+11,1.62322E+11,1.62566E+11,1.62809E+11,1.6305E+11,1.63292E+11,1.63534E+11,1.63776E+11,1.64019E+11,1.64262E+11,1.64505E+11,1.64746E+11,1.64986E+11,1.65226E+11,1.65466E+11,1.65707E+11,1.65948E+11,1.66188E+11,1.66428E+11,1.66669E+11,1.66914E+11,1.67163E+11,1.67414E+11,1.67669E+11,1.67926E+11,1.68182E+11,1.68445E+11,1.68721E+11,1.68987E+11,1.69245E+11,1.69496E+11,1.69743E+11,1.69987E+11,1.70222E+11,1.70447E+11,1.70675E+11,1.70908E+11,1.71143E+11,1.71379E+11,1.71612E+11,1.71844E+11,1.72073E+11,1.723E+11,1.72524E+11,1.72746E+11,1.72964E+11,1.73179E+11,1.73392E+11,1.73603E+11,1.73814E+11,1.74022E+11,1.74229E+11,1.74436E+11,1.7464E+11,1.74844E+11,1.7505E+11,1.75257E+11,1.75463E+11,1.75668E+11,1.75873E+11,1.76079E+11,1.76291E+11,1.76508E+11,1.76722E+11,1.76936E+11,1.7715E+11,1.77364E+11,1.77579E+11,1.77791E+11,1.78001E+11,1.78215E+11,1.78435E+11,1.7866E+11,1.78893E+11,1.79134E+11,1.79382E+11,1.79638E+11,1.79904E+11,1.80181E+11,1.80469E+11,1.80771E+11,1.81089E+11,1.81425E+11,1.81778E+11,1.8215E+11,1.82542E+11,1.82955E+11,1.83391E+11,1.83854E+11,1.84346E+11,1.84864E+11,1.85412E+11,1.85991E+11,1.86601E+11,1.87244E+11,1.87919E+11,1.88624E+11,1.89362E+11,1.9015E+11,1.90984E+11,1.91842E+11,1.92715E+11,1.9361E+11,1.9453E+11,1.95481E+11,1.96455E+11,1.97436E+11,1.98423E+11,1.99413E+11,2.00404E+11,2.01392E+11,2.02355E+11,2.03285E+11,2.04202E+11,2.05137E+11,2.06102E+11,2.07092E+11,2.08096E+11,2.09113E+11,2.10141E+11,2.1119E+11,2.1226E+11,2.13327E+11,2.14392E+11,2.15486E+11,2.16624E+11,2.17744E+11,2.18837E+11,2.19902E+11,2.2096E+11,2.22023E+11,2.23052E+11,2.24038E+11,2.25029E+11,2.26019E+11,2.27011E+11,2.27993E+11,2.28965E+11,2.29926E+11,2.30872E+11,2.31805E+11,2.3273E+11,2.33651E+11,2.34575E+11,2.35499E+11,2.36422E+11,2.3734E+11,2.38248E+11,2.3914E+11,2.40009E+11,2.40864E+11,2.4171E+11,2.4255E+11,2.43384E+11,2.44216E+11,2.45051E+11,2.45891E+11,2.46733E+11,2.4757E+11,2.48408E+11,2.4925E+11,2.50083E+11,2.50913E+11,2.51739E+11,2.52561E+11,2.53383E+11,2.54199E+11,2.55007E+11,2.55823E+11,2.56643E+11,2.57466E+11,2.58296E+11,2.59133E+11,2.59973E+11,2.60824E+11,2.61685E+11,2.62551E+11,2.6343E+11,2.64326E+11,2.65247E+11,2.66215E+11,2.67234E+11,2.68252E+11,2.69263E+11,2.70265E+11,2.71245E+11,2.72195E+11,2.73097E+11,2.73952E+11,2.74805E+11,2.75678E+11,2.76568E+11,2.77471E+11,2.78389E+11,2.79324E+11,2.80275E+11,2.81243E+11,2.82219E+11,2.83204E+11,2.84207E+11,2.85221E+11,2.86243E+11,2.87271E+11,2.88312E+11,2.89406E+11,2.90568E+11,2.91738E+11,2.92908E+11,2.94076E+11,2.95239E+11,2.96383E+11,2.97472E+11,2.985E+11,2.99522E+11,3.00545E+11,3.01583E+11,3.0266E+11,3.03767E+11,3.04859E+11,3.05921E+11,3.06961E+11,3.07977E+11,3.08957E+11,3.09875E+11,3.10745E+11,3.11595E+11,3.12431E+11,3.13251E+11,3.14061E+11,3.14854E+11,3.15615E+11,3.16342E+11,3.17041E+11,3.1774E+11,3.18465E+11,3.19205E+11,3.19947E+11,3.20701E+11,3.21471E+11,3.22244E+11,3.22997E+11,3.23728E+11,3.24439E+11,3.25121E+11,3.25772E+11,3.26416E+11,3.2707E+11,3.27738E+11,3.28406E+11,3.29075E+11,3.2977E+11,3.30505E+11,3.31268E+11,3.32053E+11,3.3286E+11,3.33674E+11,3.34485E+11,3.35295E+11,3.36105E+11,3.3689E+11,3.3766E+11,3.38408E+11,3.39126E+11,3.39823E+11,3.40505E+11,3.4118E+11,3.41869E+11,3.42559E+11,3.43243E+11,3.43929E+11,3.44614E+11,3.45283E+11,3.45928E+11,3.46543E+11,3.47126E+11,3.47681E+11,3.48209E+11,3.48711E+11,3.49196E+11,3.49675E+11,3.50152E+11,3.50628E+11,3.51099E+11,3.5156E+11,3.52008E+11,3.52446E+11,3.52868E+11,3.5327E+11,3.53656E+11,3.54034E+11,3.54406E+11,3.54775E+11,3.55149E+11,3.55533E+11,3.55912E+11,3.56283E+11,3.56643E+11,3.56992E+11,3.57329E+11,3.57647E+11,3.57949E+11,3.58247E+11,3.58544E+11,3.58841E+11,3.59136E+11,3.59428E+11,3.59721E+11,3.60018E+11,3.60324E+11,3.60634E+11,3.60945E+11,3.61255E+11,3.61559E+11,3.61858E+11,3.62147E+11,3.62425E+11,3.62697E+11,3.62965E+11,3.63232E+11,3.63498E+11,3.63765E+11,3.64033E+11,3.64301E+11,3.6457E+11,3.64838E+11,3.65106E+11,3.65375E+11,3.65645E+11,3.65917E+11,3.66189E+11,3.66461E+11,3.66734E+11,3.67009E+11,3.67286E+11,3.67564E+11,3.67842E+11,3.68121E+11,3.68401E+11,3.68684E+11,3.68968E+11,3.69255E+11,3.69544E+11,3.69838E+11,3.70137E+11,3.70442E+11,3.70752E+11,3.71066E+11,3.71384E+11,3.71712E+11,3.72059E+11,3.72419E+11,3.72791E+11,3.73168E+11,3.73545E+11,3.73917E+11,3.74271E+11,3.74601E+11,3.74914E+11,3.75216E+11,3.75513E+11,3.75812E+11,3.76116E+11,3.7643E+11,3.76755E+11,3.77089E+11,3.77431E+11,3.77778E+11,3.78125E+11,3.78473E+11,3.78817E+11,3.79158E+11,3.79497E+11,3.79835E+11,3.80175E+11,3.80519E+11,3.80863E+11,3.81211E+11,3.81559E+11,3.81908E+11,3.82256E+11,3.82605E+11,3.82957E+11,3.83314E+11,3.83675E+11,3.84039E+11,3.8441E+11,3.84791E+11,3.85186E+11,3.85589E+11,3.85996E+11,3.86421E+11,3.86868E+11,3.87313E+11,3.87751E+11,3.88167E+11,3.88564E+11,3.88949E+11,3.89318E+11,3.89672E+11,3.90015E+11,3.90341E+11,3.90649E+11,3.9094E+11,3.91214E+11,3.91467E+11,3.91701E+11,3.91927E+11,3.92147E+11,3.92359E+11,3.92563E+11,3.92758E+11,3.92948E+11,3.93134E+11,3.9331E+11,3.93476E+11,3.93631E+11,3.93777E+11,3.93915E+11,3.94046E+11,3.94171E+11,3.94291E+11,3.94405E+11,3.94512E+11,3.94613E+11,3.94715E+11,3.94818E+11,3.94922E+11,3.95024E+11,3.95128E+11,3.95235E+11,3.95345E+11,3.95458E+11,3.95572E+11,3.95687E+11,3.95806E+11,3.95928E+11,3.96053E+11,3.9618E+11,3.96309E+11,3.9644E+11,3.96574E+11,3.96708E+11,3.96843E+11,3.96978E+11,3.97114E+11,3.97249E+11,3.97383E+11,3.97517E+11,3.97653E+11,3.97788E+11,3.97921E+11,3.98052E+11,3.98182E+11,3.98309E+11,3.98433E+11,3.98553E+11,3.98672E+11,3.98789E+11,3.98905E+11,3.99019E+11,3.99131E+11,3.99242E+11,3.99351E+11,3.99458E+11,3.99563E+11,3.99666E+11,3.99767E+11,3.99866E+11,3.99964E+11,4.00059E+11,4.00153E+11,4.00246E+11,4.00337E+11,4.00426E+11,4.00514E+11,4.006E+11,4.00685E+11,4.00769E+11,4.00852E+11,4.00933E+11,4.01013E+11,4.01092E+11,4.0117E+11,4.01247E+11,4.01323E+11,4.01399E+11,4.01474E+11,4.01548E+11,4.01623E+11,4.01699E+11,4.01775E+11,4.01849E+11,4.01923E+11,4.01996E+11,4.02068E+11,4.02138E+11,4.02207E+11,4.02275E+11,4.02343E+11,4.02412E+11,4.0248E+11,4.02548E+11,4.02617E+11,4.02685E+11,4.02754E+11,4.02824E+11,4.02896E+11,4.0297E+11,4.03042E+11,4.03114E+11,4.03186E+11,4.03259E+11,4.03333E+11,4.03407E+11,4.03482E+11,4.03557E+11,4.03632E+11,4.03709E+11,4.03786E+11,4.03863E+11,4.03941E+11,4.0402E+11,4.04099E+11,4.04179E+11,4.0426E+11,4.04341E+11,4.04423E+11,4.04505E+11,4.04588E+11,4.04671E+11,4.04755E+11,4.0484E+11,4.04925E+11
"Cost of Deaths Cumulative[New Mexico]",0,0,0,0,0,0,0,0,0,0,0,0,0,0,0,0,0,0,0,0,0,0,0,0,0,0,0,0,0,2.13819,55.8429,333.839,1192.08,3283.13,7775.58,16754.9,33916.2,65770.1,123805,228339,415442,749270,1.34347E+06,2.39511E+06,4.22854E+06,7.33085E+06,1.23406E+07,1.99542E+07,3.07709E+07,4.5174E+07,6.33162E+07,8.51724E+07,1.10599E+08,1.39381E+08,1.71266E+08,2.05992E+08,2.43295E+08,2.82922E+08,3.24631E+08,3.68197E+08,4.13412E+08,4.60091E+08,5.08075E+08,5.57229E+08,6.0744E+08,6.58614E+08,7.10673E+08,7.63555E+08,8.17209E+08,8.7159E+08,9.26658E+08,9.82377E+08,1.03871E+09,1.09563E+09,1.15311E+09,1.21111E+09,1.26961E+09,1.32859E+09,1.38799E+09,1.44781E+09,1.508E+09,1.56854E+09,1.6294E+09,1.69056E+09,1.75199E+09,1.81368E+09,1.8756E+09,1.93775E+09,2.00013E+09,2.06275E+09,2.1256E+09,2.18869E+09,2.252E+09,2.31554E+09,2.3793E+09,2.44325E+09,2.50737E+09,2.57164E+09,2.63604E+09,2.70053E+09,2.76509E+09,2.82971E+09,2.89436E+09,2.95902E+09,3.02365E+09,3.08824E+09,3.15275E+09,3.21715E+09,3.28143E+09,3.34557E+09,3.40955E+09,3.47532E+09,3.54251E+09,3.6092E+09,3.67538E+09,3.74123E+09,3.80695E+09,3.87224E+09,3.93723E+09,4.00142E+09,4.06424E+09,4.12572E+09,4.18602E+09,4.2452E+09,4.30335E+09,4.36047E+09,4.41662E+09,4.47178E+09,4.52596E+09,4.57929E+09,4.63177E+09,4.6833E+09,4.73416E+09,4.78441E+09,4.83383E+09,4.88244E+09,4.93093E+09,4.97997E+09,5.03013E+09,5.08077E+09,5.13172E+09,5.1837E+09,5.23633E+09,5.28728E+09,5.33622E+09,5.38463E+09,5.43227E+09,5.47903E+09,5.5252E+09,5.57155E+09,5.61871E+09,5.66714E+09,5.71737E+09,5.76941E+09,5.82257E+09,5.87719E+09,5.93238E+09,5.98745E+09,6.04066E+09,6.0901E+09,6.13671E+09,6.18125E+09,6.22432E+09,6.26562E+09,6.30576E+09,6.34601E+09,6.38599E+09,6.42549E+09,6.46393E+09,6.50098E+09,6.53759E+09,6.57412E+09,6.61143E+09,6.64947E+09,6.68687E+09,6.72369E+09,6.76027E+09,6.79613E+09,6.83112E+09,6.86498E+09,6.89789E+09,6.93052E+09,6.96319E+09,6.99571E+09,7.02839E+09,7.06098E+09,7.09336E+09,7.1258E+09,7.15794E+09,7.18948E+09,7.22071E+09,7.25166E+09,7.28247E+09,7.31333E+09,7.34432E+09,7.37569E+09,7.40722E+09,7.43845E+09,7.46929E+09,7.50016E+09,7.5309E+09,7.5611E+09,7.59084E+09,7.62035E+09,7.64959E+09,7.67869E+09,7.7076E+09,7.73646E+09,7.76559E+09,7.79468E+09,7.82374E+09,7.85305E+09,7.88259E+09,7.91206E+09,7.94132E+09,7.97042E+09,7.99954E+09,8.02874E+09,8.05803E+09,8.08732E+09,8.11665E+09,8.14608E+09,8.17561E+09,8.20522E+09,8.2349E+09,8.26472E+09,8.29475E+09,8.32486E+09,8.35534E+09,8.38617E+09,8.41736E+09,8.44898E+09,8.48094E+09,8.51347E+09,8.54705E+09,8.58152E+09,8.61692E+09,8.65346E+09,8.69122E+09,8.73046E+09,8.77083E+09,8.81179E+09,8.85347E+09,8.89561E+09,8.93846E+09,8.98217E+09,9.02661E+09,9.07196E+09,9.11819E+09,9.16463E+09,9.21169E+09,9.2595E+09,9.3077E+09,9.35621E+09,9.40518E+09,9.45458E+09,9.50472E+09,9.55523E+09,9.60582E+09,9.65716E+09,9.70948E+09,9.76213E+09,9.81511E+09,9.8685E+09,9.92263E+09,9.97794E+09,1.00337E+10,1.009E+10,1.01471E+10,1.02044E+10,1.02622E+10,1.0321E+10,1.03803E+10,1.04399E+10,1.04998E+10,1.05603E+10,1.06224E+10,1.06864E+10,1.07504E+10,1.08133E+10,1.08748E+10,1.09357E+10,1.09962E+10,1.10566E+10,1.1117E+10,1.11775E+10,1.12383E+10,1.12997E+10,1.13616E+10,1.14247E+10,1.14883E+10,1.15514E+10,1.16144E+10,1.16776E+10,1.17413E+10,1.18053E+10,1.18692E+10,1.19335E+10,1.19982E+10,1.20636E+10,1.21306E+10,1.21984E+10,1.22666E+10,1.23331E+10,1.23963E+10,1.24574E+10,1.25175E+10,1.25764E+10,1.26347E+10,1.26934E+10,1.2753E+10,1.28137E+10,1.28756E+10,1.29375E+10,1.29995E+10,1.30622E+10,1.3125E+10,1.31884E+10,1.32522E+10,1.33167E+10,1.33827E+10,1.34498E+10,1.35181E+10,1.35873E+10,1.36577E+10,1.37293E+10,1.37988E+10,1.38658E+10,1.39337E+10,1.40021E+10,1.40706E+10,1.41386E+10,1.4207E+10,1.42771E+10,1.4349E+10,1.44216E+10,1.44943E+10,1.45676E+10,1.46418E+10,1.47166E+10,1.47922E+10,1.48693E+10,1.49473E+10,1.50261E+10,1.51059E+10,1.51868E+10,1.52686E+10,1.53515E+10,1.54353E+10,1.552E+10,1.5606E+10,1.56933E+10,1.57814E+10,1.58702E+10,1.59596E+10,1.60488E+10,1.61377E+10,1.62284E+10,1.632E+10,1.64116E+10,1.6504E+10,1.65968E+10,1.66907E+10,1.67867E+10,1.68833E+10,1.69809E+10,1.70796E+10,1.71788E+10,1.72796E+10,1.73818E+10,1.74844E+10,1.75871E+10,1.769E+10,1.77938E+10,1.78981E+10,1.80026E+10,1.81081E+10,1.82146E+10,1.83213E+10,1.84285E+10,1.85371E+10,1.86478E+10,1.87607E+10,1.88755E+10,1.89928E+10,1.9114E+10,1.92389E+10,1.93659E+10,1.94946E+10,1.96256E+10,1.97591E+10,1.98939E+10,2.00295E+10,2.01661E+10,2.03041E+10,2.0444E+10,2.05856E+10,2.07281E+10,2.08711E+10,2.10153E+10,2.11624E+10,2.13123E+10,2.14653E+10,2.16217E+10,2.1781E+10,2.19432E+10,2.21078E+10,2.22729E+10,2.2442E+10,2.2614E+10,2.27871E+10,2.29624E+10,2.31393E+10,2.33168E+10,2.3494E+10,2.36654E+10,2.38299E+10,2.39887E+10,2.41432E+10,2.42952E+10,2.44451E+10,2.45933E+10,2.47403E+10,2.48879E+10,2.50372E+10,2.5187E+10,2.53366E+10,2.54869E+10,2.56378E+10,2.57893E+10,2.59412E+10,2.60928E+10,2.62456E+10,2.64015E+10,2.65574E+10,2.67129E+10,2.68689E+10,2.70255E+10,2.71836E+10,2.73433E+10,2.7502E+10,2.76615E+10,2.78234E+10,2.79865E+10,2.81494E+10,2.8312E+10,2.84752E+10,2.86405E+10,2.88076E+10,2.8975E+10,2.91445E+10,2.93182E+10,2.94925E+10,2.96646E+10,2.98365E+10,3.00084E+10,3.01833E+10,3.03637E+10,3.05459E+10,3.07323E+10,3.0923E+10,3.11147E+10,3.13153E+10,3.15175E+10,3.17145E+10,3.19049E+10,3.20874E+10,3.22669E+10,3.24446E+10,3.26172E+10,3.2786E+10,3.29521E+10,3.3118E+10,3.3284E+10,3.34501E+10,3.36158E+10,3.37791E+10,3.39416E+10,3.41033E+10,3.42638E+10,3.44245E+10,3.45843E+10,3.47433E+10,3.49013E+10,3.50583E+10,3.5215E+10,3.53708E+10,3.55253E+10,3.56774E+10,3.58272E+10,3.59767E+10,3.6127E+10,3.62769E+10,3.6426E+10,3.65731E+10,3.67193E+10,3.68647E+10,3.7009E+10,3.71506E+10,3.72902E+10,3.74282E+10,3.75661E+10,3.77018E+10,3.78362E+10,3.79693E+10,3.81024E+10,3.82353E+10,3.83687E+10,3.85032E+10,3.86372E+10,3.8771E+10,3.89043E+10,3.9034E+10,3.91623E+10,3.92887E+10,3.94129E+10,3.95363E+10,3.96583E+10,3.97796E+10,3.9902E+10,4.00239E+10,4.01445E+10,4.02644E+10,4.03839E+10,4.05034E+10,4.06235E+10,4.07437E+10,4.0865E+10,4.09875E+10,4.1111E+10,4.12353E+10,4.13603E+10,4.14865E+10,4.16135E+10,4.17413E+10,4.1871E+10,4.20018E+10,4.21345E+10,4.22688E+10,4.24051E+10,4.25447E+10,4.26866E+10,4.28304E+10,4.29777E+10,4.31263E+10,4.32769E+10,4.34291E+10,4.35817E+10,4.37356E+10,4.38901E+10,4.40443E+10,4.41996E+10,4.4357E+10,4.45169E+10,4.46806E+10,4.48485E+10,4.50172E+10,4.5188E+10,4.53624E+10,4.55402E+10,4.57219E+10,4.59078E+10,4.6098E+10,4.62938E+10,4.64909E+10,4.66915E+10,4.68995E+10,4.71146E+10,4.73274E+10,4.75369E+10,4.77437E+10,4.79474E+10,4.81476E+10,4.83446E+10,4.85406E+10,4.87421E+10,4.89485E+10,4.9158E+10,4.93705E+10,4.95826E+10,4.9792E+10,5.00021E+10,5.0207E+10,5.03983E+10,5.05863E+10,5.0772E+10,5.09552E+10,5.11378E+10,5.13201E+10,5.15054E+10,5.17022E+10,5.1902E+10,5.2102E+10,5.2298E+10,5.24915E+10,5.2688E+10,5.28903E+10,5.3093E+10,5.32933E+10,5.34967E+10,5.37083E+10,5.39263E+10,5.41421E+10,5.43504E+10,5.45569E+10,5.47628E+10,5.49653E+10,5.51606E+10,5.53521E+10,5.55459E+10,5.57469E+10,5.59562E+10,5.61732E+10,5.63929E+10,5.66119E+10,5.68335E+10,5.70629E+10,5.72982E+10,5.75376E+10,5.77835E+10,5.80415E+10,5.83177E+10,5.86114E+10,5.89137E+10,5.92249E+10,5.95508E+10,5.98955E+10,6.02571E+10,6.06349E+10,6.10291E+10,6.14429E+10,6.18843E+10,6.23544E+10,6.2851E+10,6.33768E+10,6.39315E+10,6.45191E+10,6.51392E+10,6.57816E+10,6.64582E+10,6.71806E+10,6.79389E+10,6.87299E+10,6.95565E+10,7.04256E+10,7.13335E+10,7.22708E+10,7.32434E+10,7.42489E+10,7.52979E+10,7.63968E+10,7.75222E+10,7.86809E+10,7.98716E+10,8.10761E+10,8.23132E+10,8.35847E+10,8.48726E+10,8.61901E+10,8.75363E+10,8.89033E+10,9.02966E+10,9.17084E+10,9.313E+10,9.45805E+10,9.60649E+10,9.75444E+10,9.90044E+10,1.00455E+11,1.01903E+11,1.03341E+11,1.04748E+11,1.06103E+11,1.07454E+11,1.08819E+11,1.10199E+11,1.11597E+11,1.13012E+11,1.14422E+11,1.1582E+11,1.17193E+11,1.18544E+11,1.19871E+11,1.21165E+11,1.22433E+11,1.23655E+11,1.24832E+11,1.25989E+11,1.27113E+11,1.28201E+11,1.2927E+11,1.30298E+11,1.31298E+11,1.32275E+11,1.33216E+11,1.34136E+11,1.35023E+11,1.35878E+11,1.36707E+11,1.37509E+11,1.38296E+11,1.39063E+11,1.39808E+11,1.40526E+11,1.41214E+11,1.41882E+11,1.42527E+11,1.43132E+11,1.43715E+11,1.44274E+11,1.44808E+11,1.45326E+11,1.45825E+11,1.46306E+11,1.46775E+11,1.47226E+11,1.47655E+11,1.48073E+11,1.48475E+11,1.48863E+11,1.49233E+11,1.49585E+11,1.49926E+11,1.50259E+11,1.5058E+11,1.50891E+11,1.51195E+11,1.51492E+11,1.51782E+11,1.52063E+11,1.52335E+11,1.52604E+11,1.52867E+11,1.53123E+11,1.53373E+11,1.53616E+11,1.53853E+11,1.54086E+11,1.54313E+11,1.54536E+11,1.54755E+11,1.54971E+11,1.55186E+11,1.55406E+11,1.55629E+11,1.55851E+11,1.56072E+11,1.56288E+11,1.565E+11,1.56703E+11,1.56899E+11,1.57091E+11,1.57281E+11,1.57467E+11,1.57652E+11,1.57838E+11,1.58027E+11,1.58218E+11,1.58409E+11,1.58601E+11,1.58794E+11,1.58985E+11,1.59178E+11,1.5937E+11,1.59565E+11,1.59767E+11,1.59967E+11,1.60171E+11,1.60382E+11,1.60601E+11,1.60826E+11,1.6106E+11,1.61302E+11,1.6156E+11,1.61836E+11,1.62121E+11,1.62413E+11,1.62709E+11,1.63006E+11,1.63291E+11,1.63554E+11,1.63809E+11,1.6406E+11,1.64306E+11,1.64546E+11,1.6479E+11,1.65046E+11,1.65318E+11,1.65599E+11,1.65888E+11,1.66189E+11,1.66501E+11,1.66824E+11,1.67152E+11,1.67488E+11,1.67836E+11,1.68199E+11,1.68571E+11,1.68947E+11,1.69332E+11,1.69722E+11,1.70114E+11,1.70509E+11,1.70907E+11,1.71307E+11,1.71704E+11,1.72099E+11,1.72493E+11,1.72892E+11,1.73293E+11,1.73688E+11,1.74081E+11,1.74477E+11,1.74893E+11,1.75335E+11,1.75785E+11,1.7623E+11,1.7667E+11,1.7712E+11,1.77595E+11,1.78072E+11,1.78533E+11,1.78979E+11,1.79403E+11,1.79807E+11,1.80198E+11,1.80579E+11,1.80948E+11,1.81308E+11,1.81653E+11,1.81987E+11,1.82314E+11,1.8263E+11,1.82938E+11,1.83236E+11,1.8352E+11,1.83796E+11,1.8406E+11,1.84309E+11,1.8455E+11,1.84788E+11,1.85023E+11,1.85255E+11,1.8548E+11,1.85702E+11,1.85924E+11,1.86142E+11,1.86354E+11,1.86561E+11,1.86766E+11,1.8697E+11,1.87168E+11,1.87362E+11,1.87554E+11,1.87742E+11,1.8793E+11,1.88115E+11,1.88295E+11,1.88473E+11,1.88649E+11,1.88821E+11,1.88993E+11,1.89163E+11,1.89331E+11,1.89498E+11,1.89666E+11,1.89832E+11,1.89997E+11,1.90166E+11,1.90336E+11,1.90503E+11,1.90667E+11,1.90831E+11,1.90995E+11,1.9116E+11,1.91325E+11,1.9149E+11,1.91655E+11,1.91821E+11,1.9199E+11,1.92158E+11,1.92327E+11,1.92496E+11,1.92665E+11,1.92839E+11,1.93017E+11,1.93197E+11,1.9338E+11,1.93565E+11,1.93753E+11,1.93943E+11,1.94135E+11,1.9433E+11,1.94526E+11,1.94724E+11,1.94924E+11,1.95128E+11,1.95337E+11,1.95551E+11,1.95769E+11,1.95992E+11,1.96223E+11,1.96461E+11,1.96701E+11,1.96944E+11,1.97191E+11,1.97442E+11,1.977E+11,1.97965E+11,1.98235E+11,1.98506E+11,1.98783E+11,1.99066E+11,1.99354E+11,1.99645E+11,1.99935E+11,2.00226E+11,2.00522E+11,2.00819E+11,2.01117E+11,2.01417E+11,2.01718E+11,2.02021E+11,2.02325E+11,2.02632E+11,2.02941E+11,2.03251E+11,2.03562E+11,2.03875E+11,2.04195E+11,2.04518E+11,2.04837E+11,2.05139E+11,2.05425E+11,2.05693E+11,2.05943E+11,2.06179E+11,2.06402E+11,2.06615E+11,2.06819E+11,2.07015E+11,2.07204E+11,2.07385E+11,2.07557E+11,2.0772E+11,2.07874E+11,2.08022E+11,2.0816E+11,2.08293E+11,2.08418E+11,2.08538E+11,2.08651E+11,2.08756E+11,2.08856E+11,2.0895E+11,2.09038E+11,2.09119E+11,2.09195E+11,2.09266E+11,2.09332E+11,2.09395E+11,2.09453E+11,2.09511E+11,2.09571E+11,2.09632E+11,2.09693E+11,2.09753E+11,2.09815E+11,2.09877E+11,2.09939E+11,2.10002E+11,2.10064E+11,2.10127E+11,2.1019E+11,2.10255E+11,2.1032E+11,2.10387E+11,2.10453E+11,2.10521E+11,2.10588E+11,2.10657E+11,2.10726E+11,2.10795E+11,2.10864E+11,2.10933E+11,2.11002E+11,2.11071E+11,2.1114E+11,2.11209E+11,2.11277E+11,2.11346E+11,2.11414E+11,2.11483E+11,2.11551E+11,2.11618E+11,2.11686E+11,2.11753E+11,2.11819E+11,2.11885E+11,2.1195E+11,2.12014E+11,2.12078E+11,2.12142E+11,2.12204E+11,2.12266E+11,2.12328E+11,2.12388E+11,2.12449E+11,2.12508E+11,2.12567E+11,2.12627E+11,2.12685E+11,2.12743E+11,2.128E+11,2.12856E+11,2.12912E+11,2.12966E+11,2.1302E+11,2.13074E+11,2.13128E+11,2.1318E+11,2.13233E+11,2.13285E+11,2.13337E+11,2.1339E+11,2.13442E+11,2.13493E+11,2.13546E+11,2.13598E+11,2.13651E+11,2.13702E+11,2.13752E+11,2.13802E+11,2.13851E+11,2.13899E+11,2.13945E+11,2.13992E+11,2.14038E+11,2.14085E+11,2.14132E+11,2.14179E+11,2.14225E+11,2.14272E+11,2.1432E+11,2.14373E+11,2.14431E+11,2.14472E+11,2.14515E+11,2.14559E+11,2.14602E+11,2.14647E+11,2.14692E+11,2.14737E+11,2.14782E+11,2.14827E+11,2.14873E+11,2.14919E+11,2.14965E+11,2.15012E+11,2.15058E+11,2.15105E+11,2.15153E+11,2.152E+11,2.15248E+11,2.15296E+11,2.15344E+11,2.15392E+11,2.15441E+11,2.1549E+11,2.1554E+11,2.1559E+11
"Cost of Deaths Cumulative[New York]",0,0,0,0,0,0,0,0,0,0,0,0,0,0,0,0,0,0,0,0,0,0,0,0,0,0,0,0,0,0,0,0,0,0,0,12.1203,163.593,755.996,2254.12,5286.82,10659.1,19375,32674,52099.5,79588.3,117559,169018,237662,327999,445533,597042,790961,1.03797E+06,1.35175E+06,1.74988E+06,2.25484E+06,2.89545E+06,3.7083E+06,4.73913E+06,6.04484E+06,7.69686E+06,9.78636E+06,1.24316E+07,1.57866E+07,2.00519E+07,2.54877E+07,3.24308E+07,4.13136E+07,5.26873E+07,6.72682E+07,8.59961E+07,1.1008E+08,1.41065E+08,1.80933E+08,2.32231E+08,2.98222E+08,3.83017E+08,4.91699E+08,6.30507E+08,8.07041E+08,1.03053E+09,1.3121E+09,1.64614E+09,2.0303E+09,2.47106E+09,2.97537E+09,3.55115E+09,4.20728E+09,4.95329E+09,5.79917E+09,6.75612E+09,7.8369E+09,9.05546E+09,1.04264E+10,1.19663E+10,1.36929E+10,1.56253E+10,1.77842E+10,2.01902E+10,2.28626E+10,2.58176E+10,2.90682E+10,3.26231E+10,3.64887E+10,4.06676E+10,4.51574E+10,4.99503E+10,5.50335E+10,6.03894E+10,6.59964E+10,7.18295E+10,7.78596E+10,8.40534E+10,9.03807E+10,9.68098E+10,1.03309E+11,1.09849E+11,1.164E+11,1.22935E+11,1.29429E+11,1.35855E+11,1.42188E+11,1.48405E+11,1.54482E+11,1.60373E+11,1.66041E+11,1.71474E+11,1.76669E+11,1.81605E+11,1.863E+11,1.90797E+11,1.95131E+11,1.99311E+11,2.03344E+11,2.07235E+11,2.1102E+11,2.14712E+11,2.18287E+11,2.21724E+11,2.25015E+11,2.28157E+11,2.31155E+11,2.34014E+11,2.36747E+11,2.39346E+11,2.41804E+11,2.44122E+11,2.46312E+11,2.48387E+11,2.50351E+11,2.52211E+11,2.5399E+11,2.55704E+11,2.57356E+11,2.58936E+11,2.6043E+11,2.61842E+11,2.63177E+11,2.64434E+11,2.65608E+11,2.66695E+11,2.677E+11,2.68635E+11,2.6951E+11,2.7032E+11,2.71044E+11,2.71701E+11,2.72322E+11,2.72907E+11,2.73451E+11,2.73959E+11,2.74446E+11,2.74923E+11,2.7539E+11,2.75825E+11,2.76236E+11,2.7663E+11,2.77003E+11,2.77349E+11,2.77673E+11,2.77973E+11,2.78252E+11,2.7851E+11,2.7875E+11,2.78975E+11,2.79186E+11,2.79385E+11,2.79571E+11,2.79746E+11,2.7991E+11,2.80064E+11,2.80209E+11,2.80346E+11,2.80476E+11,2.80599E+11,2.80717E+11,2.80829E+11,2.80937E+11,2.81039E+11,2.81136E+11,2.81229E+11,2.81318E+11,2.81403E+11,2.81483E+11,2.8156E+11,2.81633E+11,2.81702E+11,2.81769E+11,2.81833E+11,2.81894E+11,2.81953E+11,2.8201E+11,2.82064E+11,2.82117E+11,2.82169E+11,2.82218E+11,2.82266E+11,2.82313E+11,2.82359E+11,2.82404E+11,2.82448E+11,2.8249E+11,2.82532E+11,2.82574E+11,2.82614E+11,2.82654E+11,2.82693E+11,2.82732E+11,2.8277E+11,2.82808E+11,2.82846E+11,2.82883E+11,2.82919E+11,2.82956E+11,2.82992E+11,2.83027E+11,2.83063E+11,2.83098E+11,2.83132E+11,2.83167E+11,2.83201E+11,2.83235E+11,2.83269E+11,2.83302E+11,2.83336E+11,2.83369E+11,2.83402E+11,2.83435E+11,2.83468E+11,2.83501E+11,2.83534E+11,2.83567E+11,2.836E+11,2.83633E+11,2.83666E+11,2.83699E+11,2.83732E+11,2.83766E+11,2.83799E+11,2.83833E+11,2.83867E+11,2.83901E+11,2.83935E+11,2.83969E+11,2.84004E+11,2.84039E+11,2.84075E+11,2.8411E+11,2.84146E+11,2.84183E+11,2.84219E+11,2.84256E+11,2.84293E+11,2.8433E+11,2.84368E+11,2.84406E+11,2.84444E+11,2.84483E+11,2.84522E+11,2.84561E+11,2.84601E+11,2.84641E+11,2.84681E+11,2.84722E+11,2.84763E+11,2.84805E+11,2.84847E+11,2.8489E+11,2.84933E+11,2.84977E+11,2.85022E+11,2.85067E+11,2.85113E+11,2.8516E+11,2.85208E+11,2.85257E+11,2.85306E+11,2.85357E+11,2.85408E+11,2.85461E+11,2.85514E+11,2.85569E+11,2.85625E+11,2.85682E+11,2.8574E+11,2.858E+11,2.85861E+11,2.85923E+11,2.85986E+11,2.8605E+11,2.86116E+11,2.86183E+11,2.86252E+11,2.86322E+11,2.86393E+11,2.86465E+11,2.86539E+11,2.86614E+11,2.8669E+11,2.86768E+11,2.86847E+11,2.86927E+11,2.87009E+11,2.87092E+11,2.87177E+11,2.87263E+11,2.8735E+11,2.87439E+11,2.8753E+11,2.87622E+11,2.87716E+11,2.87812E+11,2.8791E+11,2.88009E+11,2.88111E+11,2.88215E+11,2.88322E+11,2.88431E+11,2.88543E+11,2.88657E+11,2.88775E+11,2.88895E+11,2.89019E+11,2.89146E+11,2.89276E+11,2.8941E+11,2.89547E+11,2.89688E+11,2.89832E+11,2.8998E+11,2.90132E+11,2.90287E+11,2.90447E+11,2.9061E+11,2.90777E+11,2.90948E+11,2.91123E+11,2.91302E+11,2.91486E+11,2.91673E+11,2.91866E+11,2.92063E+11,2.92264E+11,2.92471E+11,2.92684E+11,2.92902E+11,2.93126E+11,2.93356E+11,2.93592E+11,2.93835E+11,2.94085E+11,2.94342E+11,2.94606E+11,2.94877E+11,2.95156E+11,2.95441E+11,2.95735E+11,2.96035E+11,2.96342E+11,2.96656E+11,2.96976E+11,2.97303E+11,2.97636E+11,2.97974E+11,2.98319E+11,2.98669E+11,2.99023E+11,2.99383E+11,2.99748E+11,3.00117E+11,3.00491E+11,3.0087E+11,3.01252E+11,3.01639E+11,3.02031E+11,3.02426E+11,3.02825E+11,3.03228E+11,3.03635E+11,3.04045E+11,3.04459E+11,3.04877E+11,3.05299E+11,3.05724E+11,3.06152E+11,3.06584E+11,3.07018E+11,3.07456E+11,3.07895E+11,3.08337E+11,3.08781E+11,3.09226E+11,3.09672E+11,3.10119E+11,3.10565E+11,3.11011E+11,3.11456E+11,3.119E+11,3.12343E+11,3.12785E+11,3.13225E+11,3.13661E+11,3.14096E+11,3.14528E+11,3.14959E+11,3.15387E+11,3.15814E+11,3.16239E+11,3.16662E+11,3.17084E+11,3.17504E+11,3.17924E+11,3.18344E+11,3.18763E+11,3.19183E+11,3.19604E+11,3.20026E+11,3.20449E+11,3.20874E+11,3.21301E+11,3.2173E+11,3.22163E+11,3.22599E+11,3.23038E+11,3.2348E+11,3.23925E+11,3.24373E+11,3.24825E+11,3.2528E+11,3.25738E+11,3.26198E+11,3.2666E+11,3.27124E+11,3.2759E+11,3.28057E+11,3.28526E+11,3.28999E+11,3.29474E+11,3.29952E+11,3.30431E+11,3.30914E+11,3.31399E+11,3.31882E+11,3.32366E+11,3.32854E+11,3.33345E+11,3.33838E+11,3.34333E+11,3.3483E+11,3.35328E+11,3.35828E+11,3.3633E+11,3.36834E+11,3.37339E+11,3.37846E+11,3.38354E+11,3.38863E+11,3.39371E+11,3.3988E+11,3.40389E+11,3.40896E+11,3.41403E+11,3.41909E+11,3.42412E+11,3.42914E+11,3.43414E+11,3.43911E+11,3.44405E+11,3.44896E+11,3.45384E+11,3.45869E+11,3.46351E+11,3.4683E+11,3.47305E+11,3.47777E+11,3.48246E+11,3.48712E+11,3.49175E+11,3.49634E+11,3.50091E+11,3.50544E+11,3.50994E+11,3.5144E+11,3.51884E+11,3.52324E+11,3.5276E+11,3.53193E+11,3.53623E+11,3.54049E+11,3.54471E+11,3.5489E+11,3.55305E+11,3.55716E+11,3.56123E+11,3.56526E+11,3.56926E+11,3.57322E+11,3.57714E+11,3.58103E+11,3.58488E+11,3.58869E+11,3.59248E+11,3.59622E+11,3.59994E+11,3.60362E+11,3.60727E+11,3.61089E+11,3.61448E+11,3.61803E+11,3.62156E+11,3.62506E+11,3.62852E+11,3.63196E+11,3.63537E+11,3.63876E+11,3.64211E+11,3.64545E+11,3.64875E+11,3.65203E+11,3.65529E+11,3.65853E+11,3.66175E+11,3.66495E+11,3.66813E+11,3.6713E+11,3.67445E+11,3.6776E+11,3.68073E+11,3.68385E+11,3.68697E+11,3.69008E+11,3.69318E+11,3.69628E+11,3.69938E+11,3.70248E+11,3.70557E+11,3.70866E+11,3.71176E+11,3.71485E+11,3.71794E+11,3.72103E+11,3.72412E+11,3.72721E+11,3.73031E+11,3.73341E+11,3.73655E+11,3.73972E+11,3.74287E+11,3.74599E+11,3.74911E+11,3.7522E+11,3.75527E+11,3.7583E+11,3.7613E+11,3.76431E+11,3.76733E+11,3.77033E+11,3.77333E+11,3.77632E+11,3.77931E+11,3.7823E+11,3.78529E+11,3.78829E+11,3.7913E+11,3.79431E+11,3.7973E+11,3.80028E+11,3.80326E+11,3.80622E+11,3.80917E+11,3.81208E+11,3.81496E+11,3.81782E+11,3.82067E+11,3.82354E+11,3.82642E+11,3.82931E+11,3.83224E+11,3.83514E+11,3.83806E+11,3.841E+11,3.84392E+11,3.84677E+11,3.84957E+11,3.85235E+11,3.85513E+11,3.85787E+11,3.86057E+11,3.86327E+11,3.86604E+11,3.86888E+11,3.87178E+11,3.87475E+11,3.87782E+11,3.88098E+11,3.88426E+11,3.88764E+11,3.89115E+11,3.89483E+11,3.89873E+11,3.90286E+11,3.90727E+11,3.91199E+11,3.9171E+11,3.92264E+11,3.92867E+11,3.93528E+11,3.94252E+11,3.95045E+11,3.95908E+11,3.96843E+11,3.97859E+11,3.98964E+11,4.00164E+11,4.01458E+11,4.02844E+11,4.0432E+11,4.05885E+11,4.07536E+11,4.09268E+11,4.11077E+11,4.1297E+11,4.14933E+11,4.16946E+11,4.18999E+11,4.21085E+11,4.23196E+11,4.25334E+11,4.27506E+11,4.29697E+11,4.31887E+11,4.34071E+11,4.3625E+11,4.38418E+11,4.40566E+11,4.42672E+11,4.44727E+11,4.46739E+11,4.48712E+11,4.50645E+11,4.52528E+11,4.54364E+11,4.56174E+11,4.57977E+11,4.59754E+11,4.61466E+11,4.63107E+11,4.64683E+11,4.66208E+11,4.67676E+11,4.69077E+11,4.70422E+11,4.71722E+11,4.72985E+11,4.74219E+11,4.75417E+11,4.76581E+11,4.7771E+11,4.78807E+11,4.79879E+11,4.80927E+11,4.81952E+11,4.82959E+11,4.8395E+11,4.84925E+11,4.85886E+11,4.86836E+11,4.87777E+11,4.88711E+11,4.89641E+11,4.90571E+11,4.91503E+11,4.92441E+11,4.93385E+11,4.94339E+11,4.95307E+11,4.96294E+11,4.97311E+11,4.98372E+11,4.99476E+11,5.00623E+11,5.01816E+11,5.03063E+11,5.04375E+11,5.05745E+11,5.07162E+11,5.08642E+11,5.10212E+11,5.1188E+11,5.13644E+11,5.15511E+11,5.17489E+11,5.19581E+11,5.21787E+11,5.241E+11,5.2653E+11,5.29085E+11,5.31744E+11,5.34501E+11,5.37361E+11,5.40333E+11,5.43413E+11,5.46568E+11,5.49786E+11,5.53064E+11,5.56395E+11,5.59771E+11,5.63175E+11,5.66612E+11,5.70108E+11,5.73658E+11,5.77245E+11,5.80862E+11,5.84495E+11,5.8814E+11,5.91773E+11,5.95369E+11,5.98921E+11,6.02443E+11,6.05936E+11,6.09403E+11,6.12828E+11,6.16263E+11,6.1982E+11,6.2344E+11,6.2699E+11,6.3043E+11,6.33744E+11,6.36941E+11,6.39978E+11,6.42775E+11,6.45409E+11,6.47957E+11,6.50435E+11,6.5285E+11,6.55202E+11,6.57496E+11,6.59743E+11,6.6195E+11,6.64112E+11,6.66221E+11,6.68284E+11,6.70301E+11,6.72263E+11,6.7417E+11,6.76035E+11,6.77869E+11,6.79673E+11,6.81455E+11,6.83223E+11,6.84986E+11,6.86767E+11,6.88594E+11,6.90467E+11,6.92366E+11,6.94297E+11,6.96303E+11,6.98459E+11,7.00722E+11,7.02964E+11,7.05175E+11,7.07368E+11,7.09532E+11,7.11612E+11,7.13567E+11,7.15466E+11,7.17381E+11,7.19318E+11,7.21336E+11,7.23474E+11,7.25684E+11,7.27926E+11,7.30157E+11,7.32417E+11,7.34707E+11,7.36974E+11,7.39176E+11,7.4135E+11,7.43515E+11,7.45701E+11,7.47855E+11,7.49947E+11,7.51965E+11,7.53919E+11,7.55855E+11,7.57797E+11,7.59712E+11,7.61584E+11,7.63424E+11,7.65207E+11,7.66914E+11,7.68539E+11,7.70079E+11,7.71534E+11,7.72903E+11,7.74191E+11,7.75422E+11,7.76608E+11,7.77751E+11,7.78861E+11,7.79946E+11,7.80998E+11,7.82008E+11,7.82972E+11,7.83891E+11,7.8477E+11,7.85591E+11,7.86359E+11,7.87089E+11,7.87788E+11,7.88467E+11,7.89137E+11,7.89805E+11,7.9048E+11,7.91158E+11,7.91821E+11,7.92462E+11,7.9307E+11,7.93637E+11,7.94164E+11,7.9466E+11,7.95136E+11,7.95597E+11,7.96047E+11,7.9649E+11,7.96928E+11,7.97365E+11,7.97804E+11,7.98244E+11,7.98681E+11,7.99112E+11,7.99532E+11,7.9994E+11,8.00334E+11,8.00714E+11,8.01086E+11,8.01452E+11,8.01815E+11,8.02176E+11,8.02538E+11,8.029E+11,8.03263E+11,8.03624E+11,8.03982E+11,8.04339E+11,8.04698E+11,8.0506E+11,8.05427E+11,8.058E+11,8.06176E+11,8.06555E+11,8.06937E+11,8.07321E+11,8.07708E+11,8.08096E+11,8.08484E+11,8.08877E+11,8.09278E+11,8.09685E+11,8.10096E+11,8.10511E+11,8.10934E+11,8.11364E+11,8.11801E+11,8.12251E+11,8.12713E+11,8.13186E+11,8.13684E+11,8.1422E+11,8.14795E+11,8.15407E+11,8.1604E+11,8.16677E+11,8.17305E+11,8.17902E+11,8.18468E+11,8.19015E+11,8.19547E+11,8.20073E+11,8.2061E+11,8.21167E+11,8.21752E+11,8.22359E+11,8.22979E+11,8.23608E+11,8.24245E+11,8.24889E+11,8.25541E+11,8.26201E+11,8.26868E+11,8.27547E+11,8.28245E+11,8.2896E+11,8.29682E+11,8.30409E+11,8.31144E+11,8.3189E+11,8.3264E+11,8.33385E+11,8.34124E+11,8.34865E+11,8.35608E+11,8.36346E+11,8.3708E+11,8.37821E+11,8.38589E+11,8.39392E+11,8.40216E+11,8.41058E+11,8.41935E+11,8.42844E+11,8.4375E+11,8.4461E+11,8.4541E+11,8.46167E+11,8.46881E+11,8.47545E+11,8.48176E+11,8.48813E+11,8.49469E+11,8.50128E+11,8.50756E+11,8.51343E+11,8.51894E+11,8.52407E+11,8.52866E+11,8.53269E+11,8.53638E+11,8.5399E+11,8.54335E+11,8.54679E+11,8.55018E+11,8.55339E+11,8.55643E+11,8.55931E+11,8.56203E+11,8.5646E+11,8.56702E+11,8.56935E+11,8.57158E+11,8.57369E+11,8.5757E+11,8.57773E+11,8.5798E+11,8.5819E+11,8.58399E+11,8.5861E+11,8.58828E+11,8.59054E+11,8.59287E+11,8.59527E+11,8.59771E+11,8.60024E+11,8.60285E+11,8.60555E+11,8.60831E+11,8.61115E+11,8.61407E+11,8.61705E+11,8.6201E+11,8.62317E+11,8.62627E+11,8.6294E+11,8.63255E+11,8.6357E+11,8.63884E+11,8.642E+11,8.6452E+11,8.64839E+11,8.65154E+11,8.65466E+11,8.65774E+11,8.66077E+11,8.66368E+11,8.6665E+11,8.66928E+11,8.67201E+11,8.67469E+11,8.67731E+11,8.6799E+11,8.68245E+11,8.68495E+11,8.6874E+11,8.6898E+11,8.69214E+11,8.69441E+11,8.69664E+11,8.69882E+11,8.70096E+11,8.70306E+11,8.70513E+11,8.70716E+11,8.70916E+11,8.71111E+11,8.713E+11,8.71484E+11,8.71663E+11,8.71835E+11,8.72002E+11,8.72166E+11,8.72326E+11,8.72485E+11,8.72643E+11,8.72799E+11,8.72956E+11,8.73113E+11,8.73266E+11,8.73418E+11,8.7357E+11,8.73717E+11,8.73859E+11,8.73997E+11,8.74132E+11,8.74265E+11,8.74394E+11,8.74521E+11,8.74647E+11,8.74775E+11,8.74903E+11,8.75032E+11,8.75162E+11,8.75292E+11,8.75423E+11,8.75554E+11,8.75688E+11,8.75825E+11,8.75957E+11,8.76091E+11,8.76226E+11,8.76361E+11,8.76498E+11,8.76636E+11,8.76775E+11,8.76915E+11,8.77057E+11,8.77201E+11,8.77346E+11,8.77492E+11,8.77641E+11,8.77791E+11,8.77943E+11,8.78097E+11,8.78252E+11,8.7841E+11,8.7857E+11,8.78731E+11,8.78895E+11,8.7906E+11,8.79228E+11,8.79398E+11,8.79569E+11
"Cost of Deaths Cumulative[North Carolina]",0,0,0,0,0,0,0,0,0,0,0,0,0,0,0,0,0,0,0,0,0,0.168757,11.2844,76.6363,272.34,705.443,1516.63,2885.46,5036.58,8248.01,12864.6,19319,28158.8,40082.9,55985,77009.4,104623,140708,187670,248568,327236,428403,557859,722774,932103,1.19696E+06,1.53098E+06,1.95088E+06,2.47715E+06,3.13498E+06,3.95529E+06,4.97585E+06,6.2428E+06,7.81323E+06,9.75823E+06,1.21663E+07,1.51478E+07,1.88402E+07,2.34162E+07,2.90896E+07,3.61241E+07,4.48467E+07,5.56652E+07,6.90893E+07,8.5758E+07,1.06477E+08,1.32264E+08,1.64392E+08,2.04361E+08,2.52793E+08,3.11121E+08,3.81374E+08,4.65913E+08,5.67422E+08,6.88957E+08,8.34093E+08,1.00688E+09,1.21175E+09,1.45339E+09,1.73653E+09,2.06542E+09,2.44371E+09,2.87454E+09,3.36029E+09,3.90237E+09,4.50108E+09,5.15559E+09,5.864E+09,6.62344E+09,7.43026E+09,8.28029E+09,9.16903E+09,1.00918E+10,1.10439E+10,1.20204E+10,1.3017E+10,1.40293E+10,1.50535E+10,1.60855E+10,1.7122E+10,1.81595E+10,1.9195E+10,2.02256E+10,2.12489E+10,2.22626E+10,2.32649E+10,2.4254E+10,2.52284E+10,2.61869E+10,2.71442E+10,2.80949E+10,2.90249E+10,2.9935E+10,3.08254E+10,3.16959E+10,3.25461E+10,3.33753E+10,3.41828E+10,3.49689E+10,3.57334E+10,3.6475E+10,3.71937E+10,3.78897E+10,3.85634E+10,3.92151E+10,3.98411E+10,4.04412E+10,4.10159E+10,4.15658E+10,4.20938E+10,4.26004E+10,4.30864E+10,4.35537E+10,4.40024E+10,4.44339E+10,4.48515E+10,4.52557E+10,4.56476E+10,4.60253E+10,4.63879E+10,4.6738E+10,4.70774E+10,4.74048E+10,4.77199E+10,4.80259E+10,4.83267E+10,4.86228E+10,4.89131E+10,4.91971E+10,4.94754E+10,4.97498E+10,5.00219E+10,5.0288E+10,5.05468E+10,5.07994E+10,5.10459E+10,5.12858E+10,5.15191E+10,5.17437E+10,5.19594E+10,5.21656E+10,5.23633E+10,5.25537E+10,5.27373E+10,5.29147E+10,5.30868E+10,5.32538E+10,5.3416E+10,5.35734E+10,5.37267E+10,5.38764E+10,5.40234E+10,5.41688E+10,5.43108E+10,5.44478E+10,5.45817E+10,5.47138E+10,5.48438E+10,5.49717E+10,5.50962E+10,5.52183E+10,5.53387E+10,5.54568E+10,5.5572E+10,5.56844E+10,5.57935E+10,5.59005E+10,5.60061E+10,5.61096E+10,5.62119E+10,5.63138E+10,5.64164E+10,5.65203E+10,5.66238E+10,5.67282E+10,5.68346E+10,5.69391E+10,5.70416E+10,5.71415E+10,5.72394E+10,5.73378E+10,5.74364E+10,5.75346E+10,5.76313E+10,5.7728E+10,5.78257E+10,5.79231E+10,5.80196E+10,5.81144E+10,5.8206E+10,5.82971E+10,5.83879E+10,5.84786E+10,5.85718E+10,5.86699E+10,5.87708E+10,5.88742E+10,5.89794E+10,5.90879E+10,5.92011E+10,5.93147E+10,5.94258E+10,5.9537E+10,5.96504E+10,5.97673E+10,5.98841E+10,5.99985E+10,6.01134E+10,6.02291E+10,6.03455E+10,6.04642E+10,6.05861E+10,6.07106E+10,6.08387E+10,6.0969E+10,6.11021E+10,6.12384E+10,6.13737E+10,6.15083E+10,6.16435E+10,6.17767E+10,6.19095E+10,6.2042E+10,6.21737E+10,6.23071E+10,6.24412E+10,6.25742E+10,6.2709E+10,6.28449E+10,6.2982E+10,6.3121E+10,6.32605E+10,6.34016E+10,6.35458E+10,6.36918E+10,6.38404E+10,6.39926E+10,6.41474E+10,6.43043E+10,6.44636E+10,6.46262E+10,6.47938E+10,6.49669E+10,6.51462E+10,6.53347E+10,6.55313E+10,6.57356E+10,6.5948E+10,6.61668E+10,6.63914E+10,6.66227E+10,6.68566E+10,6.70923E+10,6.73294E+10,6.75669E+10,6.78046E+10,6.80435E+10,6.82869E+10,6.85336E+10,6.87801E+10,6.90246E+10,6.92675E+10,6.95106E+10,6.9756E+10,7.00011E+10,7.02462E+10,7.04913E+10,7.07359E+10,7.09809E+10,7.12284E+10,7.14772E+10,7.17265E+10,7.19791E+10,7.22343E+10,7.24905E+10,7.27486E+10,7.30089E+10,7.32726E+10,7.35413E+10,7.38167E+10,7.41014E+10,7.43864E+10,7.4665E+10,7.49398E+10,7.52115E+10,7.54786E+10,7.5737E+10,7.59915E+10,7.6257E+10,7.65325E+10,7.68085E+10,7.70829E+10,7.73556E+10,7.76265E+10,7.78872E+10,7.81314E+10,7.83682E+10,7.8604E+10,7.88408E+10,7.90793E+10,7.93171E+10,7.95533E+10,7.97912E+10,8.00337E+10,8.02744E+10,8.05117E+10,8.07439E+10,8.09711E+10,8.11945E+10,8.14126E+10,8.16231E+10,8.18304E+10,8.20351E+10,8.22381E+10,8.24403E+10,8.26426E+10,8.28451E+10,8.30484E+10,8.32525E+10,8.34568E+10,8.36621E+10,8.38701E+10,8.4079E+10,8.42876E+10,8.44975E+10,8.47086E+10,8.49217E+10,8.51354E+10,8.53488E+10,8.55642E+10,8.57857E+10,8.60114E+10,8.62391E+10,8.64684E+10,8.66998E+10,8.69334E+10,8.71678E+10,8.74019E+10,8.76372E+10,8.78762E+10,8.81197E+10,8.83679E+10,8.86209E+10,8.88813E+10,8.91491E+10,8.9424E+10,8.97073E+10,8.99989E+10,9.02983E+10,9.06052E+10,9.09215E+10,9.12485E+10,9.15812E+10,9.19209E+10,9.22689E+10,9.26228E+10,9.29856E+10,9.33588E+10,9.37423E+10,9.4149E+10,9.4578E+10,9.50336E+10,9.55221E+10,9.60422E+10,9.65845E+10,9.71275E+10,9.76513E+10,9.816E+10,9.86522E+10,9.91346E+10,9.9609E+10,1.00078E+11,1.00551E+11,1.01031E+11,1.01521E+11,1.02026E+11,1.02542E+11,1.03068E+11,1.03597E+11,1.04125E+11,1.04651E+11,1.05175E+11,1.05697E+11,1.06221E+11,1.06744E+11,1.07267E+11,1.07796E+11,1.08344E+11,1.08921E+11,1.09526E+11,1.10142E+11,1.10764E+11,1.1138E+11,1.11984E+11,1.12569E+11,1.13128E+11,1.13664E+11,1.14185E+11,1.14688E+11,1.15178E+11,1.15661E+11,1.16128E+11,1.16577E+11,1.17015E+11,1.17449E+11,1.17878E+11,1.18301E+11,1.1872E+11,1.19135E+11,1.19546E+11,1.19952E+11,1.20353E+11,1.20752E+11,1.21148E+11,1.2154E+11,1.21929E+11,1.22317E+11,1.227E+11,1.2308E+11,1.23458E+11,1.23832E+11,1.242E+11,1.24562E+11,1.24921E+11,1.25277E+11,1.25631E+11,1.25979E+11,1.26321E+11,1.26661E+11,1.26997E+11,1.27331E+11,1.2766E+11,1.27985E+11,1.28305E+11,1.28622E+11,1.28938E+11,1.29254E+11,1.2957E+11,1.29884E+11,1.30194E+11,1.30504E+11,1.30816E+11,1.31128E+11,1.31436E+11,1.31742E+11,1.3204E+11,1.32333E+11,1.32619E+11,1.32897E+11,1.3317E+11,1.33438E+11,1.33704E+11,1.33971E+11,1.34237E+11,1.34504E+11,1.34771E+11,1.35038E+11,1.35304E+11,1.3557E+11,1.35833E+11,1.36092E+11,1.3635E+11,1.36605E+11,1.36857E+11,1.37108E+11,1.37355E+11,1.37601E+11,1.37843E+11,1.38086E+11,1.38333E+11,1.38576E+11,1.38817E+11,1.39056E+11,1.39291E+11,1.39522E+11,1.39744E+11,1.39957E+11,1.40169E+11,1.40377E+11,1.40584E+11,1.40788E+11,1.40991E+11,1.41193E+11,1.41396E+11,1.41598E+11,1.41801E+11,1.42006E+11,1.42212E+11,1.42418E+11,1.42625E+11,1.42832E+11,1.43038E+11,1.43242E+11,1.43443E+11,1.43642E+11,1.4384E+11,1.44036E+11,1.4423E+11,1.44425E+11,1.4462E+11,1.44815E+11,1.4501E+11,1.45206E+11,1.45403E+11,1.456E+11,1.45799E+11,1.45999E+11,1.46201E+11,1.46405E+11,1.46611E+11,1.46819E+11,1.4703E+11,1.47245E+11,1.47462E+11,1.47683E+11,1.47907E+11,1.48134E+11,1.48369E+11,1.48617E+11,1.48868E+11,1.49124E+11,1.49381E+11,1.49639E+11,1.49899E+11,1.50159E+11,1.50415E+11,1.50679E+11,1.50949E+11,1.51224E+11,1.51504E+11,1.51787E+11,1.52073E+11,1.52363E+11,1.5266E+11,1.52961E+11,1.53269E+11,1.53583E+11,1.53902E+11,1.5423E+11,1.5457E+11,1.54919E+11,1.55275E+11,1.55636E+11,1.56001E+11,1.56373E+11,1.56764E+11,1.5717E+11,1.57566E+11,1.57954E+11,1.58338E+11,1.58721E+11,1.59096E+11,1.59456E+11,1.59809E+11,1.60177E+11,1.60553E+11,1.6093E+11,1.61311E+11,1.61694E+11,1.6208E+11,1.62469E+11,1.6286E+11,1.63254E+11,1.6365E+11,1.64047E+11,1.64444E+11,1.64846E+11,1.65251E+11,1.65657E+11,1.66066E+11,1.66474E+11,1.66881E+11,1.67284E+11,1.67684E+11,1.68079E+11,1.68471E+11,1.68857E+11,1.6924E+11,1.69617E+11,1.69994E+11,1.70376E+11,1.70756E+11,1.71124E+11,1.71479E+11,1.71824E+11,1.72158E+11,1.7248E+11,1.72787E+11,1.73086E+11,1.73385E+11,1.73681E+11,1.73974E+11,1.74266E+11,1.74556E+11,1.74845E+11,1.75131E+11,1.75415E+11,1.75699E+11,1.75985E+11,1.76277E+11,1.76577E+11,1.76884E+11,1.77197E+11,1.77519E+11,1.77855E+11,1.78208E+11,1.78586E+11,1.78995E+11,1.79436E+11,1.7991E+11,1.80423E+11,1.80977E+11,1.81575E+11,1.82232E+11,1.82953E+11,1.83728E+11,1.84556E+11,1.85444E+11,1.86394E+11,1.87403E+11,1.8847E+11,1.89592E+11,1.90769E+11,1.91999E+11,1.93269E+11,1.94578E+11,1.95927E+11,1.97299E+11,1.98705E+11,2.00138E+11,2.01584E+11,2.03041E+11,2.04511E+11,2.06001E+11,2.07516E+11,2.09052E+11,2.10601E+11,2.12165E+11,2.13734E+11,2.1531E+11,2.16895E+11,2.1849E+11,2.20119E+11,2.21815E+11,2.23535E+11,2.25248E+11,2.26949E+11,2.28622E+11,2.30278E+11,2.31874E+11,2.33379E+11,2.34839E+11,2.36296E+11,2.37744E+11,2.39193E+11,2.4063E+11,2.42057E+11,2.43477E+11,2.44882E+11,2.46262E+11,2.47617E+11,2.48944E+11,2.50247E+11,2.51535E+11,2.52808E+11,2.54051E+11,2.5527E+11,2.56467E+11,2.57642E+11,2.58798E+11,2.59924E+11,2.61029E+11,2.62126E+11,2.63209E+11,2.64274E+11,2.65309E+11,2.66309E+11,2.67273E+11,2.68195E+11,2.69081E+11,2.69946E+11,2.70789E+11,2.71621E+11,2.7244E+11,2.73242E+11,2.74033E+11,2.74811E+11,2.75572E+11,2.76323E+11,2.77062E+11,2.77787E+11,2.78499E+11,2.79195E+11,2.79878E+11,2.80554E+11,2.81221E+11,2.81878E+11,2.82524E+11,2.83158E+11,2.83789E+11,2.84421E+11,2.85043E+11,2.85653E+11,2.86254E+11,2.8685E+11,2.8744E+11,2.88025E+11,2.88603E+11,2.89183E+11,2.89773E+11,2.90369E+11,2.90964E+11,2.91561E+11,2.92159E+11,2.92762E+11,2.93368E+11,2.9397E+11,2.94573E+11,2.95186E+11,2.95806E+11,2.96434E+11,2.97072E+11,2.97741E+11,2.98461E+11,2.99225E+11,2.99998E+11,3.00767E+11,3.01528E+11,3.0228E+11,3.03002E+11,3.03676E+11,3.04326E+11,3.04986E+11,3.05661E+11,3.06355E+11,3.07066E+11,3.0779E+11,3.08531E+11,3.09283E+11,3.10041E+11,3.1081E+11,3.11589E+11,3.12378E+11,3.13177E+11,3.13987E+11,3.14808E+11,3.15634E+11,3.1647E+11,3.17317E+11,3.18173E+11,3.19021E+11,3.19856E+11,3.20717E+11,3.21615E+11,3.22533E+11,3.23451E+11,3.24359E+11,3.25278E+11,3.26224E+11,3.27174E+11,3.28116E+11,3.29055E+11,3.29992E+11,3.30924E+11,3.31834E+11,3.32719E+11,3.33596E+11,3.34486E+11,3.3539E+11,3.36307E+11,3.37251E+11,3.38248E+11,3.39283E+11,3.40309E+11,3.4136E+11,3.42433E+11,3.43573E+11,3.44725E+11,3.45833E+11,3.46934E+11,3.47995E+11,3.49053E+11,3.50211E+11,3.51399E+11,3.52654E+11,3.53999E+11,3.55233E+11,3.56424E+11,3.57669E+11,3.59007E+11,3.60385E+11,3.61647E+11,3.62803E+11,3.63879E+11,3.64895E+11,3.65873E+11,3.66835E+11,3.67797E+11,3.68782E+11,3.69798E+11,3.70794E+11,3.71768E+11,3.72715E+11,3.73616E+11,3.74442E+11,3.75167E+11,3.7581E+11,3.76413E+11,3.77001E+11,3.77576E+11,3.78135E+11,3.78682E+11,3.79225E+11,3.79768E+11,3.80303E+11,3.80823E+11,3.81323E+11,3.81804E+11,3.82269E+11,3.82717E+11,3.83147E+11,3.83565E+11,3.83976E+11,3.84375E+11,3.84762E+11,3.85142E+11,3.85517E+11,3.8589E+11,3.86258E+11,3.86615E+11,3.86963E+11,3.87297E+11,3.87619E+11,3.87927E+11,3.88221E+11,3.88503E+11,3.88773E+11,3.89036E+11,3.89292E+11,3.89543E+11,3.89791E+11,3.90035E+11,3.90274E+11,3.90509E+11,3.90739E+11,3.90965E+11,3.91191E+11,3.91415E+11,3.91637E+11,3.91857E+11,3.92077E+11,3.92296E+11,3.92512E+11,3.92726E+11,3.92938E+11,3.93149E+11,3.93355E+11,3.93556E+11,3.93755E+11,3.93955E+11,3.94157E+11,3.94359E+11,3.94563E+11,3.9477E+11,3.94983E+11,3.95203E+11,3.95426E+11,3.95655E+11,3.95894E+11,3.96144E+11,3.96404E+11,3.96669E+11,3.96936E+11,3.97205E+11,3.97468E+11,3.97724E+11,3.97978E+11,3.98236E+11,3.98498E+11,3.98765E+11,3.99041E+11,3.99328E+11,3.9963E+11,3.99945E+11,4.00272E+11,4.00608E+11,4.00952E+11,4.01305E+11,4.01668E+11,4.02037E+11,4.02412E+11,4.02795E+11,4.03188E+11,4.03594E+11,4.04013E+11,4.04442E+11,4.04883E+11,4.05335E+11,4.05794E+11,4.06259E+11,4.06736E+11,4.07228E+11,4.07737E+11,4.08259E+11,4.08792E+11,4.09344E+11,4.09919E+11,4.10512E+11,4.11116E+11,4.11738E+11,4.12374E+11,4.13009E+11,4.13622E+11,4.14204E+11,4.14756E+11,4.15278E+11,4.15767E+11,4.16231E+11,4.16687E+11,4.17139E+11,4.17579E+11,4.17998E+11,4.18388E+11,4.18755E+11,4.19097E+11,4.19409E+11,4.19689E+11,4.19944E+11,4.20182E+11,4.2041E+11,4.2063E+11,4.20842E+11,4.21042E+11,4.21228E+11,4.21401E+11,4.21561E+11,4.2171E+11,4.21848E+11,4.21976E+11,4.22096E+11,4.22207E+11,4.22309E+11,4.22411E+11,4.22514E+11,4.22616E+11,4.22716E+11,4.22814E+11,4.22913E+11,4.23013E+11,4.23114E+11,4.23216E+11,4.23317E+11,4.2342E+11,4.23525E+11,4.2363E+11,4.23737E+11,4.23844E+11,4.23953E+11,4.24064E+11,4.24175E+11,4.24286E+11,4.24398E+11,4.2451E+11,4.24622E+11,4.24734E+11,4.24845E+11,4.24958E+11,4.25073E+11,4.25189E+11,4.25305E+11,4.2542E+11,4.25536E+11,4.25651E+11,4.25763E+11,4.25874E+11,4.25985E+11,4.26096E+11,4.26208E+11,4.2632E+11,4.26432E+11,4.26544E+11,4.26656E+11,4.26768E+11,4.26879E+11,4.2699E+11,4.27099E+11,4.27208E+11,4.27317E+11,4.27423E+11,4.2753E+11,4.27636E+11,4.2774E+11,4.27844E+11,4.27945E+11,4.28046E+11,4.28145E+11,4.28244E+11,4.28342E+11,4.28439E+11,4.28535E+11,4.2863E+11,4.28724E+11,4.28817E+11,4.2891E+11,4.29001E+11,4.29092E+11,4.29183E+11,4.29275E+11,4.29365E+11,4.29454E+11,4.29541E+11,4.29628E+11,4.29714E+11,4.29799E+11,4.29882E+11,4.29965E+11,4.30048E+11,4.30131E+11,4.30215E+11,4.30298E+11,4.30382E+11,4.30465E+11,4.30549E+11,4.30633E+11,4.30717E+11,4.30802E+11,4.30884E+11,4.30967E+11,4.31049E+11,4.31132E+11,4.31214E+11,4.31297E+11,4.31379E+11,4.31462E+11,4.31545E+11,4.31628E+11,4.31712E+11,4.31795E+11,4.31879E+11,4.31963E+11,4.32047E+11,4.32132E+11,4.32217E+11,4.32302E+11,4.32387E+11,4.32473E+11,4.32559E+11,4.32645E+11,4.32732E+11,4.32819E+11,4.32906E+11
"Cost of Deaths Cumulative[North Dakota]",0,0,0,0,0,0,0,0,0,0,0,0,0,0,0,0,0,0,0,0,0,0,0,0,0,0,0,0,0,0,0,2.3688,21.4912,85.9078,236.694,526.847,1021.2,1796.49,2942.34,4563.43,6782.67,9745.42,13626.4,18638.8,25041.1,33142.7,43308.3,55969.8,71641.5,90941.9,114622,143601,179017,222279,275131,339727,418714,515278,633239,777241,953075,1.16808E+06,1.43164E+06,1.7557E+06,2.15551E+06,2.65027E+06,3.26386E+06,4.02544E+06,4.97055E+06,6.14138E+06,7.56145E+06,9.26587E+06,1.13077E+07,1.37494E+07,1.66632E+07,2.01312E+07,2.42455E+07,2.91063E+07,3.4821E+07,4.15095E+07,4.93044E+07,5.83444E+07,6.87685E+07,8.07071E+07,9.42735E+07,1.09556E+08,1.26608E+08,1.45447E+08,1.66058E+08,1.88386E+08,2.12342E+08,2.37801E+08,2.64613E+08,2.92607E+08,3.21597E+08,3.51393E+08,3.81803E+08,4.12637E+08,4.43711E+08,4.74851E+08,5.05898E+08,5.36711E+08,5.67168E+08,5.97165E+08,6.26614E+08,6.55439E+08,6.83582E+08,7.10995E+08,7.37643E+08,7.63499E+08,7.88546E+08,8.12772E+08,8.36174E+08,8.58752E+08,8.80865E+08,9.02617E+08,9.23624E+08,9.43821E+08,9.63205E+08,9.81708E+08,9.99402E+08,1.01633E+09,1.03248E+09,1.04785E+09,1.06239E+09,1.07613E+09,1.0891E+09,1.10139E+09,1.11302E+09,1.12407E+09,1.13459E+09,1.14466E+09,1.15429E+09,1.16352E+09,1.1723E+09,1.18061E+09,1.1885E+09,1.19608E+09,1.20333E+09,1.21021E+09,1.21681E+09,1.22328E+09,1.22964E+09,1.23573E+09,1.24151E+09,1.24708E+09,1.2526E+09,1.25807E+09,1.26345E+09,1.26875E+09,1.27407E+09,1.27954E+09,1.28507E+09,1.29045E+09,1.29562E+09,1.30037E+09,1.30468E+09,1.3089E+09,1.31307E+09,1.31714E+09,1.321E+09,1.32463E+09,1.32795E+09,1.33103E+09,1.33398E+09,1.33688E+09,1.3397E+09,1.3425E+09,1.3453E+09,1.34807E+09,1.35082E+09,1.35356E+09,1.35631E+09,1.35903E+09,1.36169E+09,1.36431E+09,1.36691E+09,1.36949E+09,1.37206E+09,1.37464E+09,1.37724E+09,1.37975E+09,1.3822E+09,1.3846E+09,1.38697E+09,1.38933E+09,1.39166E+09,1.39396E+09,1.39624E+09,1.39851E+09,1.40076E+09,1.403E+09,1.40522E+09,1.40746E+09,1.40972E+09,1.41197E+09,1.41417E+09,1.41634E+09,1.41849E+09,1.42064E+09,1.42278E+09,1.42489E+09,1.42699E+09,1.42908E+09,1.43117E+09,1.43325E+09,1.43532E+09,1.43739E+09,1.43946E+09,1.44152E+09,1.44358E+09,1.44564E+09,1.4477E+09,1.44977E+09,1.45183E+09,1.4539E+09,1.45598E+09,1.45806E+09,1.46015E+09,1.46225E+09,1.46436E+09,1.46648E+09,1.46861E+09,1.47075E+09,1.47291E+09,1.47508E+09,1.47728E+09,1.47948E+09,1.4817E+09,1.48393E+09,1.48619E+09,1.48847E+09,1.49077E+09,1.49308E+09,1.49542E+09,1.49779E+09,1.50019E+09,1.50261E+09,1.50507E+09,1.50757E+09,1.5101E+09,1.51266E+09,1.51527E+09,1.51792E+09,1.52062E+09,1.52336E+09,1.52616E+09,1.52901E+09,1.53191E+09,1.53485E+09,1.53784E+09,1.54089E+09,1.54399E+09,1.54715E+09,1.55037E+09,1.55365E+09,1.55699E+09,1.5604E+09,1.56387E+09,1.56741E+09,1.57103E+09,1.57472E+09,1.57849E+09,1.58234E+09,1.58628E+09,1.59029E+09,1.5944E+09,1.5986E+09,1.60289E+09,1.60728E+09,1.61177E+09,1.61638E+09,1.62109E+09,1.62591E+09,1.63085E+09,1.63592E+09,1.6411E+09,1.64641E+09,1.65187E+09,1.65746E+09,1.66318E+09,1.66904E+09,1.67507E+09,1.68127E+09,1.68764E+09,1.6942E+09,1.70098E+09,1.70797E+09,1.71514E+09,1.72252E+09,1.73018E+09,1.73813E+09,1.74629E+09,1.75457E+09,1.76304E+09,1.77186E+09,1.78102E+09,1.79046E+09,1.80032E+09,1.81072E+09,1.82192E+09,1.83376E+09,1.84554E+09,1.85742E+09,1.86946E+09,1.88165E+09,1.89391E+09,1.90633E+09,1.91902E+09,1.93204E+09,1.94541E+09,1.95915E+09,1.97312E+09,1.98716E+09,2.00125E+09,2.01559E+09,2.03032E+09,2.04529E+09,2.06033E+09,2.07553E+09,2.09103E+09,2.10673E+09,2.12238E+09,2.13792E+09,2.15354E+09,2.1694E+09,2.18531E+09,2.20132E+09,2.21759E+09,2.23412E+09,2.25064E+09,2.26713E+09,2.28371E+09,2.30052E+09,2.31758E+09,2.33517E+09,2.35343E+09,2.37247E+09,2.39206E+09,2.41176E+09,2.43138E+09,2.45114E+09,2.4707E+09,2.4898E+09,2.50884E+09,2.52794E+09,2.54692E+09,2.56594E+09,2.58501E+09,2.60408E+09,2.62329E+09,2.64263E+09,2.66217E+09,2.68196E+09,2.70172E+09,2.72164E+09,2.74178E+09,2.76222E+09,2.7829E+09,2.80384E+09,2.82519E+09,2.84727E+09,2.87009E+09,2.89335E+09,2.91639E+09,2.93937E+09,2.96261E+09,2.98621E+09,3.00992E+09,3.03375E+09,3.05788E+09,3.08262E+09,3.10805E+09,3.13343E+09,3.15839E+09,3.18333E+09,3.20835E+09,3.23332E+09,3.25861E+09,3.28449E+09,3.31051E+09,3.3366E+09,3.36321E+09,3.39032E+09,3.41763E+09,3.44415E+09,3.46992E+09,3.49591E+09,3.52257E+09,3.54925E+09,3.57554E+09,3.60203E+09,3.62897E+09,3.65603E+09,3.6834E+09,3.71084E+09,3.73843E+09,3.7664E+09,3.795E+09,3.82436E+09,3.85434E+09,3.88482E+09,3.91578E+09,3.94761E+09,3.97973E+09,4.01058E+09,4.04105E+09,4.07261E+09,4.10628E+09,4.14084E+09,4.17446E+09,4.20674E+09,4.23897E+09,4.27076E+09,4.30112E+09,4.32972E+09,4.35744E+09,4.3842E+09,4.41049E+09,4.43607E+09,4.46093E+09,4.48541E+09,4.50861E+09,4.53136E+09,4.55358E+09,4.57458E+09,4.59528E+09,4.61616E+09,4.63649E+09,4.65651E+09,4.67623E+09,4.69568E+09,4.71539E+09,4.73531E+09,4.75523E+09,4.77547E+09,4.79578E+09,4.81555E+09,4.835E+09,4.85406E+09,4.87256E+09,4.89035E+09,4.90793E+09,4.92564E+09,4.94361E+09,4.96107E+09,4.9781E+09,4.99512E+09,5.01215E+09,5.02906E+09,5.04559E+09,5.06181E+09,5.07802E+09,5.09407E+09,5.1096E+09,5.1247E+09,5.13942E+09,5.15409E+09,5.16857E+09,5.18275E+09,5.19698E+09,5.21132E+09,5.22585E+09,5.24026E+09,5.2545E+09,5.26869E+09,5.28284E+09,5.29644E+09,5.30949E+09,5.32222E+09,5.33476E+09,5.34721E+09,5.35964E+09,5.37205E+09,5.38454E+09,5.39731E+09,5.41046E+09,5.42391E+09,5.4374E+09,5.45045E+09,5.46318E+09,5.4756E+09,5.48812E+09,5.50056E+09,5.51229E+09,5.52365E+09,5.53499E+09,5.54638E+09,5.55821E+09,5.57025E+09,5.58227E+09,5.59496E+09,5.60783E+09,5.62035E+09,5.63252E+09,5.64406E+09,5.65489E+09,5.66556E+09,5.67609E+09,5.68632E+09,5.69641E+09,5.70623E+09,5.71578E+09,5.72546E+09,5.7351E+09,5.74467E+09,5.75426E+09,5.76378E+09,5.77339E+09,5.78332E+09,5.79321E+09,5.80275E+09,5.81185E+09,5.82052E+09,5.82907E+09,5.83753E+09,5.84594E+09,5.85415E+09,5.86235E+09,5.87063E+09,5.87901E+09,5.88741E+09,5.89567E+09,5.90363E+09,5.91152E+09,5.91946E+09,5.92735E+09,5.93521E+09,5.94301E+09,5.95085E+09,5.95884E+09,5.96684E+09,5.97458E+09,5.98235E+09,5.99018E+09,5.99801E+09,6.00583E+09,6.01368E+09,6.02162E+09,6.02972E+09,6.03799E+09,6.0463E+09,6.05462E+09,6.06312E+09,6.07192E+09,6.08104E+09,6.09042E+09,6.0999E+09,6.10943E+09,6.11892E+09,6.12835E+09,6.13767E+09,6.14707E+09,6.15688E+09,6.16676E+09,6.17659E+09,6.18642E+09,6.19631E+09,6.20667E+09,6.21783E+09,6.22887E+09,6.23991E+09,6.25101E+09,6.26215E+09,6.2742E+09,6.28703E+09,6.29869E+09,6.31048E+09,6.32224E+09,6.33391E+09,6.34553E+09,6.35663E+09,6.36767E+09,6.37988E+09,6.39216E+09,6.4045E+09,6.41706E+09,6.42957E+09,6.44201E+09,6.45414E+09,6.46609E+09,6.47843E+09,6.49117E+09,6.50408E+09,6.517E+09,6.53034E+09,6.54467E+09,6.55944E+09,6.57415E+09,6.58875E+09,6.60316E+09,6.61745E+09,6.63143E+09,6.64488E+09,6.65808E+09,6.6713E+09,6.6846E+09,6.69798E+09,6.71146E+09,6.72558E+09,6.74102E+09,6.75685E+09,6.77217E+09,6.78718E+09,6.80212E+09,6.81701E+09,6.8315E+09,6.84518E+09,6.85877E+09,6.87285E+09,6.88713E+09,6.90163E+09,6.91619E+09,6.93091E+09,6.94609E+09,6.96154E+09,6.977E+09,6.9927E+09,7.00858E+09,7.02468E+09,7.04075E+09,7.05628E+09,7.07161E+09,7.0874E+09,7.10376E+09,7.1207E+09,7.13851E+09,7.15719E+09,7.17724E+09,7.19921E+09,7.22225E+09,7.2457E+09,7.26969E+09,7.29468E+09,7.32036E+09,7.34563E+09,7.3703E+09,7.39537E+09,7.42165E+09,7.44957E+09,7.47929E+09,7.51054E+09,7.54289E+09,7.57618E+09,7.61084E+09,7.64645E+09,7.68236E+09,7.71937E+09,7.75682E+09,7.7941E+09,7.83191E+09,7.87014E+09,7.90804E+09,7.94587E+09,7.98434E+09,8.023E+09,8.06113E+09,8.09814E+09,8.13358E+09,8.16854E+09,8.20413E+09,8.23967E+09,8.27601E+09,8.31348E+09,8.34967E+09,8.38468E+09,8.41915E+09,8.45266E+09,8.48601E+09,8.51803E+09,8.54833E+09,8.57888E+09,8.60961E+09,8.64062E+09,8.67203E+09,8.70321E+09,8.73442E+09,8.76601E+09,8.79773E+09,8.82822E+09,8.85842E+09,8.88873E+09,8.91903E+09,8.94895E+09,8.97803E+09,9.00653E+09,9.03567E+09,9.06478E+09,9.09343E+09,9.12215E+09,9.15111E+09,9.18016E+09,9.20869E+09,9.23716E+09,9.26539E+09,9.29359E+09,9.32208E+09,9.35106E+09,9.3805E+09,9.41088E+09,9.44289E+09,9.47559E+09,9.50858E+09,9.54163E+09,9.5749E+09,9.60895E+09,9.64403E+09,9.67943E+09,9.71575E+09,9.75238E+09,9.78901E+09,9.82602E+09,9.8634E+09,9.90131E+09,9.93934E+09,9.97727E+09,1.00159E+10,1.00552E+10,1.00954E+10,1.01363E+10,1.01764E+10,1.02164E+10,1.02567E+10,1.0297E+10,1.03377E+10,1.03781E+10,1.04182E+10,1.04596E+10,1.05022E+10,1.05466E+10,1.05918E+10,1.06366E+10,1.06816E+10,1.07266E+10,1.0771E+10,1.08147E+10,1.08573E+10,1.08997E+10,1.09415E+10,1.09827E+10,1.10231E+10,1.10629E+10,1.11034E+10,1.11453E+10,1.11867E+10,1.12274E+10,1.1267E+10,1.13057E+10,1.13442E+10,1.13813E+10,1.14164E+10,1.14511E+10,1.14851E+10,1.15195E+10,1.15548E+10,1.15901E+10,1.16256E+10,1.16608E+10,1.1696E+10,1.17322E+10,1.17679E+10,1.18036E+10,1.18398E+10,1.18759E+10,1.19113E+10,1.1946E+10,1.19803E+10,1.20144E+10,1.20479E+10,1.20808E+10,1.21127E+10,1.21448E+10,1.21781E+10,1.22111E+10,1.22447E+10,1.22796E+10,1.2314E+10,1.23471E+10,1.2379E+10,1.24102E+10,1.24411E+10,1.24701E+10,1.24969E+10,1.25231E+10,1.25497E+10,1.25757E+10,1.2601E+10,1.26266E+10,1.26526E+10,1.26785E+10,1.27029E+10,1.27261E+10,1.27478E+10,1.27743E+10,1.28027E+10,1.28311E+10,1.28603E+10,1.28894E+10,1.29136E+10,1.29388E+10,1.29667E+10,1.29973E+10,1.30313E+10,1.30662E+10,1.31019E+10,1.31337E+10,1.31668E+10,1.32012E+10,1.32366E+10,1.3272E+10,1.33071E+10,1.33411E+10,1.33753E+10,1.34108E+10,1.34459E+10,1.34798E+10,1.35129E+10,1.35452E+10,1.35764E+10,1.36069E+10,1.36367E+10,1.36659E+10,1.36943E+10,1.37218E+10,1.37489E+10,1.37756E+10,1.38021E+10,1.38281E+10,1.38534E+10,1.38778E+10,1.3902E+10,1.3927E+10,1.39513E+10,1.39745E+10,1.39972E+10,1.40189E+10,1.40399E+10,1.40596E+10,1.40779E+10,1.40959E+10,1.41138E+10,1.41312E+10,1.41483E+10,1.41648E+10,1.41811E+10,1.41972E+10,1.42131E+10,1.42288E+10,1.4244E+10,1.42585E+10,1.42725E+10,1.42863E+10,1.42999E+10,1.43129E+10,1.43256E+10,1.43381E+10,1.43504E+10,1.43624E+10,1.43741E+10,1.43857E+10,1.43974E+10,1.44088E+10,1.442E+10,1.44308E+10,1.44414E+10,1.44518E+10,1.44623E+10,1.44729E+10,1.44833E+10,1.44936E+10,1.45037E+10,1.45136E+10,1.45234E+10,1.45331E+10,1.45426E+10,1.4552E+10,1.45614E+10,1.45706E+10,1.45796E+10,1.45885E+10,1.45975E+10,1.46068E+10,1.46164E+10,1.46262E+10,1.4636E+10,1.46456E+10,1.46552E+10,1.46646E+10,1.46736E+10,1.46823E+10,1.46908E+10,1.46994E+10,1.47081E+10,1.47169E+10,1.47257E+10,1.47346E+10,1.47437E+10,1.47529E+10,1.47622E+10,1.47717E+10,1.47814E+10,1.47913E+10,1.48015E+10,1.48118E+10,1.48222E+10,1.48329E+10,1.48437E+10,1.48549E+10,1.48662E+10,1.48778E+10,1.48897E+10,1.49019E+10,1.49144E+10,1.4927E+10,1.49399E+10,1.4953E+10,1.49665E+10,1.49802E+10,1.49942E+10,1.50085E+10,1.50231E+10,1.5038E+10,1.50532E+10,1.50688E+10,1.50844E+10,1.51004E+10,1.51167E+10,1.51333E+10,1.51505E+10,1.51682E+10,1.51858E+10,1.52034E+10,1.52204E+10,1.52369E+10,1.52529E+10,1.52681E+10,1.52825E+10,1.52964E+10,1.53101E+10,1.53233E+10,1.53359E+10,1.53481E+10,1.53597E+10,1.53707E+10,1.53812E+10,1.53907E+10,1.53993E+10,1.54084E+10,1.5417E+10,1.5425E+10,1.54327E+10,1.54399E+10,1.54466E+10,1.54529E+10,1.54588E+10,1.54642E+10,1.54693E+10,1.5474E+10,1.54782E+10,1.54822E+10,1.54858E+10,1.54893E+10,1.54927E+10,1.54962E+10,1.54997E+10,1.55032E+10,1.55065E+10,1.55099E+10,1.55135E+10,1.55171E+10,1.55206E+10,1.55241E+10,1.55276E+10,1.55311E+10,1.55346E+10,1.55382E+10,1.55418E+10,1.55454E+10,1.55489E+10,1.55525E+10,1.5556E+10,1.55595E+10,1.5563E+10,1.55666E+10,1.55701E+10,1.55736E+10,1.5577E+10,1.55805E+10,1.55839E+10,1.55873E+10,1.55907E+10,1.55941E+10,1.55974E+10,1.56006E+10,1.56039E+10,1.56072E+10,1.56105E+10,1.56137E+10,1.56169E+10,1.56201E+10,1.56232E+10,1.56263E+10,1.56294E+10,1.56325E+10,1.56355E+10,1.56386E+10,1.56415E+10,1.56445E+10,1.56475E+10,1.56505E+10,1.56535E+10,1.56564E+10,1.56593E+10,1.56623E+10,1.56652E+10,1.5668E+10,1.56708E+10,1.56734E+10,1.56763E+10,1.56792E+10,1.56821E+10,1.56849E+10,1.56877E+10,1.56906E+10,1.56933E+10,1.5696E+10,1.56988E+10,1.57016E+10,1.57044E+10,1.57071E+10,1.57099E+10,1.57124E+10,1.57148E+10,1.57176E+10,1.57204E+10,1.57232E+10,1.5726E+10,1.57286E+10,1.57311E+10,1.5734E+10,1.5737E+10,1.57399E+10,1.57428E+10,1.57456E+10,1.57485E+10,1.57511E+10,1.57539E+10,1.57568E+10,1.57596E+10,1.57624E+10,1.57653E+10,1.57682E+10,1.57711E+10,1.5774E+10,1.57769E+10,1.57798E+10,1.57827E+10,1.57857E+10,1.57887E+10,1.57916E+10,1.57946E+10,1.57976E+10,1.58006E+10,1.58036E+10,1.58066E+10,1.58096E+10,1.58127E+10,1.58157E+10,1.58188E+10,1.58218E+10,1.58249E+10
"Cost of Deaths Cumulative[Ohio]",0,0,0,0,0,0,0,0,0,0,0,0,0,0,0,0,0,0,0,0,0,0.136051,9.13834,62.352,222.551,578.429,1245.33,2368.12,4126.27,6741.47,10490,15721.9,22886.9,32567.8,45521.6,62728,85443.5,115253,154132,204515,269390,352432,458254,592766,763546,980191,1.25464E+06,1.60154E+06,2.03882E+06,2.58842E+06,3.27732E+06,4.13885E+06,5.21484E+06,6.5584E+06,8.2377E+06,1.03405E+07,1.29797E+07,1.62985E+07,2.04756E+07,2.57335E+07,3.23496E+07,4.06756E+07,5.11633E+07,6.43961E+07,8.11285E+07,1.02336E+08,1.29278E+08,1.63468E+08,2.06564E+08,2.60898E+08,3.29386E+08,4.15627E+08,5.24075E+08,6.60278E+08,8.31188E+08,1.04543E+09,1.31363E+09,1.64853E+09,2.0632E+09,2.56863E+09,3.17266E+09,3.87962E+09,4.69039E+09,5.60287E+09,6.61258E+09,7.71331E+09,8.8977E+09,1.01577E+10,1.14849E+10,1.28709E+10,1.43079E+10,1.57881E+10,1.73045E+10,1.88506E+10,2.04205E+10,2.20086E+10,2.36102E+10,2.52211E+10,2.68377E+10,2.84567E+10,3.00752E+10,3.16904E+10,3.33001E+10,3.4902E+10,3.64945E+10,3.80757E+10,3.96441E+10,4.11983E+10,4.27369E+10,4.42589E+10,4.5763E+10,4.72934E+10,4.88405E+10,5.03628E+10,5.18615E+10,5.33358E+10,5.47842E+10,5.62053E+10,5.75989E+10,5.89644E+10,6.02997E+10,6.16032E+10,6.28725E+10,6.41025E+10,6.52934E+10,6.64495E+10,6.75753E+10,6.86743E+10,6.97481E+10,7.07982E+10,7.1831E+10,7.2855E+10,7.38633E+10,7.48426E+10,7.57867E+10,7.67013E+10,7.75943E+10,7.84635E+10,7.93045E+10,8.01218E+10,8.09187E+10,8.16959E+10,8.24551E+10,8.31946E+10,8.39165E+10,8.46236E+10,8.53142E+10,8.59924E+10,8.66613E+10,8.73176E+10,8.79612E+10,8.8592E+10,8.92046E+10,8.97966E+10,9.03674E+10,9.09172E+10,9.14445E+10,9.19502E+10,9.2437E+10,9.29087E+10,9.3367E+10,9.38098E+10,9.42374E+10,9.46541E+10,9.50627E+10,9.54608E+10,9.58443E+10,9.62149E+10,9.65727E+10,9.69178E+10,9.72502E+10,9.75689E+10,9.78766E+10,9.81731E+10,9.84572E+10,9.87311E+10,9.89958E+10,9.92523E+10,9.95026E+10,9.97478E+10,9.99876E+10,1.0022E+11,1.00446E+11,1.00666E+11,1.00881E+11,1.01091E+11,1.01296E+11,1.01495E+11,1.01689E+11,1.01881E+11,1.02071E+11,1.02258E+11,1.02442E+11,1.02621E+11,1.028E+11,1.02977E+11,1.03149E+11,1.03314E+11,1.03473E+11,1.03626E+11,1.03776E+11,1.03919E+11,1.04057E+11,1.04192E+11,1.04325E+11,1.04457E+11,1.04586E+11,1.04714E+11,1.0484E+11,1.04963E+11,1.05084E+11,1.05204E+11,1.05321E+11,1.05436E+11,1.05549E+11,1.05659E+11,1.05765E+11,1.05868E+11,1.05968E+11,1.06066E+11,1.06162E+11,1.06257E+11,1.0635E+11,1.06442E+11,1.06532E+11,1.06618E+11,1.06704E+11,1.06789E+11,1.06873E+11,1.06957E+11,1.0704E+11,1.07125E+11,1.0721E+11,1.07297E+11,1.07385E+11,1.07475E+11,1.07566E+11,1.07658E+11,1.07752E+11,1.07846E+11,1.07941E+11,1.08036E+11,1.08133E+11,1.08232E+11,1.08332E+11,1.08434E+11,1.08538E+11,1.08646E+11,1.08756E+11,1.08869E+11,1.08985E+11,1.09106E+11,1.09231E+11,1.09358E+11,1.09488E+11,1.09622E+11,1.09759E+11,1.09898E+11,1.10038E+11,1.10183E+11,1.1033E+11,1.10479E+11,1.10632E+11,1.10788E+11,1.10949E+11,1.11113E+11,1.11278E+11,1.11445E+11,1.11612E+11,1.11779E+11,1.11946E+11,1.12112E+11,1.12276E+11,1.12439E+11,1.12602E+11,1.12764E+11,1.12926E+11,1.13086E+11,1.13245E+11,1.13403E+11,1.13558E+11,1.1371E+11,1.1386E+11,1.14006E+11,1.1415E+11,1.14293E+11,1.14435E+11,1.14575E+11,1.14713E+11,1.14848E+11,1.14983E+11,1.15117E+11,1.15249E+11,1.15381E+11,1.15513E+11,1.15645E+11,1.15777E+11,1.15909E+11,1.16041E+11,1.16175E+11,1.16309E+11,1.16441E+11,1.1657E+11,1.16697E+11,1.16821E+11,1.16942E+11,1.17062E+11,1.1718E+11,1.17297E+11,1.17414E+11,1.17531E+11,1.17647E+11,1.17764E+11,1.17882E+11,1.18001E+11,1.18119E+11,1.18238E+11,1.18357E+11,1.18476E+11,1.18595E+11,1.18715E+11,1.18834E+11,1.18954E+11,1.19075E+11,1.19196E+11,1.19318E+11,1.19441E+11,1.19566E+11,1.19691E+11,1.19817E+11,1.19944E+11,1.20072E+11,1.20202E+11,1.20334E+11,1.20467E+11,1.20603E+11,1.2074E+11,1.2088E+11,1.21022E+11,1.21166E+11,1.21313E+11,1.21463E+11,1.21616E+11,1.21772E+11,1.21932E+11,1.22095E+11,1.22262E+11,1.22433E+11,1.22608E+11,1.22787E+11,1.2297E+11,1.23156E+11,1.23347E+11,1.23543E+11,1.23743E+11,1.23948E+11,1.24159E+11,1.24374E+11,1.24594E+11,1.24819E+11,1.25049E+11,1.25284E+11,1.25524E+11,1.2577E+11,1.26023E+11,1.26282E+11,1.26549E+11,1.26823E+11,1.27107E+11,1.27399E+11,1.27699E+11,1.28008E+11,1.28325E+11,1.28651E+11,1.28983E+11,1.29321E+11,1.29666E+11,1.30019E+11,1.3038E+11,1.30754E+11,1.31141E+11,1.3154E+11,1.31948E+11,1.32369E+11,1.328E+11,1.33231E+11,1.33655E+11,1.34075E+11,1.34497E+11,1.34921E+11,1.35344E+11,1.35768E+11,1.36195E+11,1.36627E+11,1.37062E+11,1.37502E+11,1.37951E+11,1.38405E+11,1.38865E+11,1.39326E+11,1.39794E+11,1.40269E+11,1.40754E+11,1.41245E+11,1.4174E+11,1.42237E+11,1.42743E+11,1.43266E+11,1.43814E+11,1.44376E+11,1.44944E+11,1.45512E+11,1.46073E+11,1.46627E+11,1.47173E+11,1.47709E+11,1.48238E+11,1.48762E+11,1.49282E+11,1.49798E+11,1.50301E+11,1.50786E+11,1.51256E+11,1.51719E+11,1.52178E+11,1.52637E+11,1.53097E+11,1.53562E+11,1.5403E+11,1.54498E+11,1.54966E+11,1.55434E+11,1.55905E+11,1.56379E+11,1.56852E+11,1.57325E+11,1.57796E+11,1.58269E+11,1.58742E+11,1.59211E+11,1.59675E+11,1.60139E+11,1.60604E+11,1.61067E+11,1.61527E+11,1.61979E+11,1.62429E+11,1.62879E+11,1.6333E+11,1.6378E+11,1.6423E+11,1.64678E+11,1.65123E+11,1.6556E+11,1.65989E+11,1.66416E+11,1.66841E+11,1.67264E+11,1.67674E+11,1.68075E+11,1.6848E+11,1.68906E+11,1.69342E+11,1.69771E+11,1.70188E+11,1.70607E+11,1.71025E+11,1.71419E+11,1.71777E+11,1.72114E+11,1.72435E+11,1.72751E+11,1.73063E+11,1.73373E+11,1.73679E+11,1.73984E+11,1.74288E+11,1.74595E+11,1.74902E+11,1.75205E+11,1.75503E+11,1.75796E+11,1.76084E+11,1.76366E+11,1.76644E+11,1.76918E+11,1.77188E+11,1.77454E+11,1.77714E+11,1.77971E+11,1.78226E+11,1.78476E+11,1.78723E+11,1.78966E+11,1.79206E+11,1.79442E+11,1.79676E+11,1.79905E+11,1.80132E+11,1.80357E+11,1.80578E+11,1.80796E+11,1.81011E+11,1.81224E+11,1.81434E+11,1.81641E+11,1.81848E+11,1.82052E+11,1.82367E+11,1.83034E+11,1.83361E+11,1.83536E+11,1.83709E+11,1.83882E+11,1.84055E+11,1.84228E+11,1.84397E+11,1.84563E+11,1.84727E+11,1.84889E+11,1.8505E+11,1.85209E+11,1.85367E+11,1.85524E+11,1.85679E+11,1.85832E+11,1.85985E+11,1.86137E+11,1.86289E+11,1.8644E+11,1.86591E+11,1.86742E+11,1.86893E+11,1.87045E+11,1.87197E+11,1.8735E+11,1.87504E+11,1.8766E+11,1.87816E+11,1.87974E+11,1.88133E+11,1.88296E+11,1.88462E+11,1.88629E+11,1.88799E+11,1.88973E+11,1.89153E+11,1.89339E+11,1.89527E+11,1.89717E+11,1.89907E+11,1.90099E+11,1.90293E+11,1.90492E+11,1.90693E+11,1.90896E+11,1.91101E+11,1.91309E+11,1.91521E+11,1.91738E+11,1.91958E+11,1.92184E+11,1.92413E+11,1.92644E+11,1.92878E+11,1.93125E+11,1.93382E+11,1.93632E+11,1.93875E+11,1.94117E+11,1.9436E+11,1.94598E+11,1.94825E+11,1.95047E+11,1.95278E+11,1.95515E+11,1.95753E+11,1.95989E+11,1.96224E+11,1.96456E+11,1.96687E+11,1.96915E+11,1.97142E+11,1.97368E+11,1.97592E+11,1.97815E+11,1.9804E+11,1.98267E+11,1.98496E+11,1.98723E+11,1.98947E+11,1.99169E+11,1.99388E+11,1.99604E+11,1.99816E+11,2.00026E+11,2.00234E+11,2.0044E+11,2.00645E+11,2.0085E+11,2.01058E+11,2.01268E+11,2.01472E+11,2.01669E+11,2.01861E+11,2.02046E+11,2.02225E+11,2.02399E+11,2.02569E+11,2.02738E+11,2.02905E+11,2.03071E+11,2.03237E+11,2.03402E+11,2.03564E+11,2.03724E+11,2.03882E+11,2.04039E+11,2.04195E+11,2.04349E+11,2.04501E+11,2.04652E+11,2.04802E+11,2.04952E+11,2.051E+11,2.05247E+11,2.05395E+11,2.05545E+11,2.05698E+11,2.05854E+11,2.06012E+11,2.06175E+11,2.06344E+11,2.0652E+11,2.06706E+11,2.069E+11,2.07104E+11,2.0732E+11,2.07551E+11,2.078E+11,2.08072E+11,2.08366E+11,2.08684E+11,2.09026E+11,2.09393E+11,2.09789E+11,2.10217E+11,2.10682E+11,2.11188E+11,2.11736E+11,2.12323E+11,2.1296E+11,2.13646E+11,2.14386E+11,2.15179E+11,2.16021E+11,2.16912E+11,2.17858E+11,2.18853E+11,2.19899E+11,2.20993E+11,2.22133E+11,2.23337E+11,2.24637E+11,2.26007E+11,2.27402E+11,2.28813E+11,2.30253E+11,2.31741E+11,2.33261E+11,2.34778E+11,2.36313E+11,2.3791E+11,2.39577E+11,2.41308E+11,2.43097E+11,2.44943E+11,2.46845E+11,2.48795E+11,2.50785E+11,2.52841E+11,2.54965E+11,2.57141E+11,2.59376E+11,2.61671E+11,2.64027E+11,2.66446E+11,2.68908E+11,2.71416E+11,2.73963E+11,2.76531E+11,2.79127E+11,2.81758E+11,2.84424E+11,2.87113E+11,2.89823E+11,2.92575E+11,2.95374E+11,2.98222E+11,3.01109E+11,3.0403E+11,3.07011E+11,3.10052E+11,3.13133E+11,3.16246E+11,3.19394E+11,3.22601E+11,3.25876E+11,3.29191E+11,3.32548E+11,3.35949E+11,3.39394E+11,3.42879E+11,3.46397E+11,3.49963E+11,3.53586E+11,3.57241E+11,3.60912E+11,3.64617E+11,3.6836E+11,3.72117E+11,3.75881E+11,3.79656E+11,3.83447E+11,3.87246E+11,3.91058E+11,3.94892E+11,3.98759E+11,4.0266E+11,4.06592E+11,4.10548E+11,4.14531E+11,4.18537E+11,4.22557E+11,4.26568E+11,4.30561E+11,4.34548E+11,4.38545E+11,4.42549E+11,4.4654E+11,4.50513E+11,4.54472E+11,4.58481E+11,4.62594E+11,4.66715E+11,4.70769E+11,4.74751E+11,4.78619E+11,4.82375E+11,4.85963E+11,4.89326E+11,4.9256E+11,4.95713E+11,4.98784E+11,5.01792E+11,5.0474E+11,5.07624E+11,5.10444E+11,5.13183E+11,5.15832E+11,5.18398E+11,5.2088E+11,5.23279E+11,5.25587E+11,5.27805E+11,5.29948E+11,5.32011E+11,5.33997E+11,5.35905E+11,5.37741E+11,5.39498E+11,5.41196E+11,5.42861E+11,5.4451E+11,5.46115E+11,5.47649E+11,5.49121E+11,5.50542E+11,5.51914E+11,5.53239E+11,5.54505E+11,5.55672E+11,5.56672E+11,5.57843E+11,5.58971E+11,5.60047E+11,5.61071E+11,5.62064E+11,5.63042E+11,5.64011E+11,5.64973E+11,5.65936E+11,5.66893E+11,5.67766E+11,5.68453E+11,5.69196E+11,5.7022E+11,5.71249E+11,5.72241E+11,5.73215E+11,5.74165E+11,5.75113E+11,5.76028E+11,5.76919E+11,5.77806E+11,5.78702E+11,5.79556E+11,5.80449E+11,5.81331E+11,5.82186E+11,5.83018E+11,5.83828E+11,5.84624E+11,5.8543E+11,5.86234E+11,5.87013E+11,5.87771E+11,5.88505E+11,5.89225E+11,5.89933E+11,5.90607E+11,5.91246E+11,5.91869E+11,5.92482E+11,5.93096E+11,5.93704E+11,5.94286E+11,5.9484E+11,5.95372E+11,5.95887E+11,5.96389E+11,5.96877E+11,5.97361E+11,5.97847E+11,5.98335E+11,5.98816E+11,5.99287E+11,5.99748E+11,6.00201E+11,6.00644E+11,6.01074E+11,6.01494E+11,6.01911E+11,6.02322E+11,6.02729E+11,6.03131E+11,6.03536E+11,6.03946E+11,6.04357E+11,6.04769E+11,6.05178E+11,6.05578E+11,6.05972E+11,6.06359E+11,6.06733E+11,6.07096E+11,6.07451E+11,6.07799E+11,6.08143E+11,6.08481E+11,6.08815E+11,6.09147E+11,6.09476E+11,6.09801E+11,6.10124E+11,6.10447E+11,6.10772E+11,6.11097E+11,6.11421E+11,6.11745E+11,6.12069E+11,6.12392E+11,6.12714E+11,6.13032E+11,6.13348E+11,6.13662E+11,6.13976E+11,6.14287E+11,6.14595E+11,6.14901E+11,6.15204E+11,6.15507E+11,6.15807E+11,6.16107E+11,6.16408E+11,6.16709E+11,6.17011E+11,6.17317E+11,6.17634E+11,6.17959E+11,6.18286E+11,6.18605E+11,6.18943E+11,6.19279E+11,6.19606E+11,6.19921E+11,6.20225E+11,6.20519E+11,6.20801E+11,6.211E+11,6.21401E+11,6.21709E+11,6.22025E+11,6.2235E+11,6.2267E+11,6.22979E+11,6.23332E+11,6.23687E+11,6.24042E+11,6.24398E+11,6.24753E+11,6.25073E+11,6.25376E+11,6.25763E+11,6.2615E+11,6.26541E+11,6.26934E+11,6.2733E+11,6.27676E+11,6.28003E+11,6.28437E+11,6.28874E+11,6.29312E+11,6.29753E+11,6.30201E+11,6.30608E+11,6.30999E+11,6.3152E+11,6.32046E+11,6.32586E+11,6.33137E+11,6.33687E+11,6.3415E+11,6.34566E+11,6.35089E+11,6.35586E+11,6.36054E+11,6.36503E+11,6.36945E+11,6.37333E+11,6.3769E+11,6.38152E+11,6.38589E+11,6.39005E+11,6.39403E+11,6.39777E+11,6.40088E+11,6.40369E+11,6.40698E+11,6.41013E+11,6.41319E+11,6.41616E+11,6.41901E+11,6.42147E+11,6.4237E+11,6.42626E+11,6.42867E+11,6.43092E+11,6.43305E+11,6.43506E+11,6.43677E+11,6.43834E+11,6.44026E+11,6.44221E+11,6.44418E+11,6.44615E+11,6.44813E+11,6.44999E+11,6.45184E+11,6.45408E+11,6.45635E+11,6.45864E+11,6.46096E+11,6.46333E+11,6.46549E+11,6.46762E+11,6.47029E+11,6.47297E+11,6.47566E+11,6.47837E+11,6.48108E+11,6.48347E+11,6.48579E+11,6.48871E+11,6.4916E+11,6.49444E+11,6.49726E+11,6.50009E+11,6.50252E+11,6.5048E+11,6.50779E+11,6.51071E+11,6.51357E+11,6.51635E+11,6.51906E+11,6.52141E+11,6.5236E+11,6.52636E+11,6.52904E+11,6.53166E+11,6.53422E+11,6.53671E+11,6.53886E+11,6.54083E+11,6.54331E+11,6.54571E+11,6.54803E+11,6.55027E+11,6.55246E+11,6.55433E+11,6.55602E+11,6.55816E+11,6.56022E+11,6.5622E+11,6.56411E+11,6.56596E+11,6.56752E+11,6.56894E+11,6.57073E+11,6.57245E+11,6.57411E+11,6.5757E+11,6.57724E+11,6.57854E+11,6.57972E+11,6.58126E+11,6.58274E+11,6.5842E+11,6.58563E+11,6.58701E+11,6.58818E+11,6.58924E+11,6.59059E+11,6.59189E+11,6.59314E+11,6.59436E+11,6.59556E+11,6.59663E+11,6.59762E+11,6.59886E+11,6.60007E+11,6.60126E+11,6.60243E+11,6.60359E+11,6.60468E+11,6.60571E+11,6.60681E+11,6.60791E+11,6.60901E+11,6.61012E+11,6.61124E+11,6.61237E+11,6.6135E+11,6.61465E+11,6.61582E+11,6.61699E+11,6.61819E+11,6.6194E+11,6.62062E+11,6.62187E+11,6.62313E+11,6.62441E+11,6.62571E+11,6.62704E+11,6.62838E+11,6.62974E+11,6.63112E+11,6.63253E+11,6.63395E+11,6.63539E+11,6.63684E+11
"Cost of Deaths Cumulative[Oklahoma]",0,0,0,0,0,0,0,0,0,0,0,0,0,0,0,0,0,0,0,0,0,0,0,0,0,0,0.730974,17.5808,95.569,306.483,747.192,1540.92,2841.23,4838.57,7768.34,11920.8,17654.7,25414,35746.2,49322.3,66966,89718.1,118920,156299,204067,265020,342641,441220,566051,723687,922295,1.17215E+06,1.48627E+06,1.88116E+06,2.37791E+06,3.00377E+06,3.79364E+06,4.79173E+06,6.05358E+06,7.6484E+06,9.66329E+06,1.22112E+07,1.54403E+07,1.95443E+07,2.4775E+07,3.1461E+07,4.00299E+07,5.10175E+07,6.46361E+07,8.13172E+07,1.01768E+08,1.26796E+08,1.57367E+08,1.94665E+08,2.40153E+08,2.95616E+08,3.63099E+08,4.44895E+08,5.43526E+08,6.61693E+08,8.02342E+08,9.68541E+08,1.16336E+09,1.38977E+09,1.65048E+09,1.94788E+09,2.2905E+09,2.67656E+09,3.10103E+09,3.56486E+09,4.06693E+09,4.60535E+09,5.17751E+09,5.78028E+09,6.41014E+09,7.06326E+09,7.73603E+09,8.42403E+09,9.12292E+09,9.82939E+09,1.05391E+10,1.12486E+10,1.19551E+10,1.26547E+10,1.33463E+10,1.40265E+10,1.46935E+10,1.5345E+10,1.59795E+10,1.65959E+10,1.71929E+10,1.77695E+10,1.8326E+10,1.88606E+10,1.9374E+10,1.9866E+10,2.03348E+10,2.07825E+10,2.12086E+10,2.16141E+10,2.20001E+10,2.23646E+10,2.27069E+10,2.30317E+10,2.33383E+10,2.36259E+10,2.3897E+10,2.4154E+10,2.43942E+10,2.46172E+10,2.48253E+10,2.50182E+10,2.51988E+10,2.53692E+10,2.55301E+10,2.56829E+10,2.58278E+10,2.59646E+10,2.6094E+10,2.62168E+10,2.63322E+10,2.64416E+10,2.65458E+10,2.66449E+10,2.67394E+10,2.6831E+10,2.69186E+10,2.7001E+10,2.70779E+10,2.7151E+10,2.72206E+10,2.72877E+10,2.73524E+10,2.74147E+10,2.74748E+10,2.75335E+10,2.75907E+10,2.76464E+10,2.77006E+10,2.77528E+10,2.78033E+10,2.78525E+10,2.79002E+10,2.7946E+10,2.79903E+10,2.80339E+10,2.80766E+10,2.81181E+10,2.8158E+10,2.81961E+10,2.82331E+10,2.82693E+10,2.83043E+10,2.83384E+10,2.8372E+10,2.84055E+10,2.8439E+10,2.84722E+10,2.85048E+10,2.85365E+10,2.85672E+10,2.85964E+10,2.86242E+10,2.86512E+10,2.86776E+10,2.87041E+10,2.87305E+10,2.87567E+10,2.87835E+10,2.88105E+10,2.88372E+10,2.88636E+10,2.88902E+10,2.89178E+10,2.89471E+10,2.89769E+10,2.90077E+10,2.904E+10,2.90737E+10,2.91081E+10,2.91423E+10,2.91762E+10,2.92102E+10,2.92441E+10,2.92778E+10,2.93119E+10,2.93466E+10,2.93816E+10,2.94165E+10,2.94524E+10,2.949E+10,2.95293E+10,2.95693E+10,2.96098E+10,2.96512E+10,2.9694E+10,2.97367E+10,2.97783E+10,2.98193E+10,2.98605E+10,2.99015E+10,2.99428E+10,2.99837E+10,3.00242E+10,3.00656E+10,3.01074E+10,3.01489E+10,3.01903E+10,3.02319E+10,3.02739E+10,3.03161E+10,3.0358E+10,3.03994E+10,3.0441E+10,3.04826E+10,3.05245E+10,3.05672E+10,3.06105E+10,3.06535E+10,3.06964E+10,3.07394E+10,3.07828E+10,3.08262E+10,3.08695E+10,3.09134E+10,3.09581E+10,3.10037E+10,3.10502E+10,3.10972E+10,3.11446E+10,3.11919E+10,3.12385E+10,3.12848E+10,3.13318E+10,3.13796E+10,3.14286E+10,3.14786E+10,3.15293E+10,3.1581E+10,3.1634E+10,3.16882E+10,3.17426E+10,3.17964E+10,3.18488E+10,3.19E+10,3.19525E+10,3.20065E+10,3.20618E+10,3.21188E+10,3.21775E+10,3.22386E+10,3.23014E+10,3.23615E+10,3.24181E+10,3.24719E+10,3.25235E+10,3.25741E+10,3.26258E+10,3.26797E+10,3.27366E+10,3.27968E+10,3.28604E+10,3.29273E+10,3.29979E+10,3.3069E+10,3.31381E+10,3.32056E+10,3.32713E+10,3.33356E+10,3.33997E+10,3.34627E+10,3.35253E+10,3.35883E+10,3.36517E+10,3.37155E+10,3.37795E+10,3.38431E+10,3.39075E+10,3.39722E+10,3.4038E+10,3.41043E+10,3.41686E+10,3.42332E+10,3.42995E+10,3.4367E+10,3.44351E+10,3.45017E+10,3.45676E+10,3.46376E+10,3.47093E+10,3.47809E+10,3.48527E+10,3.49246E+10,3.49983E+10,3.50746E+10,3.51492E+10,3.52226E+10,3.52956E+10,3.53702E+10,3.54477E+10,3.55273E+10,3.56082E+10,3.56917E+10,3.57785E+10,3.58692E+10,3.59639E+10,3.60642E+10,3.61696E+10,3.62803E+10,3.63971E+10,3.65198E+10,3.66485E+10,3.67815E+10,3.69165E+10,3.70533E+10,3.71927E+10,3.73335E+10,3.74773E+10,3.76295E+10,3.77895E+10,3.79562E+10,3.81267E+10,3.82997E+10,3.84799E+10,3.86686E+10,3.88632E+10,3.90648E+10,3.92753E+10,3.94981E+10,3.97382E+10,3.99951E+10,4.02663E+10,4.05478E+10,4.08395E+10,4.11416E+10,4.14544E+10,4.17751E+10,4.21046E+10,4.24433E+10,4.27913E+10,4.31495E+10,4.35176E+10,4.38945E+10,4.4285E+10,4.46882E+10,4.5101E+10,4.5526E+10,4.59647E+10,4.6416E+10,4.68789E+10,4.73478E+10,4.78196E+10,4.82927E+10,4.87705E+10,4.92559E+10,4.97485E+10,5.02549E+10,5.07758E+10,5.13095E+10,5.18701E+10,5.24522E+10,5.30406E+10,5.36333E+10,5.42355E+10,5.48098E+10,5.53082E+10,5.58459E+10,5.63998E+10,5.69463E+10,5.75027E+10,5.80127E+10,5.84614E+10,5.88667E+10,5.92469E+10,5.9619E+10,5.99914E+10,6.03631E+10,6.07316E+10,6.10966E+10,6.14556E+10,6.18034E+10,6.21408E+10,6.24716E+10,6.27916E+10,6.3103E+10,6.34082E+10,6.37119E+10,6.40235E+10,6.43491E+10,6.46746E+10,6.49926E+10,6.53041E+10,6.56063E+10,6.58738E+10,6.61686E+10,6.64666E+10,6.67545E+10,6.70401E+10,6.73232E+10,6.75873E+10,6.78203E+10,6.80548E+10,6.82776E+10,6.84928E+10,6.87047E+10,6.89139E+10,6.91218E+10,6.93308E+10,6.95398E+10,6.97484E+10,6.99565E+10,7.01636E+10,7.03717E+10,7.0581E+10,7.07889E+10,7.09946E+10,7.11979E+10,7.13982E+10,7.15965E+10,7.17914E+10,7.19829E+10,7.21745E+10,7.2367E+10,7.25594E+10,7.27536E+10,7.29557E+10,7.31731E+10,7.34128E+10,7.36552E+10,7.39084E+10,7.41623E+10,7.44078E+10,7.46293E+10,7.48236E+10,7.49974E+10,7.51597E+10,7.53182E+10,7.54803E+10,7.56466E+10,7.58184E+10,7.59995E+10,7.61882E+10,7.63818E+10,7.65754E+10,7.67651E+10,7.69488E+10,7.71212E+10,7.72786E+10,7.74236E+10,7.75597E+10,7.76912E+10,7.78212E+10,7.79504E+10,7.80793E+10,7.82092E+10,7.83394E+10,7.84676E+10,7.85947E+10,7.87202E+10,7.88438E+10,7.89652E+10,7.90835E+10,7.91994E+10,7.93139E+10,7.94261E+10,7.95367E+10,7.96457E+10,7.97541E+10,7.98629E+10,7.99719E+10,8.00806E+10,8.01885E+10,8.02951E+10,8.04008E+10,8.05041E+10,8.06046E+10,8.07026E+10,8.07984E+10,8.08927E+10,8.09861E+10,8.10785E+10,8.11702E+10,8.12613E+10,8.13524E+10,8.14439E+10,8.15354E+10,8.16262E+10,8.17156E+10,8.18036E+10,8.18905E+10,8.19758E+10,8.2059E+10,8.21407E+10,8.22211E+10,8.23007E+10,8.23796E+10,8.2458E+10,8.25359E+10,8.26135E+10,8.26907E+10,8.27677E+10,8.28447E+10,8.29214E+10,8.29977E+10,8.3074E+10,8.31507E+10,8.32273E+10,8.33036E+10,8.33798E+10,8.34558E+10,8.35319E+10,8.36078E+10,8.36837E+10,8.37604E+10,8.38382E+10,8.39163E+10,8.39948E+10,8.4074E+10,8.41543E+10,8.42351E+10,8.43156E+10,8.4396E+10,8.44768E+10,8.45581E+10,8.46396E+10,8.47211E+10,8.48036E+10,8.48873E+10,8.49718E+10,8.50568E+10,8.51425E+10,8.52294E+10,8.53179E+10,8.54073E+10,8.54977E+10,8.55892E+10,8.56821E+10,8.57764E+10,8.58729E+10,8.59713E+10,8.60717E+10,8.61745E+10,8.62796E+10,8.63868E+10,8.64968E+10,8.66102E+10,8.67261E+10,8.68431E+10,8.69609E+10,8.70794E+10,8.71984E+10,8.73178E+10,8.74366E+10,8.75559E+10,8.7677E+10,8.78005E+10,8.7926E+10,8.80532E+10,8.81818E+10,8.83121E+10,8.8445E+10,8.85801E+10,8.87172E+10,8.8857E+10,8.90001E+10,8.91463E+10,8.92958E+10,8.94485E+10,8.96058E+10,8.97681E+10,8.99359E+10,9.01096E+10,9.02906E+10,9.0479E+10,9.06758E+10,9.08821E+10,9.10975E+10,9.13228E+10,9.15591E+10,9.18081E+10,9.20711E+10,9.23464E+10,9.26341E+10,9.2936E+10,9.32537E+10,9.35887E+10,9.39417E+10,9.43125E+10,9.47034E+10,9.51156E+10,9.55473E+10,9.59987E+10,9.64709E+10,9.69616E+10,9.74687E+10,9.79917E+10,9.85281E+10,9.90791E+10,9.96435E+10,1.00219E+11,1.00803E+11,1.01395E+11,1.0199E+11,1.02589E+11,1.03188E+11,1.03786E+11,1.04384E+11,1.0498E+11,1.05573E+11,1.06163E+11,1.06747E+11,1.07318E+11,1.07876E+11,1.08422E+11,1.08953E+11,1.09466E+11,1.09957E+11,1.10428E+11,1.10886E+11,1.11331E+11,1.11761E+11,1.12174E+11,1.12569E+11,1.12945E+11,1.13301E+11,1.13637E+11,1.13953E+11,1.1425E+11,1.14531E+11,1.148E+11,1.15053E+11,1.1529E+11,1.15514E+11,1.15726E+11,1.15929E+11,1.16124E+11,1.16311E+11,1.16491E+11,1.16665E+11,1.16836E+11,1.17003E+11,1.17166E+11,1.17327E+11,1.1749E+11,1.17653E+11,1.17811E+11,1.17962E+11,1.18108E+11,1.18247E+11,1.1838E+11,1.18502E+11,1.18619E+11,1.18734E+11,1.18849E+11,1.18961E+11,1.19071E+11,1.19178E+11,1.19282E+11,1.19384E+11,1.19485E+11,1.19583E+11,1.1968E+11,1.19775E+11,1.19868E+11,1.19959E+11,1.20049E+11,1.20137E+11,1.20224E+11,1.20309E+11,1.20392E+11,1.20474E+11,1.20555E+11,1.20634E+11,1.20714E+11,1.20792E+11,1.2087E+11,1.20947E+11,1.21023E+11,1.21099E+11,1.21175E+11,1.21251E+11,1.21328E+11,1.21406E+11,1.21484E+11,1.21562E+11,1.2164E+11,1.21718E+11,1.21796E+11,1.21875E+11,1.21954E+11,1.22034E+11,1.22114E+11,1.22195E+11,1.22277E+11,1.22359E+11,1.22445E+11,1.22533E+11,1.22623E+11,1.22716E+11,1.22811E+11,1.22909E+11,1.23008E+11,1.23109E+11,1.23212E+11,1.23317E+11,1.23425E+11,1.23535E+11,1.23649E+11,1.23767E+11,1.23891E+11,1.24021E+11,1.24157E+11,1.24299E+11,1.24446E+11,1.246E+11,1.24759E+11,1.24925E+11,1.25098E+11,1.25279E+11,1.25468E+11,1.25666E+11,1.25872E+11,1.26089E+11,1.26319E+11,1.26558E+11,1.26803E+11,1.27052E+11,1.27304E+11,1.27559E+11,1.27816E+11,1.28074E+11,1.28337E+11,1.28609E+11,1.28891E+11,1.29182E+11,1.29485E+11,1.29797E+11,1.30117E+11,1.30444E+11,1.30777E+11,1.31117E+11,1.3146E+11,1.31806E+11,1.32155E+11,1.32497E+11,1.32854E+11,1.33212E+11,1.3357E+11,1.33928E+11,1.34278E+11,1.34633E+11,1.34987E+11,1.3534E+11,1.35686E+11,1.36021E+11,1.36343E+11,1.36653E+11,1.36958E+11,1.37242E+11,1.37531E+11,1.3781E+11,1.38078E+11,1.38305E+11,1.38494E+11,1.38736E+11,1.38955E+11,1.39153E+11,1.39352E+11,1.39552E+11,1.3972E+11,1.39865E+11,1.40059E+11,1.40229E+11,1.40384E+11,1.40552E+11,1.40726E+11,1.40868E+11,1.40985E+11,1.41153E+11,1.41298E+11,1.4144E+11,1.41605E+11,1.41778E+11,1.41919E+11,1.4203E+11,1.42195E+11,1.42344E+11,1.42507E+11,1.42689E+11,1.42884E+11,1.43048E+11,1.43175E+11,1.43368E+11,1.43552E+11,1.43735E+11,1.43932E+11,1.44121E+11,1.44304E+11,1.44469E+11,1.4464E+11,1.448E+11,1.44938E+11,1.45062E+11,1.45211E+11,1.45357E+11,1.45495E+11,1.45633E+11,1.45767E+11,1.45897E+11,1.46023E+11,1.46146E+11,1.46266E+11,1.46384E+11,1.46502E+11,1.46618E+11,1.46732E+11,1.46843E+11,1.46951E+11,1.47057E+11,1.4716E+11,1.4726E+11,1.47357E+11,1.47452E+11,1.47546E+11,1.47639E+11,1.4773E+11,1.4782E+11,1.47909E+11,1.47997E+11,1.48083E+11,1.48169E+11,1.48254E+11,1.48338E+11,1.48422E+11,1.48505E+11,1.48587E+11,1.4867E+11,1.48751E+11,1.48833E+11,1.48913E+11,1.48994E+11,1.49073E+11,1.49153E+11,1.49232E+11,1.49311E+11,1.49389E+11,1.49468E+11,1.49546E+11,1.49624E+11,1.49702E+11,1.4978E+11,1.49859E+11,1.49938E+11,1.50018E+11,1.50099E+11,1.5018E+11,1.50263E+11,1.50346E+11,1.50429E+11,1.50513E+11,1.50598E+11,1.50683E+11,1.50769E+11,1.50856E+11,1.50943E+11,1.5103E+11,1.51119E+11,1.5121E+11,1.51301E+11,1.51393E+11,1.51485E+11,1.51577E+11,1.51671E+11,1.51766E+11,1.51862E+11,1.51958E+11,1.52056E+11,1.52155E+11,1.52256E+11,1.52358E+11,1.52461E+11,1.52566E+11,1.52672E+11,1.5278E+11,1.52888E+11,1.52998E+11,1.53109E+11,1.53221E+11,1.53334E+11,1.53447E+11,1.53562E+11,1.53678E+11,1.53795E+11,1.53913E+11,1.54032E+11,1.54152E+11,1.54273E+11,1.54392E+11,1.5451E+11,1.54633E+11,1.54757E+11,1.54881E+11,1.55005E+11,1.55129E+11,1.55254E+11,1.55379E+11,1.55504E+11,1.55629E+11,1.55755E+11,1.55881E+11,1.56006E+11,1.56125E+11,1.56235E+11,1.56351E+11,1.56458E+11,1.56564E+11,1.56663E+11,1.56756E+11,1.56845E+11,1.56928E+11,1.57009E+11,1.57085E+11,1.57159E+11,1.57228E+11,1.57292E+11,1.57353E+11,1.57409E+11,1.57464E+11,1.57514E+11,1.57564E+11,1.5761E+11,1.57653E+11,1.57689E+11,1.57722E+11,1.57757E+11,1.5779E+11,1.57821E+11,1.57851E+11,1.57878E+11,1.57899E+11,1.57918E+11,1.5794E+11,1.57961E+11,1.57984E+11,1.58006E+11,1.58027E+11,1.5805E+11,1.58072E+11,1.58094E+11,1.58117E+11,1.5814E+11,1.58158E+11,1.58176E+11,1.58199E+11,1.58221E+11,1.58245E+11,1.58268E+11,1.58292E+11,1.58316E+11,1.58338E+11,1.58361E+11,1.58382E+11,1.58405E+11,1.58427E+11,1.58452E+11,1.58475E+11,1.58497E+11,1.5852E+11,1.58541E+11,1.58565E+11,1.58587E+11,1.58611E+11,1.58635E+11,1.58656E+11,1.58679E+11,1.587E+11,1.58722E+11,1.58744E+11,1.58768E+11,1.58791E+11,1.58813E+11,1.58836E+11,1.58857E+11,1.5888E+11,1.58901E+11,1.58925E+11,1.58948E+11,1.58969E+11,1.58991E+11,1.59012E+11,1.59034E+11,1.59054E+11,1.59077E+11,1.59099E+11,1.59119E+11,1.5914E+11,1.5916E+11,1.59181E+11,1.59202E+11,1.59224E+11,1.59246E+11,1.59266E+11,1.59287E+11,1.59307E+11,1.59329E+11,1.5935E+11,1.59372E+11,1.59394E+11,1.59416E+11,1.59438E+11,1.5946E+11,1.59481E+11,1.59502E+11,1.59525E+11,1.59546E+11,1.59568E+11,1.59589E+11,1.5961E+11,1.59632E+11,1.59654E+11,1.59676E+11,1.59698E+11,1.5972E+11,1.59742E+11,1.59763E+11,1.59785E+11,1.59806E+11,1.59827E+11,1.59848E+11,1.59869E+11,1.5989E+11,1.59911E+11,1.59932E+11,1.59954E+11,1.59975E+11,1.59997E+11,1.60018E+11,1.6004E+11,1.60062E+11,1.60083E+11,1.60105E+11,1.60127E+11,1.60149E+11,1.60171E+11,1.60193E+11,1.60215E+11,1.60236E+11,1.60258E+11,1.6028E+11,1.60302E+11,1.60324E+11
"Cost of Deaths Cumulative[Oregon]",0,0,0,0,0,0,0,0,0,0,0,0,0,0,0,0,0,0,0,0,0,2.00132,139.43,990.468,3697.95,10121.4,23116.9,46966.6,88028.1,155717,264061,434240,698935,1.10934E+06,1.74593E+06,2.73485E+06,4.27361E+06,6.67187E+06,1.04145E+07,1.62598E+07,2.53889E+07,3.9635E+07,6.18513E+07,9.64909E+07,1.46448E+08,2.05405E+08,2.74793E+08,3.61244E+08,4.74451E+08,6.2193E+08,8.08731E+08,1.0375E+09,1.30874E+09,1.62114E+09,1.97196E+09,2.3576E+09,2.77396E+09,3.21678E+09,3.68182E+09,4.16513E+09,4.66292E+09,5.17168E+09,5.68839E+09,6.21041E+09,6.7354E+09,7.26118E+09,7.78579E+09,8.30753E+09,8.82504E+09,9.33719E+09,9.84299E+09,1.03416E+10,1.08322E+10,1.13144E+10,1.17876E+10,1.22515E+10,1.27058E+10,1.31502E+10,1.35846E+10,1.40089E+10,1.4423E+10,1.48272E+10,1.52214E+10,1.56058E+10,1.59804E+10,1.63456E+10,1.67013E+10,1.70479E+10,1.73854E+10,1.7714E+10,1.80339E+10,1.83452E+10,1.86482E+10,1.89431E+10,1.92299E+10,1.9509E+10,1.97806E+10,2.00447E+10,2.03016E+10,2.05514E+10,2.07944E+10,2.10307E+10,2.12604E+10,2.14837E+10,2.17007E+10,2.19116E+10,2.21166E+10,2.23157E+10,2.25122E+10,2.27058E+10,2.2893E+10,2.30745E+10,2.32507E+10,2.34213E+10,2.35864E+10,2.37459E+10,2.38995E+10,2.40485E+10,2.41932E+10,2.43327E+10,2.4467E+10,2.45964E+10,2.4721E+10,2.48407E+10,2.49558E+10,2.50663E+10,2.51726E+10,2.52749E+10,2.53729E+10,2.54663E+10,2.55556E+10,2.56409E+10,2.57222E+10,2.57997E+10,2.58737E+10,2.59441E+10,2.60112E+10,2.60751E+10,2.6136E+10,2.61942E+10,2.62498E+10,2.63029E+10,2.63538E+10,2.64031E+10,2.64508E+10,2.64972E+10,2.65423E+10,2.65862E+10,2.66293E+10,2.66716E+10,2.67128E+10,2.67532E+10,2.67925E+10,2.68308E+10,2.68684E+10,2.69048E+10,2.694E+10,2.69741E+10,2.70074E+10,2.70397E+10,2.70704E+10,2.70996E+10,2.71278E+10,2.7155E+10,2.7181E+10,2.72057E+10,2.72289E+10,2.72512E+10,2.72728E+10,2.72936E+10,2.73138E+10,2.73337E+10,2.73535E+10,2.73731E+10,2.7392E+10,2.74103E+10,2.74281E+10,2.74454E+10,2.74621E+10,2.74788E+10,2.74957E+10,2.75123E+10,2.75283E+10,2.75437E+10,2.75584E+10,2.75722E+10,2.7585E+10,2.75969E+10,2.76085E+10,2.76199E+10,2.76312E+10,2.76424E+10,2.76537E+10,2.7665E+10,2.76765E+10,2.7688E+10,2.76993E+10,2.77103E+10,2.77212E+10,2.77319E+10,2.77424E+10,2.77526E+10,2.77626E+10,2.77725E+10,2.77825E+10,2.77924E+10,2.78021E+10,2.78119E+10,2.78217E+10,2.78314E+10,2.78411E+10,2.78507E+10,2.78605E+10,2.78704E+10,2.78806E+10,2.78909E+10,2.79014E+10,2.79121E+10,2.79232E+10,2.79347E+10,2.79467E+10,2.79591E+10,2.79722E+10,2.79859E+10,2.80002E+10,2.80153E+10,2.8031E+10,2.80475E+10,2.80647E+10,2.8083E+10,2.81023E+10,2.81229E+10,2.81449E+10,2.81689E+10,2.81955E+10,2.82247E+10,2.82559E+10,2.82893E+10,2.83253E+10,2.83633E+10,2.84034E+10,2.84452E+10,2.84892E+10,2.85362E+10,2.85863E+10,2.86396E+10,2.86957E+10,2.87548E+10,2.88166E+10,2.88811E+10,2.8947E+10,2.90127E+10,2.90803E+10,2.91498E+10,2.92203E+10,2.92918E+10,2.93635E+10,2.94379E+10,2.9519E+10,2.9603E+10,2.96851E+10,2.97649E+10,2.98431E+10,2.99196E+10,2.99928E+10,3.00613E+10,3.01258E+10,3.01893E+10,3.02516E+10,3.03123E+10,3.03715E+10,3.04298E+10,3.04858E+10,3.05394E+10,3.05914E+10,3.06422E+10,3.06918E+10,3.07402E+10,3.07875E+10,3.08342E+10,3.08805E+10,3.09263E+10,3.0971E+10,3.10141E+10,3.10561E+10,3.1097E+10,3.11367E+10,3.11754E+10,3.12128E+10,3.12491E+10,3.12844E+10,3.13187E+10,3.13521E+10,3.13848E+10,3.1417E+10,3.14493E+10,3.14809E+10,3.15119E+10,3.15427E+10,3.15738E+10,3.16056E+10,3.16367E+10,3.16663E+10,3.16951E+10,3.17237E+10,3.17515E+10,3.1778E+10,3.18035E+10,3.18283E+10,3.18531E+10,3.18779E+10,3.19021E+10,3.19259E+10,3.19491E+10,3.19714E+10,3.19932E+10,3.20144E+10,3.20352E+10,3.20558E+10,3.20761E+10,3.20964E+10,3.21167E+10,3.21369E+10,3.21572E+10,3.21774E+10,3.21977E+10,3.22181E+10,3.22384E+10,3.22588E+10,3.22787E+10,3.22979E+10,3.23172E+10,3.23368E+10,3.23567E+10,3.23768E+10,3.23972E+10,3.24182E+10,3.24399E+10,3.24622E+10,3.24849E+10,3.25085E+10,3.2533E+10,3.25584E+10,3.25845E+10,3.26117E+10,3.26401E+10,3.26697E+10,3.27008E+10,3.27333E+10,3.27677E+10,3.28042E+10,3.28431E+10,3.28847E+10,3.29288E+10,3.29757E+10,3.30264E+10,3.30819E+10,3.31426E+10,3.32101E+10,3.32862E+10,3.33724E+10,3.34668E+10,3.35652E+10,3.36639E+10,3.3762E+10,3.38596E+10,3.39577E+10,3.40552E+10,3.41538E+10,3.42536E+10,3.43543E+10,3.44547E+10,3.45546E+10,3.46532E+10,3.47529E+10,3.48545E+10,3.49575E+10,3.50622E+10,3.51688E+10,3.52799E+10,3.53955E+10,3.55132E+10,3.56325E+10,3.57549E+10,3.58803E+10,3.6007E+10,3.61299E+10,3.62507E+10,3.63719E+10,3.64934E+10,3.6614E+10,3.67337E+10,3.6853E+10,3.69731E+10,3.70946E+10,3.72172E+10,3.73395E+10,3.74617E+10,3.75835E+10,3.77048E+10,3.78255E+10,3.79448E+10,3.80631E+10,3.81817E+10,3.8301E+10,3.84216E+10,3.85432E+10,3.86669E+10,3.87969E+10,3.89299E+10,3.90632E+10,3.91969E+10,3.93295E+10,3.94641E+10,3.96017E+10,3.97379E+10,3.98705E+10,4.00007E+10,4.0128E+10,4.02523E+10,4.0373E+10,4.04906E+10,4.0603E+10,4.07137E+10,4.08244E+10,4.09356E+10,4.10477E+10,4.11616E+10,4.12762E+10,4.13917E+10,4.15085E+10,4.16255E+10,4.17439E+10,4.18653E+10,4.19867E+10,4.21087E+10,4.22326E+10,4.23573E+10,4.2483E+10,4.26092E+10,4.27331E+10,4.28563E+10,4.29784E+10,4.30998E+10,4.32207E+10,4.33398E+10,4.34566E+10,4.35724E+10,4.36873E+10,4.38005E+10,4.39112E+10,4.402E+10,4.41288E+10,4.42375E+10,4.43462E+10,4.4457E+10,4.45721E+10,4.46913E+10,4.4813E+10,4.49352E+10,4.50582E+10,4.5183E+10,4.53048E+10,4.542E+10,4.55298E+10,4.56345E+10,4.57333E+10,4.58231E+10,4.59033E+10,4.59789E+10,4.60535E+10,4.61278E+10,4.62027E+10,4.62784E+10,4.63532E+10,4.64258E+10,4.64969E+10,4.65677E+10,4.6638E+10,4.67073E+10,4.67758E+10,4.68441E+10,4.69151E+10,4.69908E+10,4.70649E+10,4.71378E+10,4.72094E+10,4.72777E+10,4.7342E+10,4.74049E+10,4.74668E+10,4.75276E+10,4.75872E+10,4.76458E+10,4.77046E+10,4.77651E+10,4.78258E+10,4.78865E+10,4.79464E+10,4.80054E+10,4.80633E+10,4.81197E+10,4.81745E+10,4.82278E+10,4.82795E+10,4.83304E+10,4.83804E+10,4.84292E+10,4.84771E+10,4.85243E+10,4.85714E+10,4.86182E+10,4.8664E+10,4.87096E+10,4.87549E+10,4.87997E+10,4.88438E+10,4.88865E+10,4.89282E+10,4.89694E+10,4.90099E+10,4.90502E+10,4.90902E+10,4.91301E+10,4.91699E+10,4.92096E+10,4.92494E+10,4.92892E+10,4.93288E+10,4.93683E+10,4.94078E+10,4.94474E+10,4.94868E+10,4.95262E+10,4.95657E+10,4.96052E+10,4.96446E+10,4.96841E+10,4.97238E+10,4.97635E+10,4.98031E+10,4.98426E+10,4.98821E+10,4.99218E+10,4.99617E+10,5.00018E+10,5.00424E+10,5.00837E+10,5.01254E+10,5.01675E+10,5.021E+10,5.02532E+10,5.02973E+10,5.03422E+10,5.03881E+10,5.04353E+10,5.0483E+10,5.05314E+10,5.05804E+10,5.06302E+10,5.06816E+10,5.07342E+10,5.07887E+10,5.08449E+10,5.09027E+10,5.0964E+10,5.10281E+10,5.10928E+10,5.11583E+10,5.12235E+10,5.12895E+10,5.13554E+10,5.14199E+10,5.14846E+10,5.15518E+10,5.16212E+10,5.16918E+10,5.17629E+10,5.18349E+10,5.19072E+10,5.19796E+10,5.20517E+10,5.2124E+10,5.21976E+10,5.22718E+10,5.23468E+10,5.24229E+10,5.25002E+10,5.25795E+10,5.26597E+10,5.27396E+10,5.28193E+10,5.28992E+10,5.29786E+10,5.30574E+10,5.3136E+10,5.32148E+10,5.32935E+10,5.33717E+10,5.34492E+10,5.3528E+10,5.3607E+10,5.36833E+10,5.37577E+10,5.38303E+10,5.39008E+10,5.39692E+10,5.40346E+10,5.40983E+10,5.41545E+10,5.42036E+10,5.42525E+10,5.43013E+10,5.43497E+10,5.43977E+10,5.4445E+10,5.44951E+10,5.45522E+10,5.46069E+10,5.46597E+10,5.47109E+10,5.4761E+10,5.48101E+10,5.4858E+10,5.4905E+10,5.49513E+10,5.49972E+10,5.50432E+10,5.50893E+10,5.51356E+10,5.51796E+10,5.52232E+10,5.52677E+10,5.53132E+10,5.53601E+10,5.54084E+10,5.54585E+10,5.55116E+10,5.55706E+10,5.56323E+10,5.56981E+10,5.57693E+10,5.58456E+10,5.5928E+10,5.6018E+10,5.6117E+10,5.62244E+10,5.63413E+10,5.64699E+10,5.661E+10,5.67624E+10,5.69279E+10,5.71033E+10,5.72903E+10,5.74882E+10,5.76963E+10,5.79149E+10,5.81411E+10,5.83753E+10,5.86177E+10,5.88671E+10,5.91264E+10,5.93945E+10,5.96768E+10,5.99724E+10,6.02721E+10,6.05764E+10,6.08811E+10,6.11834E+10,6.14819E+10,6.17708E+10,6.20489E+10,6.23227E+10,6.25934E+10,6.2864E+10,6.3133E+10,6.33997E+10,6.36639E+10,6.39269E+10,6.41888E+10,6.4451E+10,6.47169E+10,6.49859E+10,6.52566E+10,6.55291E+10,6.58013E+10,6.60744E+10,6.63496E+10,6.66247E+10,6.69E+10,6.71776E+10,6.74582E+10,6.7742E+10,6.80284E+10,6.8318E+10,6.86099E+10,6.89052E+10,6.92031E+10,6.9501E+10,6.98046E+10,7.01145E+10,7.04193E+10,7.07179E+10,7.10217E+10,7.13317E+10,7.16481E+10,7.19672E+10,7.22919E+10,7.26308E+10,7.29824E+10,7.33342E+10,7.36893E+10,7.40528E+10,7.44267E+10,7.48034E+10,7.51836E+10,7.55731E+10,7.59719E+10,7.63792E+10,7.67915E+10,7.72086E+10,7.76314E+10,7.80609E+10,7.84962E+10,7.89444E+10,7.94009E+10,7.98618E+10,8.03283E+10,8.0806E+10,8.12978E+10,8.17998E+10,8.23061E+10,8.28195E+10,8.334E+10,8.38657E+10,8.43955E+10,8.49237E+10,8.54555E+10,8.59903E+10,8.65269E+10,8.70706E+10,8.76276E+10,8.82065E+10,8.88311E+10,8.9488E+10,9.01541E+10,9.08288E+10,9.15092E+10,9.21837E+10,9.2845E+10,9.34842E+10,9.41227E+10,9.47776E+10,9.54537E+10,9.61544E+10,9.68809E+10,9.76356E+10,9.84154E+10,9.92214E+10,1.00058E+11,1.0091E+11,1.01784E+11,1.0268E+11,1.03583E+11,1.04492E+11,1.05401E+11,1.06312E+11,1.07241E+11,1.08179E+11,1.09136E+11,1.1012E+11,1.11138E+11,1.12196E+11,1.13286E+11,1.14398E+11,1.15524E+11,1.16652E+11,1.1778E+11,1.18902E+11,1.20023E+11,1.21148E+11,1.22262E+11,1.23363E+11,1.24428E+11,1.25497E+11,1.26531E+11,1.27526E+11,1.28516E+11,1.29514E+11,1.30512E+11,1.31471E+11,1.32474E+11,1.3348E+11,1.34495E+11,1.35513E+11,1.36537E+11,1.37572E+11,1.38567E+11,1.39462E+11,1.40543E+11,1.41601E+11,1.42635E+11,1.43659E+11,1.44667E+11,1.45598E+11,1.46573E+11,1.4753E+11,1.48487E+11,1.49446E+11,1.50381E+11,1.51295E+11,1.52185E+11,1.53073E+11,1.53957E+11,1.54831E+11,1.55678E+11,1.56499E+11,1.57296E+11,1.5808E+11,1.58856E+11,1.59623E+11,1.60376E+11,1.61124E+11,1.61866E+11,1.62599E+11,1.63325E+11,1.64045E+11,1.64757E+11,1.65458E+11,1.66143E+11,1.66814E+11,1.67479E+11,1.68131E+11,1.68765E+11,1.69383E+11,1.69984E+11,1.70567E+11,1.71132E+11,1.7167E+11,1.72186E+11,1.7269E+11,1.73181E+11,1.73664E+11,1.74135E+11,1.74592E+11,1.7504E+11,1.75477E+11,1.759E+11,1.76315E+11,1.76713E+11,1.77094E+11,1.7746E+11,1.77811E+11,1.78148E+11,1.78476E+11,1.78793E+11,1.791E+11,1.79395E+11,1.7968E+11,1.7996E+11,1.8024E+11,1.80522E+11,1.80801E+11,1.81071E+11,1.81331E+11,1.81575E+11,1.81803E+11,1.82012E+11,1.82206E+11,1.82388E+11,1.8256E+11,1.82725E+11,1.82885E+11,1.83042E+11,1.83194E+11,1.83341E+11,1.83483E+11,1.83621E+11,1.83756E+11,1.83886E+11,1.84014E+11,1.84138E+11,1.84257E+11,1.84371E+11,1.8448E+11,1.84586E+11,1.84689E+11,1.84787E+11,1.8488E+11,1.8497E+11,1.85058E+11,1.85142E+11,1.85223E+11,1.85301E+11,1.85377E+11,1.8545E+11,1.8552E+11,1.85589E+11,1.85655E+11,1.8572E+11,1.85782E+11,1.85843E+11,1.85903E+11,1.8596E+11,1.86016E+11,1.8607E+11,1.86123E+11,1.86174E+11,1.86224E+11,1.86274E+11,1.86323E+11,1.8637E+11,1.86417E+11,1.86463E+11,1.86508E+11,1.86552E+11,1.86594E+11,1.86636E+11,1.86677E+11,1.86717E+11,1.86758E+11,1.86797E+11,1.86837E+11,1.86877E+11,1.86916E+11,1.86955E+11,1.86995E+11,1.87034E+11,1.87074E+11,1.87116E+11,1.87159E+11,1.87202E+11,1.87247E+11,1.87291E+11,1.87333E+11,1.87372E+11,1.87408E+11,1.87443E+11,1.87477E+11,1.87509E+11,1.8754E+11,1.87571E+11,1.87603E+11,1.87634E+11,1.87666E+11,1.87698E+11,1.8773E+11,1.87762E+11,1.87794E+11,1.87825E+11,1.87857E+11,1.87889E+11,1.87921E+11,1.87953E+11,1.87986E+11,1.88018E+11,1.88051E+11,1.88084E+11,1.88117E+11,1.88149E+11,1.88182E+11,1.88215E+11,1.88251E+11,1.88291E+11,1.88334E+11,1.88381E+11,1.88432E+11,1.88487E+11,1.88547E+11,1.88612E+11,1.88682E+11,1.88757E+11,1.88839E+11,1.88929E+11,1.89026E+11,1.89129E+11,1.89238E+11,1.89353E+11,1.89472E+11,1.89594E+11,1.89719E+11,1.89848E+11,1.89978E+11,1.90109E+11,1.90242E+11,1.90375E+11,1.90509E+11,1.90644E+11,1.90778E+11,1.9091E+11,1.91041E+11,1.9117E+11,1.91296E+11,1.91421E+11,1.91542E+11,1.91661E+11,1.91778E+11,1.91891E+11,1.92002E+11,1.92111E+11,1.92216E+11,1.92319E+11,1.92419E+11,1.92516E+11,1.92611E+11,1.92702E+11,1.92791E+11,1.92876E+11,1.92959E+11,1.93039E+11,1.93117E+11,1.93192E+11,1.93265E+11,1.93335E+11,1.93404E+11,1.9347E+11,1.93534E+11,1.93596E+11,1.93657E+11,1.93715E+11,1.93772E+11,1.93827E+11,1.9388E+11,1.93932E+11,1.93982E+11,1.9403E+11,1.94078E+11,1.94125E+11,1.94171E+11,1.94214E+11,1.94256E+11,1.94297E+11,1.94336E+11,1.94373E+11,1.94409E+11,1.94444E+11,1.94478E+11,1.94512E+11,1.94545E+11,1.94578E+11,1.94609E+11,1.9464E+11,1.94671E+11,1.947E+11,1.94728E+11,1.94758E+11,1.94786E+11,1.94813E+11,1.94841E+11,1.94868E+11,1.94894E+11,1.9492E+11,1.94946E+11,1.94972E+11,1.94998E+11,1.95023E+11,1.95049E+11,1.95074E+11,1.95099E+11,1.95125E+11,1.9515E+11,1.95175E+11,1.95201E+11,1.95226E+11,1.95252E+11,1.95278E+11,1.95304E+11,1.9533E+11,1.95357E+11,1.95384E+11,1.95412E+11
"Cost of Deaths Cumulative[Pennsylvania]",0,0,0,0,0,0,0,0,0,0,0,0,0,0,0,0,0,0,0,0,0,0,0,0,0,0,0,0,5.28493,48.6937,198.183,558.124,1275.94,2554.58,4670.98,8002.02,13059,20530.6,31339.3,46713.4,68276.4,98165.7,139213,195200,271181,373862,512037,697081,943627,1.27054E+06,1.70229E+06,2.27097E+06,3.01917E+06,4.00384E+06,5.30116E+06,7.01297E+06,9.27574E+06,1.22706E+07,1.62357E+07,2.14833E+07,2.84254E+07,3.7613E+07,4.97942E+07,6.59902E+07,8.75932E+07,1.1649E+08,1.5523E+08,2.07252E+08,2.77152E+08,3.71166E+08,4.97786E+08,6.6821E+08,8.93587E+08,1.1809E+09,1.53297E+09,1.94962E+09,2.42864E+09,2.96655E+09,3.5591E+09,4.20168E+09,4.88958E+09,5.61816E+09,6.38305E+09,7.18016E+09,8.00574E+09,8.85634E+09,9.72884E+09,1.06205E+10,1.15288E+10,1.24516E+10,1.33871E+10,1.43337E+10,1.529E+10,1.62551E+10,1.7228E+10,1.82082E+10,1.91951E+10,2.01883E+10,2.11875E+10,2.21925E+10,2.32027E+10,2.42178E+10,2.52373E+10,2.62608E+10,2.72877E+10,2.83178E+10,2.93504E+10,3.0385E+10,3.14212E+10,3.24888E+10,3.35834E+10,3.46752E+10,3.57639E+10,3.68483E+10,3.7928E+10,3.90031E+10,4.00729E+10,4.11366E+10,4.21935E+10,4.32424E+10,4.42823E+10,4.53131E+10,4.63351E+10,4.73468E+10,4.83444E+10,4.93265E+10,5.02923E+10,5.12402E+10,5.21698E+10,5.30796E+10,5.39759E+10,5.48566E+10,5.57136E+10,5.65487E+10,5.73697E+10,5.8179E+10,5.89798E+10,5.97715E+10,6.05541E+10,6.1334E+10,6.2111E+10,6.28765E+10,6.36343E+10,6.43878E+10,6.51331E+10,6.58795E+10,6.66287E+10,6.73779E+10,6.81359E+10,6.8905E+10,6.96845E+10,7.04818E+10,7.12899E+10,7.20968E+10,7.29014E+10,7.36949E+10,7.44734E+10,7.52405E+10,7.59897E+10,7.67127E+10,7.74157E+10,7.81056E+10,7.87813E+10,7.94394E+10,8.0078E+10,8.07025E+10,8.13166E+10,8.19207E+10,8.25116E+10,8.30911E+10,8.36615E+10,8.42239E+10,8.47779E+10,8.53231E+10,8.58562E+10,8.63757E+10,8.68839E+10,8.7383E+10,8.78735E+10,8.83556E+10,8.88252E+10,8.92845E+10,8.97365E+10,9.01804E+10,9.06128E+10,9.10347E+10,9.1446E+10,9.18515E+10,9.22535E+10,9.2648E+10,9.3032E+10,9.34106E+10,9.3783E+10,9.41487E+10,9.45091E+10,9.48652E+10,9.52165E+10,9.55649E+10,9.59075E+10,9.62436E+10,9.65731E+10,9.6895E+10,9.72068E+10,9.75111E+10,9.78098E+10,9.81049E+10,9.83976E+10,9.86864E+10,9.897E+10,9.92475E+10,9.95203E+10,9.97908E+10,1.00055E+11,1.00313E+11,1.00569E+11,1.00823E+11,1.01071E+11,1.01314E+11,1.01551E+11,1.01782E+11,1.02009E+11,1.02232E+11,1.0245E+11,1.02663E+11,1.02871E+11,1.03075E+11,1.03276E+11,1.03474E+11,1.03665E+11,1.03854E+11,1.0404E+11,1.04224E+11,1.04405E+11,1.04584E+11,1.04761E+11,1.04936E+11,1.05108E+11,1.05274E+11,1.05435E+11,1.05591E+11,1.05744E+11,1.05894E+11,1.06041E+11,1.06186E+11,1.06329E+11,1.06469E+11,1.06607E+11,1.06743E+11,1.06875E+11,1.07006E+11,1.07136E+11,1.07263E+11,1.07387E+11,1.07507E+11,1.07624E+11,1.07739E+11,1.07851E+11,1.07961E+11,1.0807E+11,1.08178E+11,1.08286E+11,1.08394E+11,1.08502E+11,1.0861E+11,1.08716E+11,1.08822E+11,1.08927E+11,1.09031E+11,1.09134E+11,1.09235E+11,1.09336E+11,1.09436E+11,1.09536E+11,1.09636E+11,1.09736E+11,1.09838E+11,1.09943E+11,1.10049E+11,1.10159E+11,1.10271E+11,1.10385E+11,1.10502E+11,1.1062E+11,1.10739E+11,1.1086E+11,1.10985E+11,1.1111E+11,1.11236E+11,1.11363E+11,1.11491E+11,1.1162E+11,1.11751E+11,1.11883E+11,1.12015E+11,1.1215E+11,1.12286E+11,1.12422E+11,1.12558E+11,1.12694E+11,1.12832E+11,1.12975E+11,1.13118E+11,1.13258E+11,1.13396E+11,1.13532E+11,1.13664E+11,1.13793E+11,1.13919E+11,1.14044E+11,1.14168E+11,1.14291E+11,1.14414E+11,1.14538E+11,1.14661E+11,1.14783E+11,1.14904E+11,1.15024E+11,1.15145E+11,1.15265E+11,1.15385E+11,1.15506E+11,1.15627E+11,1.15748E+11,1.15869E+11,1.15991E+11,1.16113E+11,1.16235E+11,1.16358E+11,1.1648E+11,1.16602E+11,1.16725E+11,1.16849E+11,1.16974E+11,1.171E+11,1.17228E+11,1.17359E+11,1.17492E+11,1.17628E+11,1.17767E+11,1.17909E+11,1.18054E+11,1.18203E+11,1.18355E+11,1.18509E+11,1.18665E+11,1.18823E+11,1.18983E+11,1.19145E+11,1.19307E+11,1.19473E+11,1.1964E+11,1.19811E+11,1.19986E+11,1.20164E+11,1.20345E+11,1.2053E+11,1.20719E+11,1.20912E+11,1.21108E+11,1.21308E+11,1.21513E+11,1.21724E+11,1.21941E+11,1.22164E+11,1.22394E+11,1.22632E+11,1.22878E+11,1.23134E+11,1.23398E+11,1.23674E+11,1.2396E+11,1.24258E+11,1.2457E+11,1.24895E+11,1.25235E+11,1.25589E+11,1.25959E+11,1.26346E+11,1.2675E+11,1.27176E+11,1.27623E+11,1.2809E+11,1.28574E+11,1.29068E+11,1.29568E+11,1.30069E+11,1.30567E+11,1.31067E+11,1.31569E+11,1.32074E+11,1.32584E+11,1.331E+11,1.3362E+11,1.34144E+11,1.34674E+11,1.35209E+11,1.35752E+11,1.36302E+11,1.3686E+11,1.37434E+11,1.38031E+11,1.38641E+11,1.39262E+11,1.39894E+11,1.40536E+11,1.4119E+11,1.41847E+11,1.42511E+11,1.43197E+11,1.43908E+11,1.44637E+11,1.45381E+11,1.46127E+11,1.46868E+11,1.47603E+11,1.48336E+11,1.49066E+11,1.49787E+11,1.50495E+11,1.51196E+11,1.51894E+11,1.52582E+11,1.53253E+11,1.53915E+11,1.5458E+11,1.55249E+11,1.55923E+11,1.56603E+11,1.5729E+11,1.57978E+11,1.5867E+11,1.59367E+11,1.60072E+11,1.6078E+11,1.61494E+11,1.62218E+11,1.62948E+11,1.63681E+11,1.64416E+11,1.65158E+11,1.65907E+11,1.66659E+11,1.67411E+11,1.68169E+11,1.68937E+11,1.6972E+11,1.70522E+11,1.71353E+11,1.72197E+11,1.73024E+11,1.73834E+11,1.7463E+11,1.75407E+11,1.76152E+11,1.76856E+11,1.77545E+11,1.78241E+11,1.78942E+11,1.79641E+11,1.80331E+11,1.81019E+11,1.81717E+11,1.82421E+11,1.83129E+11,1.83841E+11,1.84552E+11,1.8526E+11,1.85943E+11,1.86588E+11,1.87204E+11,1.87799E+11,1.88378E+11,1.88949E+11,1.89513E+11,1.90067E+11,1.90617E+11,1.91168E+11,1.91716E+11,1.92258E+11,1.92791E+11,1.93314E+11,1.93832E+11,1.9434E+11,1.94839E+11,1.9533E+11,1.95811E+11,1.96286E+11,1.9675E+11,1.97203E+11,1.97646E+11,1.98082E+11,1.98513E+11,1.98948E+11,1.99378E+11,1.99797E+11,2.00206E+11,2.00605E+11,2.00995E+11,2.01372E+11,2.01729E+11,2.02073E+11,2.02411E+11,2.02742E+11,2.03067E+11,2.03387E+11,2.03701E+11,2.04011E+11,2.04317E+11,2.04619E+11,2.04918E+11,2.05212E+11,2.05499E+11,2.05781E+11,2.06059E+11,2.06334E+11,2.06607E+11,2.06876E+11,2.07145E+11,2.07412E+11,2.0768E+11,2.07947E+11,2.08216E+11,2.08486E+11,2.08756E+11,2.09028E+11,2.09302E+11,2.09581E+11,2.09862E+11,2.10147E+11,2.10435E+11,2.10726E+11,2.11021E+11,2.1132E+11,2.11622E+11,2.11928E+11,2.12236E+11,2.12546E+11,2.12858E+11,2.13172E+11,2.13486E+11,2.13802E+11,2.14119E+11,2.14433E+11,2.14744E+11,2.15052E+11,2.15361E+11,2.1567E+11,2.15977E+11,2.16282E+11,2.16583E+11,2.16881E+11,2.17176E+11,2.1747E+11,2.17766E+11,2.18061E+11,2.18356E+11,2.1865E+11,2.18942E+11,2.19234E+11,2.1953E+11,2.19828E+11,2.20127E+11,2.20423E+11,2.20715E+11,2.21007E+11,2.2131E+11,2.21616E+11,2.21909E+11,2.22192E+11,2.2247E+11,2.22742E+11,2.23005E+11,2.23257E+11,2.23504E+11,2.23757E+11,2.24015E+11,2.24274E+11,2.24532E+11,2.24789E+11,2.25045E+11,2.25302E+11,2.25561E+11,2.2582E+11,2.26079E+11,2.26338E+11,2.26597E+11,2.26859E+11,2.27125E+11,2.27392E+11,2.27662E+11,2.27933E+11,2.28205E+11,2.28477E+11,2.2875E+11,2.29027E+11,2.29308E+11,2.2959E+11,2.2987E+11,2.30149E+11,2.30431E+11,2.3072E+11,2.31006E+11,2.31284E+11,2.31561E+11,2.31843E+11,2.32129E+11,2.32405E+11,2.32667E+11,2.32923E+11,2.33178E+11,2.33426E+11,2.33664E+11,2.33891E+11,2.34117E+11,2.34339E+11,2.34557E+11,2.34773E+11,2.34984E+11,2.35192E+11,2.35396E+11,2.35599E+11,2.35805E+11,2.36021E+11,2.36244E+11,2.36463E+11,2.3668E+11,2.36899E+11,2.3712E+11,2.37341E+11,2.37556E+11,2.37769E+11,2.37994E+11,2.38232E+11,2.38488E+11,2.38762E+11,2.39055E+11,2.39366E+11,2.39698E+11,2.40053E+11,2.40431E+11,2.4083E+11,2.41253E+11,2.41701E+11,2.42166E+11,2.42653E+11,2.43157E+11,2.43678E+11,2.44221E+11,2.44788E+11,2.45375E+11,2.45987E+11,2.46622E+11,2.47286E+11,2.47984E+11,2.48724E+11,2.49504E+11,2.50318E+11,2.51167E+11,2.52067E+11,2.53019E+11,2.54013E+11,2.55054E+11,2.56155E+11,2.57353E+11,2.58631E+11,2.59923E+11,2.61233E+11,2.6259E+11,2.64007E+11,2.6548E+11,2.66976E+11,2.68504E+11,2.70109E+11,2.71799E+11,2.73564E+11,2.75403E+11,2.7731E+11,2.79295E+11,2.81355E+11,2.835E+11,2.85758E+11,2.88129E+11,2.90603E+11,2.93189E+11,2.95872E+11,2.98655E+11,3.01542E+11,3.04493E+11,3.07522E+11,3.10651E+11,3.13871E+11,3.1718E+11,3.20585E+11,3.24082E+11,3.27682E+11,3.31386E+11,3.35187E+11,3.391E+11,3.43131E+11,3.47278E+11,3.51536E+11,3.55906E+11,3.60395E+11,3.64997E+11,3.69702E+11,3.74509E+11,3.79402E+11,3.84371E+11,3.89424E+11,3.94557E+11,3.99779E+11,4.05081E+11,4.10472E+11,4.15972E+11,4.21583E+11,4.27279E+11,4.33036E+11,4.38837E+11,4.44683E+11,4.50538E+11,4.56395E+11,4.62299E+11,4.68222E+11,4.74144E+11,4.80055E+11,4.85955E+11,4.91854E+11,4.9775E+11,5.03614E+11,5.09451E+11,5.1526E+11,5.2106E+11,5.26833E+11,5.32558E+11,5.38213E+11,5.43799E+11,5.49326E+11,5.54789E+11,5.6017E+11,5.65474E+11,5.70684E+11,5.75799E+11,5.80907E+11,5.86098E+11,5.91267E+11,5.96289E+11,6.01151E+11,6.05847E+11,6.10365E+11,6.146E+11,6.18477E+11,6.22117E+11,6.25588E+11,6.28908E+11,6.32097E+11,6.35155E+11,6.38076E+11,6.40879E+11,6.43563E+11,6.46137E+11,6.48599E+11,6.5095E+11,6.53203E+11,6.55371E+11,6.57443E+11,6.59418E+11,6.61288E+11,6.6306E+11,6.64739E+11,6.6632E+11,6.67809E+11,6.69222E+11,6.70587E+11,6.71918E+11,6.73197E+11,6.74416E+11,6.75584E+11,6.76704E+11,6.77771E+11,6.78785E+11,6.79736E+11,6.80624E+11,6.81463E+11,6.8226E+11,6.83019E+11,6.83749E+11,6.84447E+11,6.8512E+11,6.85783E+11,6.86446E+11,6.87109E+11,6.87772E+11,6.88441E+11,6.89129E+11,6.8983E+11,6.90497E+11,6.91154E+11,6.91851E+11,6.9254E+11,6.93211E+11,6.93851E+11,6.94473E+11,6.95086E+11,6.9569E+11,6.96296E+11,6.96911E+11,6.97535E+11,6.98165E+11,6.98796E+11,6.99422E+11,7.0004E+11,7.0065E+11,7.01255E+11,7.01857E+11,7.02452E+11,7.03038E+11,7.03614E+11,7.0418E+11,7.04746E+11,7.05313E+11,7.05874E+11,7.0643E+11,7.06981E+11,7.07526E+11,7.08072E+11,7.08615E+11,7.09143E+11,7.09655E+11,7.10154E+11,7.10647E+11,7.11143E+11,7.11658E+11,7.12196E+11,7.1274E+11,7.1329E+11,7.1384E+11,7.1438E+11,7.14903E+11,7.15396E+11,7.15864E+11,7.16329E+11,7.16796E+11,7.17264E+11,7.17736E+11,7.18212E+11,7.18694E+11,7.19191E+11,7.19704E+11,7.20227E+11,7.20758E+11,7.21289E+11,7.21815E+11,7.22334E+11,7.2284E+11,7.23336E+11,7.23826E+11,7.24314E+11,7.24803E+11,7.25298E+11,7.25799E+11,7.26308E+11,7.26824E+11,7.27345E+11,7.27871E+11,7.284E+11,7.28932E+11,7.29469E+11,7.30013E+11,7.30567E+11,7.31145E+11,7.31748E+11,7.32359E+11,7.32965E+11,7.3357E+11,7.34172E+11,7.34766E+11,7.35336E+11,7.35888E+11,7.36442E+11,7.37006E+11,7.37579E+11,7.38159E+11,7.3875E+11,7.3935E+11,7.39959E+11,7.40581E+11,7.41214E+11,7.41867E+11,7.42544E+11,7.43241E+11,7.43954E+11,7.44681E+11,7.4541E+11,7.46139E+11,7.46855E+11,7.47556E+11,7.48249E+11,7.4894E+11,7.49634E+11,7.50336E+11,7.51051E+11,7.51785E+11,7.5254E+11,7.53317E+11,7.54112E+11,7.54921E+11,7.55736E+11,7.5656E+11,7.57393E+11,7.58225E+11,7.59058E+11,7.599E+11,7.60754E+11,7.61622E+11,7.62504E+11,7.63398E+11,7.64304E+11,7.65225E+11,7.66152E+11,7.67089E+11,7.68043E+11,7.69011E+11,7.69997E+11,7.71003E+11,7.72029E+11,7.73086E+11,7.74171E+11,7.75274E+11,7.76396E+11,7.77548E+11,7.7871E+11,7.79871E+11,7.8098E+11,7.82036E+11,7.83047E+11,7.84014E+11,7.84927E+11,7.85804E+11,7.86676E+11,7.87545E+11,7.88395E+11,7.89206E+11,7.8997E+11,7.90694E+11,7.91367E+11,7.91997E+11,7.92571E+11,7.93106E+11,7.93616E+11,7.94106E+11,7.94582E+11,7.95044E+11,7.95481E+11,7.95893E+11,7.96277E+11,7.96635E+11,7.96968E+11,7.97277E+11,7.97565E+11,7.97831E+11,7.98076E+11,7.98306E+11,7.98535E+11,7.98765E+11,7.98994E+11,7.9922E+11,7.99444E+11,7.9967E+11,7.99898E+11,8.00129E+11,8.00362E+11,8.00595E+11,8.00828E+11,8.01062E+11,8.01297E+11,8.01531E+11,8.01765E+11,8.01998E+11,8.02231E+11,8.02465E+11,8.02698E+11,8.0293E+11,8.03161E+11,8.03391E+11,8.0362E+11,8.03846E+11,8.04073E+11,8.04301E+11,8.04526E+11,8.0475E+11,8.04971E+11,8.0519E+11,8.05406E+11,8.05617E+11,8.05824E+11,8.0603E+11,8.06234E+11,8.06437E+11,8.06637E+11,8.06837E+11,8.07034E+11,8.07228E+11,8.07421E+11,8.07611E+11,8.07799E+11,8.07985E+11,8.08167E+11,8.08348E+11,8.08527E+11,8.08703E+11,8.08878E+11,8.09051E+11,8.09221E+11,8.09388E+11,8.09554E+11,8.09708E+11,8.09855E+11,8.10019E+11,8.1018E+11,8.10338E+11,8.10494E+11,8.10647E+11,8.1079E+11,8.10924E+11,8.11078E+11,8.11229E+11,8.11378E+11,8.11526E+11,8.11673E+11,8.11808E+11,8.11934E+11,8.12078E+11,8.1222E+11,8.1236E+11,8.12498E+11,8.12633E+11,8.1276E+11,8.12879E+11,8.13017E+11,8.13152E+11,8.13285E+11,8.13416E+11,8.13546E+11,8.13669E+11,8.13786E+11,8.13938E+11,8.14068E+11,8.14199E+11,8.1433E+11,8.14461E+11,8.14593E+11,8.14725E+11,8.14858E+11,8.14991E+11,8.15125E+11,8.15259E+11,8.15394E+11,8.1553E+11,8.15667E+11,8.15805E+11,8.15944E+11,8.16084E+11,8.16225E+11,8.16367E+11,8.1651E+11,8.16655E+11,8.168E+11,8.16947E+11,8.17095E+11,8.17244E+11,8.17394E+11
"Cost of Deaths Cumulative[Rhode Island]",0,0,0,0,0,0,0,0,0,0,0,0,0,0,0,0,0,0,0,0,0,0,0,0,0,0,0,0,0,0,0,0,0,0,0,0,0,0,0,0,0,0,0,0,0,0,0,0,0,0,0,0,0,0,0,0,0,14.1402,125.628,492.491,1333.48,2923.06,5594.38,9748.35,15865.2,24519.5,36400.7,52335.7,73310.3,100510,135378,179666,235486,305394,392493,500546,634032,798165,998947,1.24325E+06,1.53896E+06,1.89522E+06,2.32257E+06,2.83324E+06,3.44135E+06,4.16313E+06,5.01736E+06,6.02599E+06,7.21468E+06,8.61359E+06,1.02584E+07,1.21914E+07,1.44632E+07,1.71345E+07,2.02788E+07,2.39845E+07,2.83574E+07,3.35252E+07,3.96399E+07,4.68804E+07,5.54541E+07,6.55999E+07,7.75981E+07,9.17555E+07,1.07595E+08,1.2492E+08,1.43928E+08,1.64857E+08,1.8794E+08,2.13387E+08,2.41378E+08,2.72055E+08,3.05528E+08,3.42356E+08,3.82617E+08,4.25722E+08,4.71626E+08,5.20171E+08,5.71383E+08,6.25321E+08,6.81006E+08,7.38518E+08,7.98714E+08,8.61164E+08,9.24482E+08,9.88217E+08,1.05263E+09,1.11763E+09,1.18335E+09,1.24954E+09,1.3161E+09,1.38308E+09,1.45057E+09,1.51877E+09,1.58741E+09,1.65616E+09,1.72485E+09,1.79342E+09,1.86255E+09,1.93166E+09,2.00051E+09,2.06948E+09,2.13858E+09,2.20843E+09,2.27829E+09,2.34545E+09,2.4103E+09,2.47419E+09,2.53755E+09,2.59983E+09,2.66192E+09,2.72571E+09,2.79221E+09,2.85899E+09,2.92356E+09,2.98532E+09,3.04692E+09,3.10706E+09,3.16469E+09,3.22072E+09,3.27639E+09,3.3322E+09,3.38766E+09,3.44186E+09,3.49634E+09,3.55165E+09,3.60771E+09,3.66309E+09,3.7173E+09,3.77136E+09,3.82575E+09,3.8803E+09,3.93397E+09,3.98588E+09,4.03678E+09,4.08729E+09,4.13728E+09,4.18596E+09,4.23214E+09,4.27769E+09,4.32292E+09,4.36737E+09,4.41051E+09,4.45226E+09,4.49243E+09,4.53151E+09,4.56966E+09,4.60692E+09,4.64312E+09,4.67807E+09,4.71184E+09,4.74558E+09,4.7797E+09,4.81394E+09,4.84769E+09,4.88098E+09,4.91413E+09,4.94623E+09,4.97652E+09,5.00523E+09,5.03273E+09,5.05932E+09,5.08532E+09,5.11067E+09,5.13567E+09,5.16044E+09,5.18519E+09,5.20975E+09,5.23407E+09,5.25802E+09,5.28167E+09,5.30466E+09,5.32673E+09,5.34804E+09,5.3684E+09,5.38784E+09,5.40678E+09,5.4254E+09,5.4438E+09,5.46209E+09,5.48035E+09,5.49829E+09,5.51548E+09,5.53194E+09,5.54791E+09,5.5637E+09,5.57919E+09,5.59392E+09,5.60821E+09,5.62234E+09,5.63637E+09,5.64996E+09,5.6633E+09,5.67652E+09,5.6895E+09,5.70215E+09,5.71467E+09,5.7268E+09,5.73877E+09,5.75036E+09,5.7616E+09,5.77278E+09,5.78392E+09,5.79489E+09,5.80581E+09,5.81658E+09,5.82726E+09,5.83784E+09,5.84831E+09,5.85872E+09,5.86911E+09,5.87945E+09,5.88983E+09,5.9002E+09,5.9105E+09,5.92083E+09,5.93119E+09,5.9416E+09,5.9521E+09,5.96267E+09,5.97333E+09,5.98414E+09,5.99511E+09,6.00619E+09,6.01738E+09,6.02869E+09,6.04009E+09,6.05161E+09,6.06331E+09,6.07519E+09,6.08729E+09,6.09953E+09,6.11191E+09,6.12466E+09,6.13769E+09,6.15073E+09,6.16371E+09,6.17672E+09,6.18986E+09,6.20301E+09,6.21603E+09,6.22889E+09,6.24175E+09,6.25463E+09,6.26752E+09,6.28046E+09,6.29348E+09,6.30656E+09,6.31974E+09,6.33298E+09,6.34633E+09,6.35979E+09,6.37334E+09,6.38691E+09,6.4005E+09,6.41416E+09,6.42792E+09,6.44178E+09,6.45573E+09,6.4698E+09,6.48399E+09,6.49832E+09,6.51274E+09,6.52723E+09,6.54182E+09,6.5565E+09,6.57124E+09,6.58607E+09,6.60098E+09,6.61598E+09,6.63106E+09,6.64622E+09,6.66145E+09,6.67676E+09,6.69212E+09,6.70755E+09,6.72302E+09,6.73853E+09,6.75409E+09,6.76967E+09,6.78528E+09,6.80092E+09,6.81657E+09,6.83224E+09,6.84792E+09,6.86361E+09,6.87931E+09,6.89503E+09,6.91077E+09,6.92655E+09,6.94238E+09,6.95826E+09,6.97423E+09,6.99028E+09,7.00644E+09,7.02272E+09,7.03914E+09,7.05572E+09,7.07248E+09,7.08943E+09,7.10659E+09,7.12397E+09,7.14159E+09,7.15945E+09,7.17755E+09,7.1959E+09,7.21451E+09,7.23338E+09,7.25251E+09,7.27192E+09,7.29161E+09,7.31157E+09,7.33182E+09,7.35234E+09,7.37316E+09,7.39427E+09,7.41569E+09,7.43743E+09,7.4595E+09,7.48192E+09,7.5047E+09,7.52785E+09,7.55139E+09,7.57533E+09,7.5997E+09,7.62451E+09,7.64978E+09,7.67554E+09,7.70181E+09,7.7286E+09,7.75592E+09,7.78379E+09,7.81224E+09,7.84127E+09,7.87092E+09,7.9012E+09,7.93214E+09,7.96374E+09,7.99602E+09,8.02897E+09,8.06266E+09,8.09711E+09,8.13228E+09,8.16819E+09,8.20493E+09,8.24234E+09,8.28015E+09,8.31857E+09,8.35769E+09,8.39749E+09,8.43799E+09,8.47917E+09,8.52101E+09,8.5635E+09,8.6067E+09,8.65064E+09,8.69533E+09,8.74073E+09,8.78681E+09,8.83379E+09,8.88232E+09,8.93181E+09,8.98171E+09,9.0325E+09,9.08402E+09,9.13622E+09,9.18863E+09,9.24146E+09,9.29646E+09,9.35288E+09,9.40946E+09,9.46682E+09,9.52504E+09,9.58354E+09,9.6406E+09,9.69538E+09,9.74992E+09,9.80412E+09,9.85804E+09,9.91199E+09,9.96584E+09,1.00195E+10,1.0073E+10,1.01262E+10,1.01792E+10,1.02319E+10,1.02842E+10,1.03362E+10,1.03879E+10,1.04392E+10,1.04901E+10,1.05407E+10,1.0591E+10,1.0641E+10,1.06906E+10,1.074E+10,1.07892E+10,1.08381E+10,1.08868E+10,1.09353E+10,1.09837E+10,1.10319E+10,1.10799E+10,1.11278E+10,1.11756E+10,1.12231E+10,1.12705E+10,1.13178E+10,1.13648E+10,1.14118E+10,1.14589E+10,1.15064E+10,1.15538E+10,1.16003E+10,1.16461E+10,1.16917E+10,1.17377E+10,1.17846E+10,1.18309E+10,1.18766E+10,1.19217E+10,1.19664E+10,1.20107E+10,1.2054E+10,1.20967E+10,1.21393E+10,1.21818E+10,1.22242E+10,1.22664E+10,1.23085E+10,1.23503E+10,1.2392E+10,1.24334E+10,1.24748E+10,1.25161E+10,1.25572E+10,1.25982E+10,1.26391E+10,1.26799E+10,1.27206E+10,1.27612E+10,1.28015E+10,1.28417E+10,1.28816E+10,1.29213E+10,1.29607E+10,1.29999E+10,1.30389E+10,1.30776E+10,1.31159E+10,1.3154E+10,1.31918E+10,1.32293E+10,1.32665E+10,1.33034E+10,1.334E+10,1.33764E+10,1.34124E+10,1.34482E+10,1.34837E+10,1.3519E+10,1.3554E+10,1.35887E+10,1.36232E+10,1.36574E+10,1.36913E+10,1.3725E+10,1.37584E+10,1.37916E+10,1.38246E+10,1.38572E+10,1.38896E+10,1.39218E+10,1.39536E+10,1.39852E+10,1.40165E+10,1.40475E+10,1.40782E+10,1.41086E+10,1.41388E+10,1.41686E+10,1.41982E+10,1.42275E+10,1.42565E+10,1.42852E+10,1.43136E+10,1.43417E+10,1.43696E+10,1.43972E+10,1.44245E+10,1.44515E+10,1.44783E+10,1.45048E+10,1.4531E+10,1.4557E+10,1.45827E+10,1.46082E+10,1.46334E+10,1.46583E+10,1.46831E+10,1.47075E+10,1.47318E+10,1.47559E+10,1.47797E+10,1.48033E+10,1.48267E+10,1.48502E+10,1.48735E+10,1.48967E+10,1.49196E+10,1.49423E+10,1.49649E+10,1.49876E+10,1.50102E+10,1.50327E+10,1.50549E+10,1.50771E+10,1.50991E+10,1.5121E+10,1.51431E+10,1.51654E+10,1.5188E+10,1.52108E+10,1.52335E+10,1.52564E+10,1.528E+10,1.53034E+10,1.53253E+10,1.53466E+10,1.53676E+10,1.53885E+10,1.5409E+10,1.54289E+10,1.54489E+10,1.54696E+10,1.54908E+10,1.55121E+10,1.55333E+10,1.55544E+10,1.55754E+10,1.55962E+10,1.5617E+10,1.56376E+10,1.56583E+10,1.56787E+10,1.56989E+10,1.57189E+10,1.57387E+10,1.57586E+10,1.57785E+10,1.57982E+10,1.58179E+10,1.58375E+10,1.58572E+10,1.58766E+10,1.58953E+10,1.59136E+10,1.59317E+10,1.59498E+10,1.5968E+10,1.59869E+10,1.60062E+10,1.60257E+10,1.60454E+10,1.60652E+10,1.6085E+10,1.61046E+10,1.61238E+10,1.61438E+10,1.61654E+10,1.61884E+10,1.62125E+10,1.62375E+10,1.62636E+10,1.62913E+10,1.63204E+10,1.6351E+10,1.63828E+10,1.64168E+10,1.64531E+10,1.64918E+10,1.65333E+10,1.65776E+10,1.66244E+10,1.66739E+10,1.67257E+10,1.67808E+10,1.68401E+10,1.69035E+10,1.69709E+10,1.70426E+10,1.71166E+10,1.71926E+10,1.72736E+10,1.73583E+10,1.74446E+10,1.75355E+10,1.76285E+10,1.77232E+10,1.78233E+10,1.7927E+10,1.80338E+10,1.81428E+10,1.82512E+10,1.83619E+10,1.84763E+10,1.8591E+10,1.87058E+10,1.88249E+10,1.89486E+10,1.90708E+10,1.91893E+10,1.93075E+10,1.94249E+10,1.9542E+10,1.96569E+10,1.97684E+10,1.98754E+10,1.99791E+10,2.00826E+10,2.01865E+10,2.02908E+10,2.03961E+10,2.05042E+10,2.06153E+10,2.07273E+10,2.0837E+10,2.09447E+10,2.10512E+10,2.11554E+10,2.12558E+10,2.13546E+10,2.14531E+10,2.15502E+10,2.16452E+10,2.17385E+10,2.18311E+10,2.19229E+10,2.2013E+10,2.21017E+10,2.21883E+10,2.22737E+10,2.2358E+10,2.24407E+10,2.25216E+10,2.26006E+10,2.2678E+10,2.27543E+10,2.2829E+10,2.29022E+10,2.2974E+10,2.30441E+10,2.31129E+10,2.31804E+10,2.32464E+10,2.33114E+10,2.33753E+10,2.34384E+10,2.35013E+10,2.35635E+10,2.36245E+10,2.36849E+10,2.37445E+10,2.38031E+10,2.38609E+10,2.39174E+10,2.3973E+10,2.40284E+10,2.40833E+10,2.41379E+10,2.41923E+10,2.42465E+10,2.43005E+10,2.43545E+10,2.44091E+10,2.44645E+10,2.45204E+10,2.45762E+10,2.46319E+10,2.46882E+10,2.47449E+10,2.4801E+10,2.48569E+10,2.49133E+10,2.49694E+10,2.50258E+10,2.50824E+10,2.51394E+10,2.51974E+10,2.52573E+10,2.53193E+10,2.53832E+10,2.54473E+10,2.55133E+10,2.55815E+10,2.56489E+10,2.57148E+10,2.57807E+10,2.58473E+10,2.59155E+10,2.59841E+10,2.60523E+10,2.61232E+10,2.61992E+10,2.62768E+10,2.63544E+10,2.6432E+10,2.65093E+10,2.65866E+10,2.66612E+10,2.67326E+10,2.68036E+10,2.68743E+10,2.69448E+10,2.70152E+10,2.70855E+10,2.71554E+10,2.72251E+10,2.72936E+10,2.73603E+10,2.74253E+10,2.74886E+10,2.75517E+10,2.76149E+10,2.76779E+10,2.77416E+10,2.78064E+10,2.78712E+10,2.79358E+10,2.79984E+10,2.806E+10,2.81211E+10,2.81834E+10,2.82476E+10,2.83106E+10,2.83731E+10,2.84366E+10,2.85011E+10,2.85658E+10,2.86281E+10,2.86862E+10,2.87431E+10,2.87988E+10,2.88516E+10,2.89013E+10,2.89489E+10,2.89953E+10,2.90411E+10,2.90865E+10,2.91322E+10,2.91783E+10,2.92246E+10,2.92708E+10,2.93168E+10,2.93624E+10,2.94085E+10,2.94553E+10,2.95037E+10,2.95551E+10,2.96093E+10,2.96659E+10,2.97227E+10,2.97791E+10,2.98328E+10,2.98825E+10,2.99299E+10,2.99775E+10,3.00259E+10,3.00754E+10,3.01247E+10,3.01739E+10,3.02224E+10,3.0269E+10,3.03141E+10,3.03579E+10,3.03999E+10,3.04408E+10,3.04806E+10,3.05204E+10,3.0561E+10,3.06017E+10,3.06415E+10,3.06804E+10,3.07186E+10,3.0757E+10,3.07948E+10,3.08303E+10,3.08639E+10,3.08962E+10,3.09277E+10,3.09586E+10,3.09889E+10,3.10195E+10,3.10511E+10,3.10831E+10,3.11153E+10,3.11472E+10,3.11782E+10,3.12079E+10,3.12362E+10,3.12637E+10,3.12907E+10,3.13173E+10,3.13438E+10,3.13703E+10,3.13969E+10,3.14239E+10,3.14521E+10,3.14815E+10,3.15111E+10,3.15405E+10,3.15694E+10,3.15982E+10,3.16265E+10,3.16536E+10,3.168E+10,3.1706E+10,3.17319E+10,3.17577E+10,3.17833E+10,3.18091E+10,3.18354E+10,3.18619E+10,3.18882E+10,3.19146E+10,3.19412E+10,3.19687E+10,3.19975E+10,3.20265E+10,3.20555E+10,3.20849E+10,3.21148E+10,3.21447E+10,3.21745E+10,3.22042E+10,3.22342E+10,3.22643E+10,3.22939E+10,3.23234E+10,3.23532E+10,3.2383E+10,3.24126E+10,3.2442E+10,3.24714E+10,3.25009E+10,3.25304E+10,3.25605E+10,3.25916E+10,3.26244E+10,3.26588E+10,3.26944E+10,3.27309E+10,3.27678E+10,3.28038E+10,3.28377E+10,3.28688E+10,3.28979E+10,3.29256E+10,3.29526E+10,3.29798E+10,3.30081E+10,3.30379E+10,3.3069E+10,3.31011E+10,3.31337E+10,3.31667E+10,3.31993E+10,3.32313E+10,3.32624E+10,3.32925E+10,3.33222E+10,3.33526E+10,3.33831E+10,3.34139E+10,3.34447E+10,3.34752E+10,3.3506E+10,3.35371E+10,3.35675E+10,3.35981E+10,3.36293E+10,3.36609E+10,3.36933E+10,3.37269E+10,3.37617E+10,3.3798E+10,3.38359E+10,3.3874E+10,3.39125E+10,3.39524E+10,3.39922E+10,3.403E+10,3.40659E+10,3.40992E+10,3.41307E+10,3.41607E+10,3.41884E+10,3.42147E+10,3.42413E+10,3.42686E+10,3.42961E+10,3.43228E+10,3.43476E+10,3.4371E+10,3.43933E+10,3.44137E+10,3.44319E+10,3.44483E+10,3.44637E+10,3.44789E+10,3.44941E+10,3.45094E+10,3.45241E+10,3.45381E+10,3.45514E+10,3.4564E+10,3.45759E+10,3.45872E+10,3.45979E+10,3.46079E+10,3.46172E+10,3.46259E+10,3.46346E+10,3.46434E+10,3.46522E+10,3.46609E+10,3.46696E+10,3.46786E+10,3.46881E+10,3.46978E+10,3.47075E+10,3.47174E+10,3.47277E+10,3.47383E+10,3.47491E+10,3.47599E+10,3.47709E+10,3.47821E+10,3.47935E+10,3.48049E+10,3.48163E+10,3.48278E+10,3.48392E+10,3.48507E+10,3.4862E+10,3.48733E+10,3.48845E+10,3.48959E+10,3.49071E+10,3.49182E+10,3.4929E+10,3.49397E+10,3.49502E+10,3.49604E+10,3.49703E+10,3.49801E+10,3.49899E+10,3.49995E+10,3.5009E+10,3.50184E+10,3.50277E+10,3.50367E+10,3.50455E+10,3.5054E+10,3.50625E+10,3.50707E+10,3.50788E+10,3.50867E+10,3.50945E+10,3.5102E+10,3.51092E+10,3.51167E+10,3.51242E+10,3.51314E+10,3.51386E+10,3.51457E+10,3.51526E+10,3.51591E+10,3.51662E+10,3.51731E+10,3.51798E+10,3.51865E+10,3.51931E+10,3.51994E+10,3.52054E+10,3.5212E+10,3.52186E+10,3.52253E+10,3.5232E+10,3.52385E+10,3.52447E+10,3.52507E+10,3.5257E+10,3.52633E+10,3.52695E+10,3.52756E+10,3.52819E+10,3.52879E+10,3.52938E+10,3.53001E+10,3.53064E+10,3.53128E+10,3.53191E+10,3.53254E+10,3.53316E+10,3.53379E+10,3.53445E+10,3.5351E+10,3.53576E+10,3.53643E+10,3.53709E+10,3.53776E+10,3.53844E+10,3.53912E+10,3.5398E+10,3.54049E+10,3.54119E+10,3.54189E+10,3.54259E+10,3.5433E+10,3.54401E+10,3.54473E+10,3.54546E+10,3.54619E+10,3.54692E+10,3.54766E+10,3.5484E+10,3.54915E+10,3.5499E+10,3.55065E+10,3.55141E+10
"Cost of Deaths Cumulative[South Carolina]",0,0,0,0,0,0,0,0,0,0,0,0,0,0,0,0,0,0,0,0,0,0,0,0,0,0,5.59454,76.7582,360.823,1095.27,2619.24,5398.64,10068.7,17497.6,28876.9,45859.1,70782.8,106982,159190,234076,340893,492261,705291,1.00336E+06,1.41868E+06,1.99584E+06,2.79619E+06,3.90392E+06,5.43286E+06,7.53534E+06,1.04151E+07,1.43356E+07,1.96322E+07,2.67389E+07,3.62261E+07,4.88476E+07,6.56037E+07,8.77866E+07,1.1592E+08,1.50954E+08,1.94471E+08,2.48347E+08,3.14842E+08,3.96645E+08,4.96893E+08,6.19251E+08,7.6801E+08,9.47992E+08,1.1644E+09,1.42259E+09,1.72773E+09,2.08457E+09,2.49676E+09,2.96657E+09,3.49467E+09,4.08028E+09,4.72107E+09,5.41312E+09,6.15114E+09,6.92874E+09,7.7387E+09,8.57336E+09,9.42508E+09,1.02864E+10,1.11505E+10,1.20109E+10,1.28622E+10,1.36994E+10,1.45185E+10,1.53161E+10,1.60897E+10,1.68372E+10,1.75573E+10,1.82492E+10,1.89123E+10,1.95465E+10,2.01522E+10,2.07297E+10,2.12798E+10,2.18033E+10,2.23009E+10,2.27738E+10,2.32229E+10,2.36493E+10,2.40541E+10,2.44382E+10,2.48029E+10,2.51491E+10,2.54779E+10,2.57902E+10,2.60871E+10,2.63694E+10,2.6638E+10,2.68935E+10,2.71367E+10,2.73681E+10,2.75883E+10,2.77979E+10,2.79971E+10,2.81865E+10,2.83667E+10,2.85383E+10,2.87016E+10,2.88572E+10,2.90052E+10,2.91462E+10,2.92801E+10,2.9407E+10,2.95279E+10,2.96435E+10,2.97538E+10,2.98596E+10,2.99613E+10,3.00595E+10,3.01539E+10,3.02437E+10,3.03293E+10,3.04115E+10,3.04903E+10,3.05657E+10,3.06381E+10,3.07082E+10,3.07766E+10,3.08433E+10,3.09087E+10,3.09739E+10,3.10387E+10,3.11024E+10,3.1165E+10,3.12269E+10,3.12896E+10,3.13531E+10,3.14161E+10,3.14788E+10,3.15421E+10,3.16051E+10,3.16667E+10,3.1728E+10,3.17885E+10,3.18483E+10,3.19079E+10,3.19672E+10,3.20266E+10,3.2086E+10,3.21444E+10,3.22022E+10,3.22592E+10,3.23144E+10,3.2368E+10,3.24204E+10,3.24719E+10,3.25233E+10,3.25745E+10,3.26254E+10,3.26753E+10,3.27247E+10,3.27741E+10,3.28234E+10,3.28718E+10,3.29201E+10,3.29688E+10,3.30169E+10,3.30639E+10,3.31096E+10,3.31559E+10,3.32041E+10,3.3254E+10,3.33063E+10,3.33631E+10,3.34265E+10,3.34964E+10,3.35683E+10,3.36392E+10,3.37086E+10,3.37771E+10,3.38457E+10,3.39144E+10,3.39831E+10,3.40523E+10,3.41232E+10,3.41973E+10,3.4273E+10,3.4346E+10,3.44153E+10,3.44851E+10,3.45572E+10,3.46304E+10,3.47037E+10,3.4778E+10,3.48548E+10,3.49357E+10,3.50171E+10,3.50981E+10,3.51806E+10,3.52661E+10,3.53537E+10,3.5443E+10,3.5534E+10,3.56276E+10,3.5724E+10,3.5823E+10,3.59235E+10,3.6026E+10,3.61317E+10,3.62402E+10,3.635E+10,3.64619E+10,3.65777E+10,3.66964E+10,3.68167E+10,3.69391E+10,3.70644E+10,3.71935E+10,3.73256E+10,3.74611E+10,3.76016E+10,3.77471E+10,3.78948E+10,3.80422E+10,3.81886E+10,3.83365E+10,3.84857E+10,3.86341E+10,3.87815E+10,3.89281E+10,3.90746E+10,3.92235E+10,3.93762E+10,3.9531E+10,3.96898E+10,3.98522E+10,4.00205E+10,4.01972E+10,4.03827E+10,4.05718E+10,4.07637E+10,4.09576E+10,4.11545E+10,4.13545E+10,4.15584E+10,4.1765E+10,4.19757E+10,4.2194E+10,4.24203E+10,4.26556E+10,4.28966E+10,4.31393E+10,4.33833E+10,4.36314E+10,4.38865E+10,4.41476E+10,4.4413E+10,4.46808E+10,4.49502E+10,4.52231E+10,4.54976E+10,4.57694E+10,4.60379E+10,4.63027E+10,4.65656E+10,4.68278E+10,4.70893E+10,4.73474E+10,4.76029E+10,4.78551E+10,4.81018E+10,4.83426E+10,4.85765E+10,4.88025E+10,4.90239E+10,4.92409E+10,4.94548E+10,4.96654E+10,4.98713E+10,5.00726E+10,5.02724E+10,5.04709E+10,5.06678E+10,5.08649E+10,5.10658E+10,5.12666E+10,5.1464E+10,5.16534E+10,5.18347E+10,5.20109E+10,5.21797E+10,5.23358E+10,5.24835E+10,5.26268E+10,5.27673E+10,5.29066E+10,5.30451E+10,5.3182E+10,5.33176E+10,5.34533E+10,5.35899E+10,5.37269E+10,5.38647E+10,5.40032E+10,5.41444E+10,5.42885E+10,5.44337E+10,5.45778E+10,5.47198E+10,5.48592E+10,5.49962E+10,5.51307E+10,5.52627E+10,5.5392E+10,5.55191E+10,5.56449E+10,5.57693E+10,5.58924E+10,5.60148E+10,5.61369E+10,5.62588E+10,5.63803E+10,5.65027E+10,5.66261E+10,5.67505E+10,5.6876E+10,5.70029E+10,5.71308E+10,5.72593E+10,5.73892E+10,5.75202E+10,5.76519E+10,5.77844E+10,5.7918E+10,5.80535E+10,5.81918E+10,5.8333E+10,5.84757E+10,5.86205E+10,5.87696E+10,5.89263E+10,5.90905E+10,5.92586E+10,5.94235E+10,5.95891E+10,5.97604E+10,5.99327E+10,6.01027E+10,6.02714E+10,6.04415E+10,6.06185E+10,6.08032E+10,6.09946E+10,6.11925E+10,6.13959E+10,6.16072E+10,6.18278E+10,6.20552E+10,6.22904E+10,6.25345E+10,6.27874E+10,6.30502E+10,6.33225E+10,6.36105E+10,6.39252E+10,6.42682E+10,6.4634E+10,6.50214E+10,6.54311E+10,6.58624E+10,6.62947E+10,6.67069E+10,6.71075E+10,6.7507E+10,6.79074E+10,6.831E+10,6.8715E+10,6.91241E+10,6.95411E+10,6.99598E+10,7.03786E+10,7.0803E+10,7.12342E+10,7.16681E+10,7.21018E+10,7.25322E+10,7.29553E+10,7.33674E+10,7.37625E+10,7.41409E+10,7.45089E+10,7.48716E+10,7.52352E+10,7.56075E+10,7.59865E+10,7.63628E+10,7.67189E+10,7.70594E+10,7.73934E+10,7.77214E+10,7.8045E+10,7.83631E+10,7.86775E+10,7.89939E+10,7.93099E+10,7.962E+10,7.99208E+10,8.021E+10,8.04939E+10,8.07729E+10,8.10466E+10,8.13154E+10,8.15803E+10,8.18413E+10,8.2099E+10,8.23529E+10,8.26029E+10,8.28489E+10,8.30918E+10,8.33315E+10,8.35682E+10,8.38019E+10,8.40328E+10,8.42617E+10,8.44929E+10,8.47281E+10,8.49627E+10,8.51941E+10,8.54227E+10,8.56494E+10,8.5873E+10,8.60909E+10,8.63027E+10,8.65118E+10,8.67195E+10,8.69256E+10,8.71301E+10,8.73332E+10,8.7535E+10,8.77354E+10,8.79341E+10,8.81315E+10,8.83279E+10,8.85234E+10,8.87179E+10,8.89111E+10,8.91036E+10,8.92964E+10,8.94885E+10,8.96794E+10,8.98695E+10,9.00575E+10,9.02426E+10,9.04247E+10,9.06047E+10,9.07828E+10,9.09589E+10,9.1134E+10,9.13077E+10,9.148E+10,9.1651E+10,9.18212E+10,9.19916E+10,9.21616E+10,9.23308E+10,9.2499E+10,9.2667E+10,9.28352E+10,9.30029E+10,9.31696E+10,9.33366E+10,9.35032E+10,9.36691E+10,9.38346E+10,9.40006E+10,9.41685E+10,9.43385E+10,9.45078E+10,9.46729E+10,9.48326E+10,9.49884E+10,9.51424E+10,9.52983E+10,9.54576E+10,9.5614E+10,9.57693E+10,9.59233E+10,9.60732E+10,9.62209E+10,9.63632E+10,9.65002E+10,9.66371E+10,9.67747E+10,9.69136E+10,9.70555E+10,9.71981E+10,9.73406E+10,9.74831E+10,9.76253E+10,9.77664E+10,9.79061E+10,9.8044E+10,9.81803E+10,9.83164E+10,9.84532E+10,9.85897E+10,9.87266E+10,9.88648E+10,9.90049E+10,9.91473E+10,9.92903E+10,9.94343E+10,9.95806E+10,9.97279E+10,9.98765E+10,1.00027E+11,1.0018E+11,1.00336E+11,1.00496E+11,1.00657E+11,1.00819E+11,1.00982E+11,1.01148E+11,1.01317E+11,1.01491E+11,1.01668E+11,1.01847E+11,1.02028E+11,1.0221E+11,1.02401E+11,1.0261E+11,1.02826E+11,1.03043E+11,1.03261E+11,1.03476E+11,1.03692E+11,1.03899E+11,1.04097E+11,1.04295E+11,1.04497E+11,1.04704E+11,1.04916E+11,1.0513E+11,1.05348E+11,1.05568E+11,1.05793E+11,1.06022E+11,1.06254E+11,1.06489E+11,1.06727E+11,1.06978E+11,1.0724E+11,1.07505E+11,1.07771E+11,1.08032E+11,1.08286E+11,1.08533E+11,1.08768E+11,1.09E+11,1.09236E+11,1.09472E+11,1.09716E+11,1.09965E+11,1.10217E+11,1.10476E+11,1.10742E+11,1.11012E+11,1.11286E+11,1.11557E+11,1.11833E+11,1.12114E+11,1.12396E+11,1.12679E+11,1.12964E+11,1.13256E+11,1.13554E+11,1.13852E+11,1.14153E+11,1.14458E+11,1.14769E+11,1.15082E+11,1.15402E+11,1.15731E+11,1.16072E+11,1.16423E+11,1.16791E+11,1.1717E+11,1.17557E+11,1.17946E+11,1.18339E+11,1.18738E+11,1.19141E+11,1.19547E+11,1.19962E+11,1.20393E+11,1.20841E+11,1.21304E+11,1.21785E+11,1.22281E+11,1.22795E+11,1.23322E+11,1.2386E+11,1.24408E+11,1.24968E+11,1.25545E+11,1.2614E+11,1.26748E+11,1.27365E+11,1.27994E+11,1.28627E+11,1.29249E+11,1.29874E+11,1.30521E+11,1.31184E+11,1.31854E+11,1.32528E+11,1.33206E+11,1.33904E+11,1.34618E+11,1.3533E+11,1.36028E+11,1.36707E+11,1.37367E+11,1.38013E+11,1.38651E+11,1.39276E+11,1.39888E+11,1.40479E+11,1.41046E+11,1.41593E+11,1.42121E+11,1.4263E+11,1.43125E+11,1.43607E+11,1.44078E+11,1.44537E+11,1.4498E+11,1.45408E+11,1.45825E+11,1.46232E+11,1.46631E+11,1.4702E+11,1.474E+11,1.47774E+11,1.48143E+11,1.48507E+11,1.48866E+11,1.49221E+11,1.49574E+11,1.49928E+11,1.5028E+11,1.50628E+11,1.50971E+11,1.51309E+11,1.51641E+11,1.51963E+11,1.52276E+11,1.52586E+11,1.52892E+11,1.53197E+11,1.53498E+11,1.53793E+11,1.54086E+11,1.54376E+11,1.54667E+11,1.54957E+11,1.55245E+11,1.55532E+11,1.55817E+11,1.56099E+11,1.56378E+11,1.56653E+11,1.56924E+11,1.5719E+11,1.57451E+11,1.57707E+11,1.5796E+11,1.58209E+11,1.58457E+11,1.58705E+11,1.58953E+11,1.592E+11,1.59448E+11,1.59698E+11,1.5995E+11,1.602E+11,1.60449E+11,1.60698E+11,1.60947E+11,1.61198E+11,1.61449E+11,1.61705E+11,1.6197E+11,1.62241E+11,1.62517E+11,1.62797E+11,1.63081E+11,1.63384E+11,1.63716E+11,1.64053E+11,1.64405E+11,1.64772E+11,1.65142E+11,1.6551E+11,1.65861E+11,1.66211E+11,1.66598E+11,1.66979E+11,1.67351E+11,1.67733E+11,1.68125E+11,1.68521E+11,1.68904E+11,1.69274E+11,1.69664E+11,1.70078E+11,1.70511E+11,1.70963E+11,1.71437E+11,1.71932E+11,1.72448E+11,1.72982E+11,1.73536E+11,1.74117E+11,1.74724E+11,1.75363E+11,1.76044E+11,1.76781E+11,1.77596E+11,1.78465E+11,1.79343E+11,1.80215E+11,1.81067E+11,1.81878E+11,1.82644E+11,1.8337E+11,1.84075E+11,1.84781E+11,1.8551E+11,1.86275E+11,1.87056E+11,1.87837E+11,1.88603E+11,1.89352E+11,1.90076E+11,1.90764E+11,1.91416E+11,1.92052E+11,1.92676E+11,1.93284E+11,1.93871E+11,1.94435E+11,1.94975E+11,1.95492E+11,1.95986E+11,1.96456E+11,1.96904E+11,1.97344E+11,1.9778E+11,1.98205E+11,1.98634E+11,1.99085E+11,1.99545E+11,1.99978E+11,2.00377E+11,2.00741E+11,2.01076E+11,2.01391E+11,2.01669E+11,2.01929E+11,2.0218E+11,2.02428E+11,2.02673E+11,2.0292E+11,2.03161E+11,2.03391E+11,2.03619E+11,2.03848E+11,2.04077E+11,2.04309E+11,2.04546E+11,2.04794E+11,2.05054E+11,2.05306E+11,2.0555E+11,2.05799E+11,2.0605E+11,2.06302E+11,2.0656E+11,2.06829E+11,2.07133E+11,2.07482E+11,2.07845E+11,2.08217E+11,2.0859E+11,2.08959E+11,2.09326E+11,2.09695E+11,2.10073E+11,2.10454E+11,2.10835E+11,2.11214E+11,2.11599E+11,2.12008E+11,2.12445E+11,2.12876E+11,2.13292E+11,2.13701E+11,2.14101E+11,2.14488E+11,2.14848E+11,2.15182E+11,2.1552E+11,2.15865E+11,2.1621E+11,2.16551E+11,2.16896E+11,2.17247E+11,2.176E+11,2.17955E+11,2.18309E+11,2.18659E+11,2.18997E+11,2.1932E+11,2.19636E+11,2.1995E+11,2.2026E+11,2.20565E+11,2.20866E+11,2.21168E+11,2.21478E+11,2.21796E+11,2.22117E+11,2.22442E+11,2.22766E+11,2.23083E+11,2.23391E+11,2.23691E+11,2.23977E+11,2.2425E+11,2.24512E+11,2.24768E+11,2.2502E+11,2.25269E+11,2.25516E+11,2.25764E+11,2.26013E+11,2.26261E+11,2.26506E+11,2.26748E+11,2.26984E+11,2.27212E+11,2.27436E+11,2.27655E+11,2.27873E+11,2.2809E+11,2.28305E+11,2.28518E+11,2.28733E+11,2.2895E+11,2.29167E+11,2.29381E+11,2.29591E+11,2.29799E+11,2.30005E+11,2.30207E+11,2.30407E+11,2.30607E+11,2.30808E+11,2.31008E+11,2.31207E+11,2.31408E+11,2.31611E+11,2.31818E+11,2.32025E+11,2.32229E+11,2.32432E+11,2.32634E+11,2.32833E+11,2.33029E+11,2.33221E+11,2.33412E+11,2.33607E+11,2.33803E+11,2.33999E+11,2.34195E+11,2.34393E+11,2.34594E+11,2.34798E+11,2.35002E+11,2.35206E+11,2.3541E+11,2.35613E+11,2.35815E+11,2.36015E+11,2.36214E+11,2.36413E+11,2.36612E+11,2.36811E+11,2.37011E+11,2.37211E+11,2.37409E+11,2.37605E+11,2.37801E+11,2.37998E+11,2.38198E+11,2.384E+11,2.38603E+11,2.38809E+11,2.39019E+11,2.39234E+11,2.39454E+11,2.39676E+11,2.39899E+11,2.40128E+11,2.40361E+11,2.4059E+11,2.40808E+11,2.41014E+11,2.4121E+11,2.414E+11,2.41587E+11,2.41774E+11,2.4196E+11,2.42136E+11,2.42298E+11,2.42454E+11,2.42601E+11,2.42739E+11,2.42867E+11,2.42982E+11,2.4309E+11,2.43191E+11,2.43289E+11,2.43385E+11,2.43478E+11,2.43568E+11,2.43654E+11,2.43734E+11,2.43809E+11,2.43879E+11,2.43946E+11,2.44008E+11,2.44067E+11,2.44122E+11,2.44174E+11,2.44223E+11,2.44271E+11,2.4432E+11,2.44368E+11,2.44415E+11,2.44462E+11,2.44509E+11,2.44557E+11,2.44605E+11,2.44655E+11,2.44704E+11,2.44754E+11,2.44804E+11,2.44855E+11,2.44907E+11,2.44958E+11,2.45011E+11,2.45064E+11,2.45116E+11,2.45169E+11,2.45221E+11,2.45274E+11,2.45327E+11,2.45379E+11,2.45432E+11,2.45485E+11,2.45539E+11,2.45591E+11,2.45644E+11,2.45696E+11,2.45748E+11,2.45799E+11,2.45849E+11,2.459E+11,2.45952E+11,2.46003E+11,2.46054E+11,2.46105E+11,2.46155E+11,2.46205E+11,2.46253E+11,2.46301E+11,2.46348E+11,2.46394E+11,2.4644E+11,2.46485E+11,2.46531E+11,2.46577E+11,2.46623E+11,2.46668E+11,2.46712E+11,2.46756E+11,2.468E+11,2.46843E+11,2.46886E+11,2.46928E+11,2.4697E+11,2.4701E+11,2.47051E+11,2.47089E+11,2.47127E+11,2.47164E+11,2.47202E+11,2.4724E+11,2.47279E+11,2.47317E+11,2.47356E+11,2.47396E+11,2.47435E+11,2.47474E+11,2.47513E+11,2.47552E+11,2.4759E+11,2.47628E+11,2.47666E+11,2.47705E+11,2.47744E+11,2.47782E+11,2.47821E+11,2.4786E+11,2.47898E+11,2.47937E+11,2.47977E+11,2.48016E+11,2.4806E+11,2.48097E+11,2.48134E+11,2.48172E+11,2.4821E+11,2.48248E+11,2.48286E+11,2.48325E+11,2.48364E+11,2.48403E+11,2.48442E+11,2.48481E+11,2.48521E+11,2.4856E+11,2.486E+11,2.4864E+11,2.48681E+11,2.48721E+11,2.48762E+11,2.48803E+11,2.48844E+11,2.48885E+11,2.48927E+11,2.48968E+11,2.4901E+11,2.49053E+11
"Cost of Deaths Cumulative[South Dakota]",0,0,0,0,0,0,0,0,0,0,0,0,0,0,0,0,0,0,0,0,0,0,0,0,0,0,0,0,0,0,0,0,0,0,0,0,0,0,0,0,0,0,0,0,0.357662,23.7,159.273,559.159,1427.59,3015.94,5622.71,9597.68,15352,23373,34244.3,48669.3,67491.6,91697.1,122421,160990,208996,268418,341746,432105,543400,680485,849326,1.05717E+06,1.31279E+06,1.62673E+06,2.01151E+06,2.48199E+06,3.05584E+06,3.7541E+06,4.60159E+06,5.62715E+06,6.86357E+06,8.34747E+06,1.01198E+07,1.2227E+07,1.47216E+07,1.76644E+07,2.11256E+07,2.51872E+07,2.99464E+07,3.5519E+07,4.20426E+07,4.96809E+07,5.86315E+07,6.88606E+07,7.95581E+07,9.06852E+07,1.02273E+08,1.14351E+08,1.26941E+08,1.40075E+08,1.53812E+08,1.68229E+08,1.834E+08,1.99354E+08,2.16096E+08,2.33671E+08,2.52149E+08,2.71649E+08,2.92285E+08,3.14133E+08,3.37244E+08,3.61666E+08,3.87427E+08,4.14555E+08,4.43056E+08,4.72905E+08,5.04043E+08,5.36524E+08,5.71327E+08,6.08606E+08,6.4826E+08,6.90156E+08,7.3468E+08,7.81482E+08,8.30123E+08,8.80341E+08,9.31865E+08,9.84507E+08,1.03806E+09,1.09231E+09,1.14714E+09,1.20227E+09,1.25758E+09,1.31301E+09,1.36817E+09,1.42279E+09,1.47731E+09,1.53133E+09,1.58455E+09,1.63722E+09,1.68888E+09,1.73951E+09,1.78912E+09,1.83852E+09,1.88664E+09,1.93269E+09,1.97758E+09,2.02199E+09,2.0651E+09,2.10651E+09,2.14655E+09,2.18527E+09,2.22211E+09,2.25797E+09,2.29199E+09,2.32497E+09,2.35638E+09,2.38527E+09,2.41456E+09,2.44805E+09,2.47648E+09,2.50482E+09,2.53221E+09,2.56077E+09,2.58942E+09,2.61566E+09,2.64017E+09,2.6644E+09,2.68791E+09,2.71081E+09,2.73494E+09,2.75852E+09,2.7802E+09,2.8011E+09,2.82087E+09,2.84028E+09,2.85985E+09,2.87951E+09,2.89834E+09,2.91594E+09,2.93177E+09,2.94517E+09,2.95723E+09,2.96869E+09,2.97965E+09,2.99004E+09,2.99991E+09,3.00952E+09,3.01922E+09,3.02949E+09,3.04006E+09,3.05075E+09,3.06156E+09,3.07231E+09,3.08291E+09,3.0931E+09,3.10273E+09,3.11217E+09,3.12157E+09,3.1308E+09,3.13966E+09,3.14802E+09,3.15617E+09,3.16413E+09,3.17172E+09,3.17892E+09,3.18586E+09,3.19277E+09,3.19973E+09,3.20668E+09,3.21368E+09,3.22074E+09,3.22798E+09,3.23588E+09,3.24458E+09,3.25399E+09,3.2647E+09,3.2759E+09,3.28692E+09,3.29725E+09,3.30671E+09,3.31535E+09,3.32335E+09,3.33078E+09,3.3381E+09,3.34584E+09,3.35388E+09,3.362E+09,3.37017E+09,3.37809E+09,3.38571E+09,3.39304E+09,3.40015E+09,3.40712E+09,3.41407E+09,3.4209E+09,3.42763E+09,3.43444E+09,3.44141E+09,3.44849E+09,3.45568E+09,3.46276E+09,3.46959E+09,3.47633E+09,3.48294E+09,3.4895E+09,3.49589E+09,3.50202E+09,3.50813E+09,3.51439E+09,3.52082E+09,3.52741E+09,3.53405E+09,3.54071E+09,3.54756E+09,3.55455E+09,3.56141E+09,3.56806E+09,3.57475E+09,3.58167E+09,3.58887E+09,3.5962E+09,3.6036E+09,3.61126E+09,3.61928E+09,3.62751E+09,3.63583E+09,3.64417E+09,3.65271E+09,3.66155E+09,3.67069E+09,3.68009E+09,3.68957E+09,3.69901E+09,3.70852E+09,3.71821E+09,3.72805E+09,3.73777E+09,3.74741E+09,3.75703E+09,3.76666E+09,3.77635E+09,3.78609E+09,3.79559E+09,3.80483E+09,3.8142E+09,3.82366E+09,3.83335E+09,3.84321E+09,3.85299E+09,3.86277E+09,3.8727E+09,3.88274E+09,3.89279E+09,3.90261E+09,3.91246E+09,3.92264E+09,3.93322E+09,3.94406E+09,3.95477E+09,3.96538E+09,3.97611E+09,3.98732E+09,3.99912E+09,4.01153E+09,4.02484E+09,4.03944E+09,4.05468E+09,4.06946E+09,4.08326E+09,4.09612E+09,4.10819E+09,4.11952E+09,4.13039E+09,4.14125E+09,4.15237E+09,4.16394E+09,4.1758E+09,4.18776E+09,4.1999E+09,4.21226E+09,4.225E+09,4.23833E+09,4.25186E+09,4.26568E+09,4.27999E+09,4.2947E+09,4.30956E+09,4.32452E+09,4.33986E+09,4.35606E+09,4.37288E+09,4.38991E+09,4.40715E+09,4.42495E+09,4.44389E+09,4.46331E+09,4.48325E+09,4.5045E+09,4.52756E+09,4.55322E+09,4.58196E+09,4.61182E+09,4.6416E+09,4.67155E+09,4.70203E+09,4.73272E+09,4.76301E+09,4.79303E+09,4.82382E+09,4.85745E+09,4.89315E+09,4.92992E+09,4.96799E+09,5.00831E+09,5.05108E+09,5.09578E+09,5.14143E+09,5.18961E+09,5.23936E+09,5.29075E+09,5.34376E+09,5.39855E+09,5.45555E+09,5.51336E+09,5.56962E+09,5.62653E+09,5.68595E+09,5.74793E+09,5.80917E+09,5.8683E+09,5.93191E+09,5.99878E+09,6.07063E+09,6.13868E+09,6.20421E+09,6.26857E+09,6.33008E+09,6.38963E+09,6.44823E+09,6.50796E+09,6.56981E+09,6.63326E+09,6.69798E+09,6.76358E+09,6.82545E+09,6.89858E+09,6.97173E+09,7.04312E+09,7.1105E+09,7.17121E+09,7.23324E+09,7.29339E+09,7.35242E+09,7.41035E+09,7.46793E+09,7.52519E+09,7.58195E+09,7.6383E+09,7.69358E+09,7.74788E+09,7.80151E+09,7.85428E+09,7.90726E+09,7.96049E+09,8.01295E+09,8.06481E+09,8.11608E+09,8.16659E+09,8.21699E+09,8.26834E+09,8.32108E+09,8.37501E+09,8.42846E+09,8.48064E+09,8.53191E+09,8.58242E+09,8.63058E+09,8.67623E+09,8.7211E+09,8.76526E+09,8.80657E+09,8.84909E+09,8.8915E+09,8.93308E+09,8.97442E+09,9.01462E+09,9.05441E+09,9.09389E+09,9.13268E+09,9.17142E+09,9.21051E+09,9.24968E+09,9.28898E+09,9.32853E+09,9.36834E+09,9.40914E+09,9.45039E+09,9.49167E+09,9.53281E+09,9.57379E+09,9.61471E+09,9.65545E+09,9.69567E+09,9.7359E+09,9.77694E+09,9.81844E+09,9.85989E+09,9.90076E+09,9.94125E+09,9.9816E+09,1.00215E+10,1.00606E+10,1.0099E+10,1.01371E+10,1.01751E+10,1.02126E+10,1.02501E+10,1.02877E+10,1.03254E+10,1.03632E+10,1.04009E+10,1.04386E+10,1.04761E+10,1.05133E+10,1.05505E+10,1.05879E+10,1.06252E+10,1.06621E+10,1.06985E+10,1.07345E+10,1.077E+10,1.08053E+10,1.08403E+10,1.08749E+10,1.09094E+10,1.09437E+10,1.09776E+10,1.10111E+10,1.10437E+10,1.10747E+10,1.1105E+10,1.1135E+10,1.11647E+10,1.1194E+10,1.12229E+10,1.12519E+10,1.12816E+10,1.13109E+10,1.134E+10,1.13691E+10,1.1398E+10,1.14266E+10,1.14542E+10,1.14808E+10,1.15066E+10,1.15316E+10,1.15561E+10,1.158E+10,1.16037E+10,1.16278E+10,1.16518E+10,1.16755E+10,1.16989E+10,1.17222E+10,1.17451E+10,1.17674E+10,1.1789E+10,1.18104E+10,1.18318E+10,1.18532E+10,1.18746E+10,1.18958E+10,1.19167E+10,1.19371E+10,1.1957E+10,1.19766E+10,1.19959E+10,1.20149E+10,1.20335E+10,1.2052E+10,1.20705E+10,1.20891E+10,1.21078E+10,1.21264E+10,1.21449E+10,1.21632E+10,1.21814E+10,1.21993E+10,1.22169E+10,1.22345E+10,1.22518E+10,1.2269E+10,1.22861E+10,1.23032E+10,1.23201E+10,1.2337E+10,1.23539E+10,1.23708E+10,1.23876E+10,1.24043E+10,1.24212E+10,1.24382E+10,1.24554E+10,1.24725E+10,1.24895E+10,1.25063E+10,1.2523E+10,1.25397E+10,1.25564E+10,1.25732E+10,1.25898E+10,1.26062E+10,1.26223E+10,1.26386E+10,1.26549E+10,1.2671E+10,1.26871E+10,1.27031E+10,1.27191E+10,1.27349E+10,1.27507E+10,1.27665E+10,1.27825E+10,1.27987E+10,1.2815E+10,1.28313E+10,1.28475E+10,1.28641E+10,1.28811E+10,1.28978E+10,1.29142E+10,1.29305E+10,1.29468E+10,1.29629E+10,1.29788E+10,1.29943E+10,1.30098E+10,1.30254E+10,1.30411E+10,1.30569E+10,1.30725E+10,1.3088E+10,1.31035E+10,1.31192E+10,1.31348E+10,1.31502E+10,1.31655E+10,1.31808E+10,1.31959E+10,1.32109E+10,1.32258E+10,1.32407E+10,1.32557E+10,1.32705E+10,1.32852E+10,1.32999E+10,1.33146E+10,1.33292E+10,1.33437E+10,1.33581E+10,1.33727E+10,1.33872E+10,1.34018E+10,1.34168E+10,1.34318E+10,1.34469E+10,1.34621E+10,1.34773E+10,1.34928E+10,1.35083E+10,1.35238E+10,1.35397E+10,1.35563E+10,1.35734E+10,1.35913E+10,1.36101E+10,1.36299E+10,1.36508E+10,1.36728E+10,1.3696E+10,1.37205E+10,1.37467E+10,1.37748E+10,1.38046E+10,1.38365E+10,1.38709E+10,1.3908E+10,1.39481E+10,1.39916E+10,1.40386E+10,1.40896E+10,1.41446E+10,1.42039E+10,1.42678E+10,1.43362E+10,1.44087E+10,1.44851E+10,1.45657E+10,1.46503E+10,1.4738E+10,1.48283E+10,1.49218E+10,1.50186E+10,1.51185E+10,1.52203E+10,1.53226E+10,1.54257E+10,1.55287E+10,1.56309E+10,1.57323E+10,1.5834E+10,1.5935E+10,1.60349E+10,1.61335E+10,1.62305E+10,1.63262E+10,1.64208E+10,1.65136E+10,1.66042E+10,1.6692E+10,1.67769E+10,1.68592E+10,1.69398E+10,1.70181E+10,1.70943E+10,1.71701E+10,1.7246E+10,1.7319E+10,1.73885E+10,1.74544E+10,1.75176E+10,1.75784E+10,1.76363E+10,1.76904E+10,1.77429E+10,1.77944E+10,1.78447E+10,1.78939E+10,1.79417E+10,1.79878E+10,1.80326E+10,1.80766E+10,1.81193E+10,1.81607E+10,1.82008E+10,1.82397E+10,1.82775E+10,1.83142E+10,1.83497E+10,1.83841E+10,1.84175E+10,1.84495E+10,1.84804E+10,1.85104E+10,1.85396E+10,1.8568E+10,1.85956E+10,1.86225E+10,1.86494E+10,1.86759E+10,1.87022E+10,1.87286E+10,1.87549E+10,1.87812E+10,1.88067E+10,1.88322E+10,1.88576E+10,1.88828E+10,1.89077E+10,1.89327E+10,1.89575E+10,1.89826E+10,1.90078E+10,1.90328E+10,1.90577E+10,1.90824E+10,1.91068E+10,1.91311E+10,1.91555E+10,1.91802E+10,1.92054E+10,1.92312E+10,1.92574E+10,1.92838E+10,1.9311E+10,1.93385E+10,1.93664E+10,1.93949E+10,1.94239E+10,1.94537E+10,1.94846E+10,1.9517E+10,1.95508E+10,1.95858E+10,1.96218E+10,1.96588E+10,1.96971E+10,1.97368E+10,1.97777E+10,1.98199E+10,1.98637E+10,1.99091E+10,1.99559E+10,2.00042E+10,2.00539E+10,2.01052E+10,2.01595E+10,2.0215E+10,2.02711E+10,2.03276E+10,2.03847E+10,2.04396E+10,2.04911E+10,2.05505E+10,2.06107E+10,2.06726E+10,2.07362E+10,2.0802E+10,2.08696E+10,2.09382E+10,2.10086E+10,2.10806E+10,2.11542E+10,2.12285E+10,2.13032E+10,2.13784E+10,2.14544E+10,2.15314E+10,2.16067E+10,2.16804E+10,2.17529E+10,2.18239E+10,2.18932E+10,2.19604E+10,2.2026E+10,2.20915E+10,2.21561E+10,2.22185E+10,2.22777E+10,2.23336E+10,2.23866E+10,2.24392E+10,2.24903E+10,2.25399E+10,2.25883E+10,2.26356E+10,2.26757E+10,2.27067E+10,2.27435E+10,2.2782E+10,2.28254E+10,2.2868E+10,2.29087E+10,2.29404E+10,2.29669E+10,2.29996E+10,2.30326E+10,2.30713E+10,2.31131E+10,2.31551E+10,2.31957E+10,2.32206E+10,2.32443E+10,2.32807E+10,2.33256E+10,2.33723E+10,2.34168E+10,2.34496E+10,2.34823E+10,2.3524E+10,2.35665E+10,2.36122E+10,2.36572E+10,2.37009E+10,2.37357E+10,2.37694E+10,2.38113E+10,2.38527E+10,2.38929E+10,2.39318E+10,2.39697E+10,2.40063E+10,2.40412E+10,2.40752E+10,2.4109E+10,2.41419E+10,2.41739E+10,2.42051E+10,2.42356E+10,2.42656E+10,2.42949E+10,2.43237E+10,2.43519E+10,2.43796E+10,2.44072E+10,2.44343E+10,2.4461E+10,2.4487E+10,2.45126E+10,2.45376E+10,2.45621E+10,2.45857E+10,2.4609E+10,2.46319E+10,2.46544E+10,2.46766E+10,2.46985E+10,2.472E+10,2.47412E+10,2.47623E+10,2.47831E+10,2.48036E+10,2.48237E+10,2.48435E+10,2.48628E+10,2.48818E+10,2.49004E+10,2.49188E+10,2.49372E+10,2.49553E+10,2.49731E+10,2.49908E+10,2.50085E+10,2.5026E+10,2.50434E+10,2.50607E+10,2.50779E+10,2.5095E+10,2.51119E+10,2.51288E+10,2.51456E+10,2.51623E+10,2.51788E+10,2.51953E+10,2.52118E+10,2.52282E+10,2.52446E+10,2.5261E+10,2.52774E+10,2.52939E+10,2.53103E+10,2.53266E+10,2.53429E+10,2.53592E+10,2.53756E+10,2.5392E+10,2.54083E+10,2.54247E+10,2.54413E+10,2.54579E+10,2.54746E+10,2.54913E+10,2.55082E+10,2.55253E+10,2.55424E+10,2.55596E+10,2.5577E+10,2.55945E+10,2.56121E+10,2.56299E+10,2.56477E+10,2.56658E+10,2.56841E+10,2.57026E+10,2.57212E+10,2.57401E+10,2.57589E+10,2.57776E+10,2.57972E+10,2.58169E+10,2.58369E+10,2.58571E+10,2.58776E+10,2.58979E+10,2.5918E+10,2.59396E+10,2.59614E+10,2.59834E+10,2.60055E+10,2.60278E+10,2.60497E+10,2.60713E+10,2.60945E+10,2.61179E+10,2.61415E+10,2.61652E+10,2.61891E+10,2.62121E+10,2.62346E+10,2.62596E+10,2.62847E+10,2.63101E+10,2.63358E+10,2.63616E+10,2.63859E+10,2.64086E+10,2.64332E+10,2.64567E+10,2.64791E+10,2.65003E+10,2.65208E+10,2.65386E+10,2.65551E+10,2.65741E+10,2.65922E+10,2.66094E+10,2.66257E+10,2.66412E+10,2.66545E+10,2.66667E+10,2.66805E+10,2.66934E+10,2.67056E+10,2.67171E+10,2.67278E+10,2.67371E+10,2.67454E+10,2.67546E+10,2.67632E+10,2.67711E+10,2.67785E+10,2.67853E+10,2.67908E+10,2.67957E+10,2.68015E+10,2.68072E+10,2.68129E+10,2.68186E+10,2.68243E+10,2.68294E+10,2.68343E+10,2.68404E+10,2.68464E+10,2.68523E+10,2.68583E+10,2.68642E+10,2.68692E+10,2.68741E+10,2.68805E+10,2.68868E+10,2.6893E+10,2.68992E+10,2.69053E+10,2.69104E+10,2.69153E+10,2.69217E+10,2.6928E+10,2.69341E+10,2.69401E+10,2.69461E+10,2.69512E+10,2.69559E+10,2.69621E+10,2.69682E+10,2.69741E+10,2.698E+10,2.69857E+10,2.69904E+10,2.69949E+10,2.70008E+10,2.70067E+10,2.70123E+10,2.70179E+10,2.70234E+10,2.7028E+10,2.70323E+10,2.70379E+10,2.70433E+10,2.70487E+10,2.70539E+10,2.7059E+10,2.70633E+10,2.70672E+10,2.70725E+10,2.70777E+10,2.70827E+10,2.70877E+10,2.70925E+10,2.70965E+10,2.71003E+10,2.71053E+10,2.71103E+10,2.71152E+10,2.712E+10,2.71247E+10,2.71288E+10,2.71328E+10,2.71376E+10,2.71425E+10,2.71472E+10,2.7152E+10,2.71567E+10,2.7161E+10,2.71652E+10,2.71699E+10,2.71747E+10,2.71793E+10,2.71839E+10,2.71885E+10,2.71926E+10,2.71966E+10,2.72014E+10,2.72061E+10,2.72109E+10,2.72156E+10,2.72203E+10,2.72247E+10,2.72289E+10,2.72338E+10,2.72385E+10,2.72432E+10,2.72479E+10,2.72526E+10,2.72573E+10,2.72621E+10,2.72669E+10,2.72717E+10,2.72765E+10,2.72813E+10,2.72862E+10,2.72911E+10,2.72961E+10,2.7301E+10,2.7306E+10,2.7311E+10,2.7316E+10,2.73211E+10,2.73261E+10,2.73312E+10,2.73364E+10,2.73415E+10,2.73467E+10,2.73519E+10,2.73571E+10
"Cost of Deaths Cumulative[Tennessee]",0,0,0,0,0,0,0,0,0,0,0,0,0,0,0,0,0,0,0,0,0,0,0,0,0,0,0,0.116533,7.86633,53.9534,193.739,507.261,1102.21,2119.73,3743.08,6210.22,9830.54,15005.7,22251.6,32222.8,45746.4,63869.1,87936.2,119706,161477,216229,287806,381171,502713,660661,865609,1.13123E+06,1.47533E+06,1.92124E+06,2.49972E+06,3.25187E+06,4.23249E+06,5.51365E+06,7.18863E+06,9.37699E+06,1.22321E+07,1.59516E+07,2.07915E+07,2.70848E+07,3.52681E+07,4.59184E+07,5.97996E+07,7.79194E+07,1.01603E+08,1.32586E+08,1.73105E+08,2.26031E+08,2.95053E+08,3.84926E+08,5.01758E+08,6.5305E+08,8.47064E+08,1.09178E+09,1.39377E+09,1.75729E+09,2.18384E+09,2.67221E+09,3.21877E+09,3.81811E+09,4.46358E+09,5.14789E+09,5.86357E+09,6.60334E+09,7.36032E+09,8.12827E+09,8.90165E+09,9.67584E+09,1.0447E+10,1.12118E+10,1.19675E+10,1.27116E+10,1.34422E+10,1.41579E+10,1.48576E+10,1.55402E+10,1.62053E+10,1.68523E+10,1.7481E+10,1.80912E+10,1.86829E+10,1.92561E+10,1.98109E+10,2.03475E+10,2.08662E+10,2.13671E+10,2.18506E+10,2.23168E+10,2.27664E+10,2.31993E+10,2.36158E+10,2.4017E+10,2.44033E+10,2.47749E+10,2.51317E+10,2.54732E+10,2.57994E+10,2.61112E+10,2.64091E+10,2.66936E+10,2.69653E+10,2.72247E+10,2.74716E+10,2.77066E+10,2.79296E+10,2.81414E+10,2.83433E+10,2.85355E+10,2.87178E+10,2.88913E+10,2.90566E+10,2.92143E+10,2.93648E+10,2.9508E+10,2.96447E+10,2.97759E+10,2.99017E+10,3.00235E+10,3.0141E+10,3.02544E+10,3.0365E+10,3.04741E+10,3.05817E+10,3.0687E+10,3.07892E+10,3.08893E+10,3.09893E+10,3.10908E+10,3.11921E+10,3.12913E+10,3.13888E+10,3.14833E+10,3.15737E+10,3.16579E+10,3.17347E+10,3.18062E+10,3.18732E+10,3.19375E+10,3.20003E+10,3.20624E+10,3.21241E+10,3.21861E+10,3.22478E+10,3.23094E+10,3.237E+10,3.2429E+10,3.2487E+10,3.25448E+10,3.26025E+10,3.26599E+10,3.27166E+10,3.27725E+10,3.28277E+10,3.28813E+10,3.29328E+10,3.29826E+10,3.30309E+10,3.30778E+10,3.31237E+10,3.31686E+10,3.32135E+10,3.32587E+10,3.33043E+10,3.33497E+10,3.33951E+10,3.34406E+10,3.3486E+10,3.35306E+10,3.35745E+10,3.36187E+10,3.36637E+10,3.37097E+10,3.3756E+10,3.38037E+10,3.38536E+10,3.39045E+10,3.39548E+10,3.40045E+10,3.40533E+10,3.4101E+10,3.41466E+10,3.41904E+10,3.42336E+10,3.42765E+10,3.43184E+10,3.4359E+10,3.43989E+10,3.44383E+10,3.44774E+10,3.45169E+10,3.4557E+10,3.45976E+10,3.46386E+10,3.46804E+10,3.47236E+10,3.47681E+10,3.48132E+10,3.4859E+10,3.49054E+10,3.49531E+10,3.50016E+10,3.50503E+10,3.50992E+10,3.5149E+10,3.51993E+10,3.52505E+10,3.53024E+10,3.5355E+10,3.54084E+10,3.54629E+10,3.55184E+10,3.55743E+10,3.56305E+10,3.56873E+10,3.57447E+10,3.58027E+10,3.58616E+10,3.59212E+10,3.59818E+10,3.60434E+10,3.6106E+10,3.61697E+10,3.62346E+10,3.63007E+10,3.63682E+10,3.6437E+10,3.65073E+10,3.65793E+10,3.66531E+10,3.67289E+10,3.68071E+10,3.68881E+10,3.69731E+10,3.70641E+10,3.71623E+10,3.72662E+10,3.73719E+10,3.74795E+10,3.75914E+10,3.77082E+10,3.78285E+10,3.79531E+10,3.80842E+10,3.82224E+10,3.83724E+10,3.85354E+10,3.87032E+10,3.88742E+10,3.90515E+10,3.9242E+10,3.94453E+10,3.96451E+10,3.98426E+10,4.00516E+10,4.02683E+10,4.04886E+10,4.07107E+10,4.09313E+10,4.11599E+10,4.13943E+10,4.16255E+10,4.18565E+10,4.20875E+10,4.23207E+10,4.25621E+10,4.28071E+10,4.30566E+10,4.33096E+10,4.35668E+10,4.38304E+10,4.40946E+10,4.43622E+10,4.46276E+10,4.48857E+10,4.51482E+10,4.54206E+10,4.57038E+10,4.59884E+10,4.62594E+10,4.65257E+10,4.67927E+10,4.70522E+10,4.73007E+10,4.75349E+10,4.77627E+10,4.79909E+10,4.82183E+10,4.84442E+10,4.86712E+10,4.8898E+10,4.91259E+10,4.93531E+10,4.958E+10,4.98118E+10,5.00435E+10,5.02716E+10,5.04922E+10,5.07035E+10,5.09098E+10,5.11149E+10,5.13194E+10,5.15238E+10,5.17298E+10,5.19419E+10,5.21652E+10,5.23954E+10,5.26249E+10,5.28531E+10,5.30867E+10,5.33172E+10,5.3542E+10,5.3764E+10,5.39891E+10,5.42149E+10,5.44489E+10,5.46862E+10,5.49221E+10,5.51622E+10,5.54011E+10,5.56348E+10,5.58633E+10,5.60813E+10,5.62968E+10,5.65184E+10,5.67427E+10,5.69705E+10,5.72099E+10,5.74649E+10,5.77296E+10,5.7999E+10,5.82721E+10,5.85517E+10,5.88383E+10,5.91355E+10,5.94503E+10,5.97745E+10,6.00986E+10,6.04272E+10,6.07582E+10,6.1106E+10,6.14873E+10,6.18938E+10,6.23087E+10,6.2733E+10,6.31736E+10,6.3628E+10,6.40602E+10,6.4447E+10,6.4798E+10,6.514E+10,6.54767E+10,6.58087E+10,6.61388E+10,6.6473E+10,6.68113E+10,6.71639E+10,6.75357E+10,6.7929E+10,6.83315E+10,6.87361E+10,6.9125E+10,6.94894E+10,6.98278E+10,7.01489E+10,7.04626E+10,7.07774E+10,7.10939E+10,7.14145E+10,7.17369E+10,7.20635E+10,7.23944E+10,7.27244E+10,7.30505E+10,7.33754E+10,7.37036E+10,7.40386E+10,7.43722E+10,7.47119E+10,7.50654E+10,7.54219E+10,7.57813E+10,7.61398E+10,7.64986E+10,7.68744E+10,7.72706E+10,7.7673E+10,7.80849E+10,7.85015E+10,7.89173E+10,7.93274E+10,7.97311E+10,8.01262E+10,8.0515E+10,8.08955E+10,8.12678E+10,8.16435E+10,8.2032E+10,8.24209E+10,8.2796E+10,8.31689E+10,8.35524E+10,8.39535E+10,8.43693E+10,8.47987E+10,8.52422E+10,8.56998E+10,8.61608E+10,8.66094E+10,8.70566E+10,8.7508E+10,8.79529E+10,8.839E+10,8.88114E+10,8.92181E+10,8.96185E+10,9.00042E+10,9.03795E+10,9.07572E+10,9.11376E+10,9.15297E+10,9.19353E+10,9.23436E+10,9.27526E+10,9.31598E+10,9.3567E+10,9.39811E+10,9.43935E+10,9.47953E+10,9.51946E+10,9.55964E+10,9.59935E+10,9.63775E+10,9.6751E+10,9.71132E+10,9.74727E+10,9.78332E+10,9.82032E+10,9.8605E+10,9.90408E+10,9.94908E+10,9.99525E+10,1.00409E+11,1.00842E+11,1.01242E+11,1.0161E+11,1.01948E+11,1.0227E+11,1.02588E+11,1.02914E+11,1.03245E+11,1.03574E+11,1.03896E+11,1.04221E+11,1.04548E+11,1.04868E+11,1.05177E+11,1.0548E+11,1.05776E+11,1.06075E+11,1.06381E+11,1.06678E+11,1.06961E+11,1.07233E+11,1.07498E+11,1.07756E+11,1.08001E+11,1.08234E+11,1.0847E+11,1.08712E+11,1.08954E+11,1.09197E+11,1.09444E+11,1.097E+11,1.09972E+11,1.10243E+11,1.105E+11,1.10751E+11,1.10998E+11,1.11243E+11,1.11488E+11,1.1173E+11,1.11978E+11,1.1224E+11,1.12507E+11,1.12767E+11,1.13018E+11,1.13258E+11,1.13485E+11,1.13699E+11,1.13902E+11,1.14098E+11,1.14296E+11,1.14502E+11,1.14706E+11,1.14895E+11,1.15074E+11,1.15249E+11,1.15425E+11,1.156E+11,1.15769E+11,1.15935E+11,1.16103E+11,1.16275E+11,1.16451E+11,1.16629E+11,1.16808E+11,1.16989E+11,1.17174E+11,1.17365E+11,1.17562E+11,1.17761E+11,1.17959E+11,1.18157E+11,1.18362E+11,1.18583E+11,1.18823E+11,1.19068E+11,1.19311E+11,1.19551E+11,1.19795E+11,1.20044E+11,1.20278E+11,1.20488E+11,1.20691E+11,1.20897E+11,1.21106E+11,1.2131E+11,1.21506E+11,1.21699E+11,1.219E+11,1.22107E+11,1.22317E+11,1.22533E+11,1.22753E+11,1.2298E+11,1.23212E+11,1.23448E+11,1.2369E+11,1.23938E+11,1.24187E+11,1.24442E+11,1.24716E+11,1.25005E+11,1.25287E+11,1.25563E+11,1.25839E+11,1.26115E+11,1.26389E+11,1.26658E+11,1.26928E+11,1.27207E+11,1.2749E+11,1.27774E+11,1.28063E+11,1.28354E+11,1.28637E+11,1.28917E+11,1.29216E+11,1.29532E+11,1.29851E+11,1.30169E+11,1.30485E+11,1.30802E+11,1.3112E+11,1.31429E+11,1.31737E+11,1.32051E+11,1.32368E+11,1.32688E+11,1.33014E+11,1.33348E+11,1.33684E+11,1.34023E+11,1.34365E+11,1.34713E+11,1.3507E+11,1.35443E+11,1.35824E+11,1.36195E+11,1.36566E+11,1.36945E+11,1.37328E+11,1.37697E+11,1.38042E+11,1.38373E+11,1.38705E+11,1.39033E+11,1.39352E+11,1.39673E+11,1.40005E+11,1.40357E+11,1.40721E+11,1.4109E+11,1.41474E+11,1.41876E+11,1.42289E+11,1.42704E+11,1.43113E+11,1.43525E+11,1.4396E+11,1.44416E+11,1.4489E+11,1.45397E+11,1.45939E+11,1.46517E+11,1.47127E+11,1.47758E+11,1.48417E+11,1.49109E+11,1.49835E+11,1.50608E+11,1.51429E+11,1.52273E+11,1.53117E+11,1.5395E+11,1.54763E+11,1.55558E+11,1.56341E+11,1.57095E+11,1.57836E+11,1.58586E+11,1.59367E+11,1.60203E+11,1.61055E+11,1.61892E+11,1.62699E+11,1.63477E+11,1.64203E+11,1.64869E+11,1.65501E+11,1.66145E+11,1.66802E+11,1.67452E+11,1.68096E+11,1.68734E+11,1.69379E+11,1.70014E+11,1.70631E+11,1.71245E+11,1.71887E+11,1.72554E+11,1.73246E+11,1.73999E+11,1.74798E+11,1.75516E+11,1.7608E+11,1.76819E+11,1.77603E+11,1.78349E+11,1.79037E+11,1.79703E+11,1.80367E+11,1.81019E+11,1.81653E+11,1.82306E+11,1.83016E+11,1.83681E+11,1.84274E+11,1.84847E+11,1.854E+11,1.85916E+11,1.86394E+11,1.86854E+11,1.87336E+11,1.8783E+11,1.88305E+11,1.88774E+11,1.89233E+11,1.89674E+11,1.90093E+11,1.90493E+11,1.90892E+11,1.91305E+11,1.91729E+11,1.92187E+11,1.92697E+11,1.93242E+11,1.93816E+11,1.944E+11,1.94978E+11,1.95543E+11,1.96089E+11,1.96607E+11,1.97105E+11,1.9759E+11,1.98065E+11,1.98536E+11,1.99004E+11,1.99455E+11,1.99908E+11,2.00403E+11,2.00915E+11,2.01427E+11,2.01948E+11,2.02481E+11,2.03023E+11,2.03562E+11,2.04081E+11,2.04602E+11,2.05142E+11,2.05699E+11,2.06267E+11,2.06847E+11,2.07443E+11,2.08055E+11,2.08688E+11,2.09357E+11,2.10055E+11,2.10779E+11,2.1153E+11,2.123E+11,2.13079E+11,2.13878E+11,2.14695E+11,2.15531E+11,2.16395E+11,2.17305E+11,2.18284E+11,2.19367E+11,2.20551E+11,2.21787E+11,2.23036E+11,2.24262E+11,2.25437E+11,2.26529E+11,2.27528E+11,2.28443E+11,2.29329E+11,2.30219E+11,2.31142E+11,2.32132E+11,2.3321E+11,2.34354E+11,2.35541E+11,2.3673E+11,2.37905E+11,2.39053E+11,2.40156E+11,2.41205E+11,2.42222E+11,2.43229E+11,2.44233E+11,2.45237E+11,2.4623E+11,2.47212E+11,2.4818E+11,2.49122E+11,2.49957E+11,2.5071E+11,2.5148E+11,2.52286E+11,2.53177E+11,2.54E+11,2.54538E+11,2.54991E+11,2.55444E+11,2.55927E+11,2.56526E+11,2.57212E+11,2.57856E+11,2.58379E+11,2.58808E+11,2.59224E+11,2.59679E+11,2.6024E+11,2.60854E+11,2.61445E+11,2.61919E+11,2.62363E+11,2.62792E+11,2.63201E+11,2.63664E+11,2.64227E+11,2.64839E+11,2.65388E+11,2.65819E+11,2.66218E+11,2.66664E+11,2.6717E+11,2.67775E+11,2.68437E+11,2.68973E+11,2.69539E+11,2.70103E+11,2.70675E+11,2.71298E+11,2.71937E+11,2.72604E+11,2.73288E+11,2.73964E+11,2.74689E+11,2.75437E+11,2.76187E+11,2.76945E+11,2.7772E+11,2.78504E+11,2.79272E+11,2.80009E+11,2.80727E+11,2.81441E+11,2.8216E+11,2.82887E+11,2.83618E+11,2.84375E+11,2.85153E+11,2.85929E+11,2.86699E+11,2.87457E+11,2.88189E+11,2.88911E+11,2.89637E+11,2.90379E+11,2.91134E+11,2.91877E+11,2.92595E+11,2.93283E+11,2.93936E+11,2.94532E+11,2.95089E+11,2.95635E+11,2.96176E+11,2.96717E+11,2.97265E+11,2.97813E+11,2.98369E+11,2.98932E+11,2.99486E+11,3.00031E+11,3.00576E+11,3.01131E+11,3.01701E+11,3.0227E+11,3.02822E+11,3.0336E+11,3.03884E+11,3.04387E+11,3.04859E+11,3.05304E+11,3.05726E+11,3.06134E+11,3.06538E+11,3.06933E+11,3.07318E+11,3.07701E+11,3.08082E+11,3.08469E+11,3.08849E+11,3.09215E+11,3.09583E+11,3.09953E+11,3.10317E+11,3.10674E+11,3.11021E+11,3.1136E+11,3.11695E+11,3.12028E+11,3.12356E+11,3.1268E+11,3.13004E+11,3.13333E+11,3.13671E+11,3.14015E+11,3.14355E+11,3.147E+11,3.1506E+11,3.15429E+11,3.15796E+11,3.1616E+11,3.16513E+11,3.16852E+11,3.17178E+11,3.1749E+11,3.17795E+11,3.18094E+11,3.18388E+11,3.18679E+11,3.1897E+11,3.19265E+11,3.19563E+11,3.19861E+11,3.20159E+11,3.20452E+11,3.20743E+11,3.2103E+11,3.21309E+11,3.21574E+11,3.21833E+11,3.22092E+11,3.22349E+11,3.22605E+11,3.22867E+11,3.23137E+11,3.23414E+11,3.23694E+11,3.23977E+11,3.24262E+11,3.24549E+11,3.24839E+11,3.25127E+11,3.25414E+11,3.25705E+11,3.26001E+11,3.26309E+11,3.26626E+11,3.26947E+11,3.2728E+11,3.27628E+11,3.27977E+11,3.28311E+11,3.28628E+11,3.28934E+11,3.29225E+11,3.295E+11,3.29764E+11,3.30022E+11,3.30267E+11,3.30505E+11,3.30733E+11,3.30957E+11,3.31172E+11,3.31376E+11,3.31564E+11,3.31739E+11,3.3191E+11,3.32074E+11,3.32234E+11,3.32389E+11,3.32539E+11,3.32678E+11,3.32807E+11,3.32931E+11,3.3305E+11,3.33163E+11,3.33272E+11,3.33374E+11,3.33469E+11,3.33554E+11,3.33637E+11,3.33723E+11,3.33813E+11,3.33904E+11,3.33996E+11,3.3409E+11,3.34184E+11,3.34277E+11,3.34374E+11,3.34476E+11,3.3458E+11,3.34686E+11,3.34789E+11,3.34893E+11,3.35002E+11,3.35113E+11,3.35228E+11,3.35345E+11,3.35461E+11,3.35571E+11,3.35683E+11,3.35798E+11,3.35913E+11,3.36033E+11,3.36155E+11,3.36276E+11,3.36391E+11,3.36506E+11,3.36623E+11,3.36738E+11,3.36858E+11,3.36978E+11,3.37094E+11,3.37206E+11,3.37315E+11,3.37425E+11,3.37534E+11,3.37645E+11,3.37754E+11,3.37861E+11,3.37963E+11,3.38061E+11,3.38163E+11,3.38263E+11,3.38364E+11,3.38466E+11,3.38563E+11,3.38651E+11,3.38741E+11,3.38826E+11,3.38908E+11,3.39E+11,3.39089E+11,3.39176E+11,3.39257E+11,3.39335E+11,3.39415E+11,3.39499E+11,3.39581E+11,3.39663E+11,3.39743E+11,3.39823E+11,3.39899E+11,3.39976E+11,3.40053E+11,3.40129E+11,3.40204E+11,3.40279E+11,3.40353E+11,3.40425E+11,3.40496E+11,3.40567E+11,3.40636E+11,3.40704E+11,3.40771E+11,3.40837E+11,3.40904E+11,3.4097E+11,3.41035E+11,3.411E+11,3.41165E+11,3.41229E+11,3.41296E+11,3.41362E+11,3.41427E+11,3.41486E+11,3.41546E+11,3.41606E+11,3.41666E+11,3.41726E+11,3.41787E+11,3.41847E+11,3.41908E+11,3.4197E+11,3.42031E+11,3.42093E+11,3.42155E+11,3.42218E+11,3.42281E+11,3.42344E+11,3.42408E+11,3.42472E+11,3.42537E+11,3.42602E+11,3.42667E+11,3.42733E+11,3.428E+11,3.42867E+11,3.42935E+11,3.43003E+11
"Cost of Deaths Cumulative[Texas]",0,0,0,0,0,0,0,0,0,0,0,0,0,0,0,0,0,0,0,0,0,0,0,0,0,0,0,0,0,7.42578,67.6572,271.881,754.581,1695.69,3327,5943.21,9917.95,15724.7,23955.1,35338.2,50772.8,71382.4,98600.5,134272,180762,241069,318968,419188,547650,711763,920820,1.18655E+06,1.52387E+06,1.95185E+06,2.4952E+06,3.18644E+06,4.06839E+06,5.19668E+06,6.64263E+06,8.49685E+06,1.08743E+07,1.39223E+07,1.78302E+07,2.28427E+07,2.92764E+07,3.75411E+07,4.81696E+07,6.1852E+07,7.94783E+07,1.02193E+08,1.3145E+08,1.69087E+08,2.17437E+08,2.79503E+08,3.5917E+08,4.61477E+08,5.90398E+08,7.46853E+08,9.36658E+08,1.16684E+09,1.44595E+09,1.78391E+09,2.19221E+09,2.6843E+09,3.2758E+09,3.9848E+09,4.83251E+09,5.84414E+09,7.04886E+09,8.48103E+09,1.01833E+10,1.22234E+10,1.46739E+10,1.75848E+10,2.09736E+10,2.48243E+10,2.90936E+10,3.3721E+10,3.86378E+10,4.37733E+10,4.90596E+10,5.44336E+10,5.98388E+10,6.52259E+10,7.05527E+10,7.57839E+10,8.08906E+10,8.58498E+10,9.0644E+10,9.53211E+10,9.9845E+10,1.04172E+11,1.08307E+11,1.1225E+11,1.16003E+11,1.19571E+11,1.22957E+11,1.26166E+11,1.29202E+11,1.32074E+11,1.34787E+11,1.37346E+11,1.39759E+11,1.42033E+11,1.44169E+11,1.46163E+11,1.4802E+11,1.49755E+11,1.51376E+11,1.52894E+11,1.54317E+11,1.55648E+11,1.5689E+11,1.58054E+11,1.59146E+11,1.60174E+11,1.61138E+11,1.62041E+11,1.62892E+11,1.63695E+11,1.64455E+11,1.65176E+11,1.6586E+11,1.66508E+11,1.67124E+11,1.67707E+11,1.68263E+11,1.68795E+11,1.69298E+11,1.69774E+11,1.70222E+11,1.70649E+11,1.7106E+11,1.71455E+11,1.71832E+11,1.72195E+11,1.72547E+11,1.72893E+11,1.73231E+11,1.73544E+11,1.73832E+11,1.74107E+11,1.74369E+11,1.74616E+11,1.74854E+11,1.75084E+11,1.75313E+11,1.75543E+11,1.75761E+11,1.75972E+11,1.7618E+11,1.76384E+11,1.76583E+11,1.76776E+11,1.76965E+11,1.77151E+11,1.77325E+11,1.77486E+11,1.77644E+11,1.77799E+11,1.77953E+11,1.78104E+11,1.78254E+11,1.78413E+11,1.78588E+11,1.78768E+11,1.78951E+11,1.79137E+11,1.79328E+11,1.79525E+11,1.79727E+11,1.79934E+11,1.80143E+11,1.80345E+11,1.8054E+11,1.8073E+11,1.80919E+11,1.81112E+11,1.81307E+11,1.81506E+11,1.81715E+11,1.81935E+11,1.82166E+11,1.824E+11,1.82633E+11,1.82879E+11,1.8314E+11,1.83414E+11,1.83714E+11,1.84044E+11,1.8441E+11,1.84813E+11,1.85227E+11,1.85652E+11,1.86088E+11,1.86505E+11,1.869E+11,1.87287E+11,1.87674E+11,1.88073E+11,1.88499E+11,1.88961E+11,1.89471E+11,1.90052E+11,1.90709E+11,1.91424E+11,1.92157E+11,1.92883E+11,1.93604E+11,1.9433E+11,1.95033E+11,1.95729E+11,1.96446E+11,1.97203E+11,1.97996E+11,1.98813E+11,1.99646E+11,2.00508E+11,2.0138E+11,2.02245E+11,2.03111E+11,2.03983E+11,2.04856E+11,2.05731E+11,2.06606E+11,2.07497E+11,2.08406E+11,2.09318E+11,2.10228E+11,2.11146E+11,2.12059E+11,2.12966E+11,2.13855E+11,2.14727E+11,2.15581E+11,2.16419E+11,2.17249E+11,2.18078E+11,2.18913E+11,2.19737E+11,2.20555E+11,2.21399E+11,2.22267E+11,2.23121E+11,2.23947E+11,2.24769E+11,2.25614E+11,2.26457E+11,2.27252E+11,2.28018E+11,2.28771E+11,2.29509E+11,2.30221E+11,2.30908E+11,2.3159E+11,2.32274E+11,2.32939E+11,2.33584E+11,2.34216E+11,2.34824E+11,2.35402E+11,2.35953E+11,2.36477E+11,2.3698E+11,2.37478E+11,2.37966E+11,2.38443E+11,2.38912E+11,2.39371E+11,2.39825E+11,2.40271E+11,2.40696E+11,2.41109E+11,2.41512E+11,2.41906E+11,2.42297E+11,2.42685E+11,2.43066E+11,2.43449E+11,2.43851E+11,2.44278E+11,2.44719E+11,2.45155E+11,2.45581E+11,2.46005E+11,2.46423E+11,2.46827E+11,2.47209E+11,2.47569E+11,2.47911E+11,2.48243E+11,2.48573E+11,2.48899E+11,2.49216E+11,2.49525E+11,2.49836E+11,2.50157E+11,2.50487E+11,2.50824E+11,2.51167E+11,2.51522E+11,2.51893E+11,2.52275E+11,2.52667E+11,2.53067E+11,2.53478E+11,2.53907E+11,2.54349E+11,2.548E+11,2.55254E+11,2.55717E+11,2.56196E+11,2.567E+11,2.57233E+11,2.57795E+11,2.58391E+11,2.59037E+11,2.59741E+11,2.60509E+11,2.61346E+11,2.62247E+11,2.63221E+11,2.64265E+11,2.65372E+11,2.66529E+11,2.67731E+11,2.6898E+11,2.70276E+11,2.71603E+11,2.72951E+11,2.74301E+11,2.75652E+11,2.76993E+11,2.78318E+11,2.79623E+11,2.80901E+11,2.82145E+11,2.83365E+11,2.84558E+11,2.85721E+11,2.86859E+11,2.8798E+11,2.89097E+11,2.90225E+11,2.91349E+11,2.92451E+11,2.93536E+11,2.94602E+11,2.95647E+11,2.96669E+11,2.97665E+11,2.9864E+11,2.99604E+11,3.00556E+11,3.015E+11,3.02433E+11,3.03351E+11,3.04255E+11,3.05159E+11,3.06078E+11,3.0702E+11,3.07985E+11,3.08973E+11,3.09978E+11,3.11001E+11,3.12019E+11,3.13003E+11,3.13954E+11,3.14884E+11,3.15806E+11,3.16729E+11,3.1765E+11,3.18572E+11,3.19498E+11,3.20437E+11,3.21381E+11,3.22327E+11,3.23276E+11,3.24238E+11,3.25215E+11,3.26206E+11,3.27197E+11,3.2819E+11,3.2919E+11,3.30195E+11,3.31199E+11,3.32215E+11,3.33265E+11,3.34375E+11,3.35532E+11,3.36715E+11,3.37918E+11,3.39128E+11,3.40329E+11,3.41503E+11,3.42657E+11,3.43814E+11,3.44983E+11,3.46157E+11,3.47334E+11,3.48493E+11,3.49627E+11,3.50729E+11,3.5181E+11,3.5289E+11,3.53965E+11,3.55043E+11,3.56143E+11,3.57261E+11,3.58392E+11,3.5953E+11,3.60669E+11,3.61824E+11,3.62997E+11,3.64175E+11,3.65363E+11,3.66574E+11,3.6782E+11,3.69116E+11,3.70446E+11,3.71786E+11,3.73118E+11,3.74436E+11,3.75724E+11,3.76982E+11,3.78208E+11,3.79409E+11,3.80584E+11,3.81751E+11,3.82907E+11,3.84049E+11,3.85179E+11,3.86291E+11,3.87388E+11,3.88474E+11,3.89551E+11,3.90634E+11,3.9173E+11,3.92834E+11,3.93963E+11,3.95155E+11,3.96492E+11,3.98014E+11,3.99689E+11,4.01453E+11,4.03178E+11,4.04729E+11,4.06016E+11,4.07061E+11,4.07944E+11,4.08727E+11,4.09461E+11,4.10172E+11,4.1087E+11,4.11554E+11,4.12222E+11,4.12871E+11,4.13504E+11,4.14122E+11,4.14724E+11,4.15309E+11,4.15878E+11,4.16434E+11,4.16978E+11,4.17504E+11,4.18006E+11,4.18488E+11,4.18951E+11,4.19397E+11,4.19826E+11,4.20242E+11,4.20647E+11,4.21046E+11,4.21436E+11,4.21816E+11,4.22185E+11,4.22542E+11,4.22886E+11,4.23221E+11,4.23548E+11,4.23867E+11,4.2418E+11,4.24488E+11,4.24791E+11,4.25093E+11,4.25391E+11,4.25687E+11,4.25982E+11,4.26275E+11,4.26567E+11,4.26857E+11,4.27146E+11,4.27436E+11,4.27722E+11,4.28006E+11,4.28291E+11,4.2858E+11,4.28874E+11,4.29176E+11,4.29485E+11,4.29805E+11,4.30138E+11,4.30481E+11,4.30835E+11,4.31201E+11,4.3158E+11,4.31971E+11,4.32381E+11,4.32814E+11,4.3327E+11,4.33746E+11,4.34249E+11,4.34783E+11,4.35353E+11,4.35955E+11,4.3659E+11,4.3727E+11,4.38004E+11,4.3879E+11,4.3964E+11,4.40556E+11,4.4154E+11,4.42589E+11,4.437E+11,4.44878E+11,4.4613E+11,4.47454E+11,4.48851E+11,4.50305E+11,4.51797E+11,4.53322E+11,4.54872E+11,4.56449E+11,4.58042E+11,4.59626E+11,4.61197E+11,4.62764E+11,4.64316E+11,4.65847E+11,4.67347E+11,4.6881E+11,4.70242E+11,4.71647E+11,4.73011E+11,4.74348E+11,4.75685E+11,4.77004E+11,4.78278E+11,4.79514E+11,4.80711E+11,4.81863E+11,4.8296E+11,4.83996E+11,4.84996E+11,4.85978E+11,4.86932E+11,4.87859E+11,4.88762E+11,4.89637E+11,4.90485E+11,4.91301E+11,4.92085E+11,4.92847E+11,4.93596E+11,4.94327E+11,4.95038E+11,4.95732E+11,4.96416E+11,4.971E+11,4.97785E+11,4.98452E+11,4.99095E+11,4.99715E+11,5.00313E+11,5.0089E+11,5.01445E+11,5.01976E+11,5.02494E+11,5.03007E+11,5.03522E+11,5.04042E+11,5.04561E+11,5.0507E+11,5.0557E+11,5.06064E+11,5.06554E+11,5.0704E+11,5.07521E+11,5.08003E+11,5.08497E+11,5.09007E+11,5.09534E+11,5.10079E+11,5.10641E+11,5.11219E+11,5.11813E+11,5.12432E+11,5.1308E+11,5.1376E+11,5.14494E+11,5.153E+11,5.16184E+11,5.17153E+11,5.18212E+11,5.19373E+11,5.20663E+11,5.22095E+11,5.23675E+11,5.25404E+11,5.27281E+11,5.29292E+11,5.31403E+11,5.33577E+11,5.35797E+11,5.3805E+11,5.40303E+11,5.42512E+11,5.44669E+11,5.46769E+11,5.48821E+11,5.50828E+11,5.5277E+11,5.54639E+11,5.56429E+11,5.58125E+11,5.59734E+11,5.61255E+11,5.62684E+11,5.64033E+11,5.6531E+11,5.66513E+11,5.67644E+11,5.68716E+11,5.69738E+11,5.70717E+11,5.71654E+11,5.72549E+11,5.73406E+11,5.74228E+11,5.75017E+11,5.75775E+11,5.76503E+11,5.77201E+11,5.77872E+11,5.78518E+11,5.79137E+11,5.79732E+11,5.80303E+11,5.80852E+11,5.81379E+11,5.81887E+11,5.82377E+11,5.82848E+11,5.83303E+11,5.83742E+11,5.84168E+11,5.8458E+11,5.8498E+11,5.85368E+11,5.85745E+11,5.86112E+11,5.86471E+11,5.86821E+11,5.87165E+11,5.87501E+11,5.87831E+11,5.88154E+11,5.88473E+11,5.88787E+11,5.89097E+11,5.89403E+11,5.89707E+11,5.90009E+11,5.90309E+11,5.90611E+11,5.90913E+11,5.91219E+11,5.91528E+11,5.91845E+11,5.92173E+11,5.92511E+11,5.92864E+11,5.93236E+11,5.9363E+11,5.94046E+11,5.94487E+11,5.94959E+11,5.9547E+11,5.96026E+11,5.96634E+11,5.97301E+11,5.98037E+11,5.98852E+11,5.99764E+11,6.00786E+11,6.01939E+11,6.03228E+11,6.04665E+11,6.0626E+11,6.08011E+11,6.09915E+11,6.11963E+11,6.14144E+11,6.16446E+11,6.18839E+11,6.21301E+11,6.23821E+11,6.26378E+11,6.28958E+11,6.31566E+11,6.3418E+11,6.36778E+11,6.39355E+11,6.41913E+11,6.4446E+11,6.46959E+11,6.49382E+11,6.5174E+11,6.54031E+11,6.56255E+11,6.58427E+11,6.60561E+11,6.62734E+11,6.6499E+11,6.67254E+11,6.69462E+11,6.71568E+11,6.73537E+11,6.75366E+11,6.7703E+11,6.78515E+11,6.79896E+11,6.81227E+11,6.8253E+11,6.8381E+11,6.85065E+11,6.86317E+11,6.87567E+11,6.8879E+11,6.89997E+11,6.91174E+11,6.92308E+11,6.93392E+11,6.94401E+11,6.95348E+11,6.96253E+11,6.97109E+11,6.97936E+11,6.98741E+11,6.9952E+11,7.00276E+11,7.01011E+11,7.0173E+11,7.02446E+11,7.03154E+11,7.03848E+11,7.04529E+11,7.05197E+11,7.05854E+11,7.06498E+11,7.07119E+11,7.07718E+11,7.08298E+11,7.08862E+11,7.0941E+11,7.09945E+11,7.10468E+11,7.10981E+11,7.11485E+11,7.11981E+11,7.12471E+11,7.12957E+11,7.13441E+11,7.13923E+11,7.14407E+11,7.14895E+11,7.15389E+11,7.15892E+11,7.16408E+11,7.16943E+11,7.17502E+11,7.18086E+11,7.18701E+11,7.1936E+11,7.2007E+11,7.20839E+11,7.21681E+11,7.22595E+11,7.23591E+11,7.24672E+11,7.25842E+11,7.27119E+11,7.28521E+11,7.30071E+11,7.31787E+11,7.3364E+11,7.35606E+11,7.37691E+11,7.39902E+11,7.42188E+11,7.44504E+11,7.46845E+11,7.49228E+11,7.51641E+11,7.5407E+11,7.56493E+11,7.58896E+11,7.61264E+11,7.63595E+11,7.65884E+11,7.68137E+11,7.70346E+11,7.72475E+11,7.74534E+11,7.76588E+11,7.78599E+11,7.80552E+11,7.82454E+11,7.84296E+11,7.86121E+11,7.87936E+11,7.89678E+11,7.91369E+11,7.93017E+11,7.94611E+11,7.96171E+11,7.97708E+11,7.99219E+11,8.00693E+11,8.02108E+11,8.03469E+11,8.04793E+11,8.06073E+11,8.0731E+11,8.08501E+11,8.09661E+11,8.10818E+11,8.11955E+11,8.1305E+11,8.14106E+11,8.15135E+11,8.16155E+11,8.17163E+11,8.1813E+11,8.19067E+11,8.19996E+11,8.20927E+11,8.21853E+11,8.22762E+11,8.23649E+11,8.24541E+11,8.25438E+11,8.26326E+11,8.27215E+11,8.28121E+11,8.29053E+11,8.2999E+11,8.30902E+11,8.31779E+11,8.32621E+11,8.33434E+11,8.34216E+11,8.34968E+11,8.3571E+11,8.36459E+11,8.37212E+11,8.37973E+11,8.38748E+11,8.39537E+11,8.40337E+11,8.41143E+11,8.41947E+11,8.42752E+11,8.43558E+11,8.44364E+11,8.45178E+11,8.46007E+11,8.46841E+11,8.47679E+11,8.48526E+11,8.49385E+11,8.50266E+11,8.51162E+11,8.52063E+11,8.52987E+11,8.53937E+11,8.54908E+11,8.55901E+11,8.56915E+11,8.57952E+11,8.5902E+11,8.60122E+11,8.61265E+11,8.62443E+11,8.63651E+11,8.64889E+11,8.66159E+11,8.67463E+11,8.68801E+11,8.70172E+11,8.71587E+11,8.73053E+11,8.7457E+11,8.76134E+11,8.77749E+11,8.79403E+11,8.8109E+11,8.82802E+11,8.84531E+11,8.8628E+11,8.88028E+11,8.89742E+11,8.91368E+11,8.92897E+11,8.94335E+11,8.95689E+11,8.96962E+11,8.98168E+11,8.99317E+11,9.00411E+11,9.01448E+11,9.02419E+11,9.03315E+11,9.04141E+11,9.04901E+11,9.05596E+11,9.06234E+11,9.0682E+11,9.07363E+11,9.07868E+11,9.08336E+11,9.08755E+11,9.09119E+11,9.09477E+11,9.09802E+11,9.10102E+11,9.10377E+11,9.10632E+11,9.10872E+11,9.11098E+11,9.11301E+11,9.11483E+11,9.11666E+11,9.11852E+11,9.12042E+11,9.12237E+11,9.12427E+11,9.1261E+11,9.12786E+11,9.12963E+11,9.1314E+11,9.1332E+11,9.13504E+11,9.13695E+11,9.13892E+11,9.14095E+11,9.14305E+11,9.1452E+11,9.1474E+11,9.14967E+11,9.15198E+11,9.15436E+11,9.1568E+11,9.15929E+11,9.16184E+11,9.16445E+11,9.16711E+11,9.16984E+11,9.17262E+11,9.17546E+11,9.17834E+11,9.18129E+11,9.18421E+11,9.187E+11,9.19016E+11,9.19335E+11,9.19655E+11,9.19975E+11,9.20296E+11,9.2061E+11,9.20909E+11,9.21232E+11,9.21552E+11,9.21869E+11,9.22181E+11,9.22491E+11,9.22792E+11,9.23077E+11,9.2338E+11,9.23678E+11,9.2397E+11,9.24257E+11,9.24538E+11,9.24809E+11,9.25065E+11,9.25331E+11,9.25591E+11,9.25845E+11,9.26094E+11,9.26338E+11,9.26577E+11,9.26803E+11,9.27035E+11,9.27265E+11,9.27491E+11,9.27714E+11,9.27936E+11,9.28156E+11,9.28367E+11,9.28564E+11,9.2878E+11,9.28993E+11,9.29202E+11,9.29407E+11,9.29607E+11,9.29801E+11,9.29999E+11,9.30196E+11,9.30392E+11,9.30587E+11,9.3078E+11,9.30973E+11,9.31165E+11,9.3136E+11,9.31557E+11,9.31759E+11,9.31933E+11,9.32109E+11,9.32287E+11,9.32465E+11,9.32643E+11,9.32822E+11,9.33002E+11,9.33181E+11,9.33361E+11,9.33541E+11,9.33722E+11,9.33902E+11,9.34082E+11,9.34262E+11,9.34442E+11,9.34622E+11,9.34802E+11,9.34982E+11,9.35162E+11,9.35342E+11,9.35521E+11,9.35701E+11,9.3588E+11,9.3606E+11,9.3624E+11
"Cost of Deaths Cumulative[Utah]",0,0,0,0,0,0,0,0,0,0,0,0,0,0,0,0,0,0,0,0,0,0.641575,43.8719,305.116,1111.43,2955.95,6532.88,12796.6,23049.7,39068.4,63295.7,99128,151325,226595,334442,488338,707359,1.01851E+06,1.46004E+06,2.08602E+06,2.9725E+06,4.22639E+06,5.99723E+06,8.49359E+06,1.2007E+07,1.69475E+07,2.38927E+07,3.36496E+07,4.73369E+07,6.6467E+07,8.96593E+07,1.16392E+08,1.48074E+08,1.86073E+08,2.31686E+08,2.86064E+08,3.5004E+08,4.23928E+08,5.0747E+08,5.99984E+08,7.00469E+08,8.07781E+08,9.20775E+08,1.03838E+09,1.15961E+09,1.28359E+09,1.40952E+09,1.53669E+09,1.66451E+09,1.79251E+09,1.92022E+09,2.04728E+09,2.17338E+09,2.29826E+09,2.42173E+09,2.54364E+09,2.66385E+09,2.78221E+09,2.89858E+09,3.01283E+09,3.12491E+09,3.23478E+09,3.34244E+09,3.44791E+09,3.55123E+09,3.65243E+09,3.75157E+09,3.8487E+09,3.94389E+09,4.03721E+09,4.12868E+09,4.21838E+09,4.30635E+09,4.39266E+09,4.47733E+09,4.56042E+09,4.64197E+09,4.722E+09,4.80051E+09,4.87751E+09,4.95299E+09,5.02698E+09,5.09947E+09,5.17049E+09,5.24004E+09,5.30813E+09,5.37478E+09,5.44E+09,5.5038E+09,5.56619E+09,5.62828E+09,5.69034E+09,5.75102E+09,5.81024E+09,5.86803E+09,5.92423E+09,5.97896E+09,6.03209E+09,6.08343E+09,6.13291E+09,6.18058E+09,6.2264E+09,6.27044E+09,6.31278E+09,6.35349E+09,6.39262E+09,6.43021E+09,6.46628E+09,6.50086E+09,6.53405E+09,6.5659E+09,6.59649E+09,6.62583E+09,6.65393E+09,6.68089E+09,6.70671E+09,6.7311E+09,6.75396E+09,6.77528E+09,6.79506E+09,6.81479E+09,6.83464E+09,6.85455E+09,6.87447E+09,6.89446E+09,6.91452E+09,6.93446E+09,6.95434E+09,6.97451E+09,6.99525E+09,7.01653E+09,7.03805E+09,7.0596E+09,7.08066E+09,7.10088E+09,7.11972E+09,7.13737E+09,7.15422E+09,7.17069E+09,7.187E+09,7.20316E+09,7.21917E+09,7.2351E+09,7.25111E+09,7.26745E+09,7.28471E+09,7.30329E+09,7.32267E+09,7.34242E+09,7.36178E+09,7.3805E+09,7.39874E+09,7.41624E+09,7.43345E+09,7.45015E+09,7.46624E+09,7.48201E+09,7.49769E+09,7.51328E+09,7.52885E+09,7.54418E+09,7.5595E+09,7.57505E+09,7.59075E+09,7.60654E+09,7.62212E+09,7.63757E+09,7.65301E+09,7.66856E+09,7.68423E+09,7.7001E+09,7.71618E+09,7.7326E+09,7.74965E+09,7.76764E+09,7.78608E+09,7.80453E+09,7.82296E+09,7.8412E+09,7.85933E+09,7.87715E+09,7.89466E+09,7.91242E+09,7.93044E+09,7.94872E+09,7.96738E+09,7.98657E+09,8.00622E+09,8.02604E+09,8.04592E+09,8.06638E+09,8.08743E+09,8.1091E+09,8.13137E+09,8.15434E+09,8.17825E+09,8.20302E+09,8.22824E+09,8.25366E+09,8.27955E+09,8.30606E+09,8.33345E+09,8.3617E+09,8.3906E+09,8.42027E+09,8.45117E+09,8.48307E+09,8.51585E+09,8.54951E+09,8.58444E+09,8.62098E+09,8.65891E+09,8.69834E+09,8.74028E+09,8.78581E+09,8.83408E+09,8.88335E+09,8.93399E+09,8.98592E+09,9.0385E+09,9.09095E+09,9.14277E+09,9.1943E+09,9.24554E+09,9.29669E+09,9.34796E+09,9.39954E+09,9.45143E+09,9.50333E+09,9.5555E+09,9.60858E+09,9.66177E+09,9.71494E+09,9.76798E+09,9.82132E+09,9.87527E+09,9.92876E+09,9.98188E+09,1.00346E+10,1.00874E+10,1.01403E+10,1.01922E+10,1.02426E+10,1.02929E+10,1.03424E+10,1.03914E+10,1.04393E+10,1.04861E+10,1.05323E+10,1.05777E+10,1.06228E+10,1.06682E+10,1.07133E+10,1.07583E+10,1.0803E+10,1.08468E+10,1.08897E+10,1.09315E+10,1.09717E+10,1.10108E+10,1.10493E+10,1.10872E+10,1.11244E+10,1.11613E+10,1.11979E+10,1.12342E+10,1.12701E+10,1.13054E+10,1.134E+10,1.13738E+10,1.14069E+10,1.14395E+10,1.14716E+10,1.15031E+10,1.1534E+10,1.15642E+10,1.15939E+10,1.16232E+10,1.16523E+10,1.1682E+10,1.17123E+10,1.17422E+10,1.17712E+10,1.17997E+10,1.18281E+10,1.18556E+10,1.18813E+10,1.19059E+10,1.193E+10,1.19538E+10,1.19774E+10,1.20007E+10,1.2024E+10,1.20473E+10,1.20706E+10,1.20938E+10,1.21171E+10,1.21405E+10,1.2164E+10,1.21876E+10,1.22114E+10,1.22354E+10,1.22597E+10,1.22841E+10,1.23088E+10,1.23337E+10,1.23586E+10,1.23837E+10,1.2409E+10,1.24345E+10,1.24602E+10,1.24862E+10,1.25127E+10,1.25398E+10,1.25677E+10,1.25961E+10,1.2625E+10,1.26547E+10,1.26854E+10,1.27172E+10,1.275E+10,1.27839E+10,1.28193E+10,1.28561E+10,1.28942E+10,1.29336E+10,1.29744E+10,1.3017E+10,1.30614E+10,1.31078E+10,1.31566E+10,1.32076E+10,1.32619E+10,1.33202E+10,1.3382E+10,1.34477E+10,1.35165E+10,1.35871E+10,1.36596E+10,1.3733E+10,1.38067E+10,1.3881E+10,1.39552E+10,1.40295E+10,1.4105E+10,1.41808E+10,1.42565E+10,1.43325E+10,1.44082E+10,1.44825E+10,1.45553E+10,1.46265E+10,1.46962E+10,1.47648E+10,1.48323E+10,1.48992E+10,1.49659E+10,1.50323E+10,1.50994E+10,1.51692E+10,1.52408E+10,1.53128E+10,1.5384E+10,1.54538E+10,1.55234E+10,1.55915E+10,1.56555E+10,1.57175E+10,1.57783E+10,1.58391E+10,1.59006E+10,1.59622E+10,1.60252E+10,1.60902E+10,1.61558E+10,1.6222E+10,1.62882E+10,1.6354E+10,1.64194E+10,1.64834E+10,1.65471E+10,1.66116E+10,1.66768E+10,1.67427E+10,1.68095E+10,1.68777E+10,1.69481E+10,1.70215E+10,1.71009E+10,1.71852E+10,1.72696E+10,1.73537E+10,1.74367E+10,1.75169E+10,1.7596E+10,1.76736E+10,1.77503E+10,1.78266E+10,1.79025E+10,1.79776E+10,1.80526E+10,1.81274E+10,1.82022E+10,1.82775E+10,1.83543E+10,1.84329E+10,1.8514E+10,1.85974E+10,1.86812E+10,1.87628E+10,1.8843E+10,1.89237E+10,1.90048E+10,1.90872E+10,1.91692E+10,1.92498E+10,1.93297E+10,1.94086E+10,1.94864E+10,1.95633E+10,1.96389E+10,1.97144E+10,1.97897E+10,1.98639E+10,1.99375E+10,2.00101E+10,2.00818E+10,2.01533E+10,2.02244E+10,2.02949E+10,2.03656E+10,2.0436E+10,2.05054E+10,2.05744E+10,2.06426E+10,2.07098E+10,2.07767E+10,2.08432E+10,2.0909E+10,2.09744E+10,2.104E+10,2.11063E+10,2.11725E+10,2.1238E+10,2.13021E+10,2.13655E+10,2.14278E+10,2.14879E+10,2.15463E+10,2.16039E+10,2.16611E+10,2.1718E+10,2.1774E+10,2.1829E+10,2.18833E+10,2.19369E+10,2.19897E+10,2.20415E+10,2.20921E+10,2.21423E+10,2.2192E+10,2.22403E+10,2.22874E+10,2.23337E+10,2.23788E+10,2.24225E+10,2.24651E+10,2.25066E+10,2.25468E+10,2.25861E+10,2.26245E+10,2.26623E+10,2.26996E+10,2.27362E+10,2.27721E+10,2.28073E+10,2.28418E+10,2.28755E+10,2.29082E+10,2.29403E+10,2.29719E+10,2.30031E+10,2.30339E+10,2.30646E+10,2.30953E+10,2.31257E+10,2.31558E+10,2.31854E+10,2.32148E+10,2.3244E+10,2.32729E+10,2.33015E+10,2.33297E+10,2.33578E+10,2.33855E+10,2.34128E+10,2.34399E+10,2.34665E+10,2.34928E+10,2.35191E+10,2.35454E+10,2.35717E+10,2.3598E+10,2.36242E+10,2.36507E+10,2.36773E+10,2.37041E+10,2.37308E+10,2.37577E+10,2.37847E+10,2.38122E+10,2.38397E+10,2.38674E+10,2.38953E+10,2.39234E+10,2.39516E+10,2.39797E+10,2.40079E+10,2.40368E+10,2.4066E+10,2.40958E+10,2.4126E+10,2.41566E+10,2.41878E+10,2.42195E+10,2.42516E+10,2.42841E+10,2.43173E+10,2.43509E+10,2.4385E+10,2.44193E+10,2.4454E+10,2.44896E+10,2.45259E+10,2.45627E+10,2.46002E+10,2.46383E+10,2.46771E+10,2.47167E+10,2.47573E+10,2.47989E+10,2.48413E+10,2.48851E+10,2.49302E+10,2.49764E+10,2.50253E+10,2.50759E+10,2.51261E+10,2.51766E+10,2.52272E+10,2.52781E+10,2.53294E+10,2.53801E+10,2.54314E+10,2.54843E+10,2.55392E+10,2.55962E+10,2.56551E+10,2.57156E+10,2.57775E+10,2.58404E+10,2.59053E+10,2.59713E+10,2.6038E+10,2.61052E+10,2.61728E+10,2.62407E+10,2.63088E+10,2.63768E+10,2.64445E+10,2.65118E+10,2.65783E+10,2.66441E+10,2.67094E+10,2.67741E+10,2.68376E+10,2.68999E+10,2.69611E+10,2.70223E+10,2.70843E+10,2.71476E+10,2.72114E+10,2.72741E+10,2.73363E+10,2.7398E+10,2.74587E+10,2.75175E+10,2.75741E+10,2.76292E+10,2.76839E+10,2.77381E+10,2.77916E+10,2.78449E+10,2.7898E+10,2.79512E+10,2.80044E+10,2.80572E+10,2.81098E+10,2.81632E+10,2.82172E+10,2.82715E+10,2.83256E+10,2.83794E+10,2.8433E+10,2.84865E+10,2.85398E+10,2.85932E+10,2.86476E+10,2.87028E+10,2.87593E+10,2.88182E+10,2.88796E+10,2.89436E+10,2.90112E+10,2.90827E+10,2.91584E+10,2.92388E+10,2.93236E+10,2.94129E+10,2.95084E+10,2.96092E+10,2.97142E+10,2.98229E+10,2.99365E+10,3.00563E+10,3.01811E+10,3.03102E+10,3.04446E+10,3.05847E+10,3.07307E+10,3.08799E+10,3.1032E+10,3.11876E+10,3.13461E+10,3.15081E+10,3.16737E+10,3.18431E+10,3.20156E+10,3.21887E+10,3.23617E+10,3.25361E+10,3.27134E+10,3.28968E+10,3.30872E+10,3.32807E+10,3.34748E+10,3.36727E+10,3.38745E+10,3.4079E+10,3.42845E+10,3.44898E+10,3.4697E+10,3.49101E+10,3.5129E+10,3.53518E+10,3.5578E+10,3.58068E+10,3.60378E+10,3.62718E+10,3.65079E+10,3.67451E+10,3.69843E+10,3.72242E+10,3.74645E+10,3.77036E+10,3.79421E+10,3.81822E+10,3.84228E+10,3.8665E+10,3.89103E+10,3.91557E+10,3.94012E+10,3.96458E+10,3.98879E+10,4.01281E+10,4.03665E+10,4.06023E+10,4.08378E+10,4.10744E+10,4.13112E+10,4.15516E+10,4.17969E+10,4.20456E+10,4.22947E+10,4.25439E+10,4.27908E+10,4.30385E+10,4.32852E+10,4.353E+10,4.3774E+10,4.40189E+10,4.42645E+10,4.45123E+10,4.47619E+10,4.50178E+10,4.52864E+10,4.55617E+10,4.58345E+10,4.61064E+10,4.63778E+10,4.66483E+10,4.69167E+10,4.71854E+10,4.74542E+10,4.77222E+10,4.79898E+10,4.8256E+10,4.85206E+10,4.8781E+10,4.90303E+10,4.92733E+10,4.95188E+10,4.97651E+10,5.00121E+10,5.02593E+10,5.05057E+10,5.07504E+10,5.09954E+10,5.12376E+10,5.14769E+10,5.17142E+10,5.1949E+10,5.21874E+10,5.24385E+10,5.26951E+10,5.29501E+10,5.32036E+10,5.34536E+10,5.3702E+10,5.39426E+10,5.41698E+10,5.43912E+10,5.46133E+10,5.4838E+10,5.50671E+10,5.53003E+10,5.55369E+10,5.57766E+10,5.60196E+10,5.62653E+10,5.65107E+10,5.67559E+10,5.70029E+10,5.72517E+10,5.7499E+10,5.7743E+10,5.7984E+10,5.82233E+10,5.84613E+10,5.86938E+10,5.89181E+10,5.91363E+10,5.93536E+10,5.95732E+10,5.97918E+10,6.00043E+10,6.02107E+10,6.04125E+10,6.06108E+10,6.0803E+10,6.09864E+10,6.11613E+10,6.13203E+10,6.14599E+10,6.16206E+10,6.17726E+10,6.19177E+10,6.20595E+10,6.22004E+10,6.23324E+10,6.24496E+10,6.26062E+10,6.27477E+10,6.28798E+10,6.30265E+10,6.31725E+10,6.33099E+10,6.34252E+10,6.35282E+10,6.36662E+10,6.38075E+10,6.39565E+10,6.41069E+10,6.42429E+10,6.436E+10,6.45287E+10,6.46976E+10,6.48679E+10,6.50369E+10,6.5204E+10,6.53656E+10,6.5514E+10,6.568E+10,6.58451E+10,6.60082E+10,6.6169E+10,6.63274E+10,6.64838E+10,6.66365E+10,6.67865E+10,6.69332E+10,6.70763E+10,6.72165E+10,6.73549E+10,6.74927E+10,6.76313E+10,6.77697E+10,6.79077E+10,6.80453E+10,6.81818E+10,6.8317E+10,6.84526E+10,6.85881E+10,6.87219E+10,6.88536E+10,6.89817E+10,6.91063E+10,6.92272E+10,6.93431E+10,6.94544E+10,6.95634E+10,6.96697E+10,6.97738E+10,6.98762E+10,6.99769E+10,7.0077E+10,7.0178E+10,7.02785E+10,7.0379E+10,7.048E+10,7.05795E+10,7.0676E+10,7.07678E+10,7.08545E+10,7.09361E+10,7.10132E+10,7.10869E+10,7.11584E+10,7.12276E+10,7.12961E+10,7.13649E+10,7.1434E+10,7.15028E+10,7.15711E+10,7.16376E+10,7.1703E+10,7.17675E+10,7.18308E+10,7.18916E+10,7.19498E+10,7.20062E+10,7.20616E+10,7.21169E+10,7.21724E+10,7.22284E+10,7.22859E+10,7.23451E+10,7.24049E+10,7.24643E+10,7.25227E+10,7.25804E+10,7.26372E+10,7.26926E+10,7.27467E+10,7.28E+10,7.28528E+10,7.29054E+10,7.29581E+10,7.30116E+10,7.30663E+10,7.31224E+10,7.31793E+10,7.3237E+10,7.32944E+10,7.33509E+10,7.3406E+10,7.34597E+10,7.35119E+10,7.3562E+10,7.36134E+10,7.36649E+10,7.3717E+10,7.37703E+10,7.38247E+10,7.38759E+10,7.39249E+10,7.39841E+10,7.40435E+10,7.41031E+10,7.41624E+10,7.42209E+10,7.42768E+10,7.43311E+10,7.43937E+10,7.44572E+10,7.45211E+10,7.45857E+10,7.46522E+10,7.47146E+10,7.47748E+10,7.48481E+10,7.49226E+10,7.49987E+10,7.50758E+10,7.51543E+10,7.52256E+10,7.52948E+10,7.53872E+10,7.54813E+10,7.55771E+10,7.56733E+10,7.57684E+10,7.5846E+10,7.59152E+10,7.60035E+10,7.60855E+10,7.61616E+10,7.62343E+10,7.63055E+10,7.63638E+10,7.64156E+10,7.64864E+10,7.65529E+10,7.6616E+10,7.66754E+10,7.67306E+10,7.67746E+10,7.68135E+10,7.68627E+10,7.69088E+10,7.69524E+10,7.69937E+10,7.70323E+10,7.70626E+10,7.70891E+10,7.71227E+10,7.71536E+10,7.7182E+10,7.72084E+10,7.72329E+10,7.72518E+10,7.72687E+10,7.72921E+10,7.73152E+10,7.73381E+10,7.73605E+10,7.73828E+10,7.74026E+10,7.74219E+10,7.74469E+10,7.74718E+10,7.74967E+10,7.75217E+10,7.75471E+10,7.75693E+10,7.75908E+10,7.76196E+10,7.76482E+10,7.76769E+10,7.77057E+10,7.77345E+10,7.77597E+10,7.77838E+10,7.7815E+10,7.78458E+10,7.78763E+10,7.79067E+10,7.79372E+10,7.79642E+10,7.79898E+10,7.80217E+10,7.80531E+10,7.80839E+10,7.81141E+10,7.81438E+10,7.81708E+10,7.81966E+10,7.82273E+10,7.82575E+10,7.82874E+10,7.83168E+10,7.83459E+10,7.83719E+10,7.83964E+10,7.84255E+10,7.84539E+10,7.84816E+10,7.85088E+10,7.85353E+10,7.85598E+10,7.85828E+10,7.86087E+10,7.86339E+10,7.86585E+10,7.86825E+10,7.87059E+10,7.87277E+10,7.87482E+10,7.87708E+10,7.87929E+10,7.88144E+10,7.88354E+10,7.88559E+10,7.88753E+10,7.88937E+10,7.89137E+10,7.89333E+10,7.89527E+10,7.89718E+10,7.89908E+10,7.9009E+10,7.90262E+10,7.90448E+10,7.90629E+10,7.90806E+10,7.9098E+10,7.91149E+10,7.91308E+10,7.9146E+10,7.91626E+10,7.9179E+10,7.91953E+10,7.92114E+10,7.92274E+10,7.92428E+10,7.92581E+10,7.9273E+10,7.9288E+10,7.9303E+10,7.9318E+10,7.93329E+10,7.93479E+10,7.93629E+10,7.93779E+10,7.93929E+10,7.9408E+10,7.94231E+10,7.94382E+10,7.94534E+10,7.94687E+10,7.9484E+10,7.94994E+10,7.9515E+10,7.95306E+10,7.95463E+10,7.95621E+10,7.9578E+10,7.95941E+10,7.96103E+10,7.96266E+10,7.96431E+10
"Cost of Deaths Cumulative[Vermont]",0,0,0,0,0,0,0,0,0,0,0,0,0,0,0,0,0,0,0,0,0,0,0,0,0,0,0,0,0,0,0,0,0,0,0,0,0,0,20.7177,284.578,1340.25,4075.53,9756.43,20124.9,37561.5,65301,107710,170611,261695,391100,572242,823001,1.1674E+06,1.63803E+06,2.27936E+06,3.15214E+06,4.34009E+06,5.95887E+06,8.1657E+06,1.11716E+07,1.52616E+07,2.08283E+07,2.84204E+07,3.84096E+07,5.04331E+07,6.49012E+07,8.23902E+07,1.036E+08,1.29381E+08,1.61142E+08,2.00716E+08,2.49825E+08,3.09907E+08,3.821E+08,4.67304E+08,5.66159E+08,6.79002E+08,8.05834E+08,9.46303E+08,1.09973E+09,1.26515E+09,1.44141E+09,1.62724E+09,1.82138E+09,2.02256E+09,2.22961E+09,2.44135E+09,2.65668E+09,2.87452E+09,3.09384E+09,3.31369E+09,3.53322E+09,3.75165E+09,3.9683E+09,4.1826E+09,4.39407E+09,4.60233E+09,4.80708E+09,5.00803E+09,5.2049E+09,5.39743E+09,5.58539E+09,5.76858E+09,5.94686E+09,6.12014E+09,6.28835E+09,6.45143E+09,6.60934E+09,6.76207E+09,6.90961E+09,7.05197E+09,7.18918E+09,7.32128E+09,7.4483E+09,7.57032E+09,7.68742E+09,7.80037E+09,7.90918E+09,8.01344E+09,8.11318E+09,8.20846E+09,8.29947E+09,8.38622E+09,8.46833E+09,8.54656E+09,8.62111E+09,8.69179E+09,8.75887E+09,8.82236E+09,8.88188E+09,8.93774E+09,8.99001E+09,9.03894E+09,9.08463E+09,9.12728E+09,9.16712E+09,9.20463E+09,9.24033E+09,9.2742E+09,9.30653E+09,9.33702E+09,9.36568E+09,9.39218E+09,9.41687E+09,9.44005E+09,9.4617E+09,9.48244E+09,9.50227E+09,9.52127E+09,9.53999E+09,9.5583E+09,9.57618E+09,9.5938E+09,9.61028E+09,9.62603E+09,9.64136E+09,9.65638E+09,9.67123E+09,9.68596E+09,9.70038E+09,9.71387E+09,9.72624E+09,9.73747E+09,9.74781E+09,9.75745E+09,9.76656E+09,9.77511E+09,9.78333E+09,9.7912E+09,9.79896E+09,9.80647E+09,9.81375E+09,9.8208E+09,9.82757E+09,9.83427E+09,9.84154E+09,9.84885E+09,9.85543E+09,9.86129E+09,9.8666E+09,9.87129E+09,9.87542E+09,9.87901E+09,9.88227E+09,9.88532E+09,9.88817E+09,9.89085E+09,9.89337E+09,9.89574E+09,9.89799E+09,9.90016E+09,9.90223E+09,9.9042E+09,9.90609E+09,9.90793E+09,9.90971E+09,9.91142E+09,9.91306E+09,9.91462E+09,9.9161E+09,9.91752E+09,9.91888E+09,9.92019E+09,9.92145E+09,9.92269E+09,9.92389E+09,9.92505E+09,9.92617E+09,9.92726E+09,9.92831E+09,9.92931E+09,9.93029E+09,9.93126E+09,9.93227E+09,9.93327E+09,9.93433E+09,9.93543E+09,9.93634E+09,9.93717E+09,9.93798E+09,9.93875E+09,9.93951E+09,9.94026E+09,9.94099E+09,9.9417E+09,9.94241E+09,9.9431E+09,9.94378E+09,9.94445E+09,9.94511E+09,9.94576E+09,9.94641E+09,9.94705E+09,9.94769E+09,9.94832E+09,9.94895E+09,9.94957E+09,9.95019E+09,9.95081E+09,9.95142E+09,9.95204E+09,9.95265E+09,9.95326E+09,9.95387E+09,9.95449E+09,9.95511E+09,9.95573E+09,9.95636E+09,9.95699E+09,9.95762E+09,9.95827E+09,9.95892E+09,9.95957E+09,9.96024E+09,9.96091E+09,9.96159E+09,9.96229E+09,9.96299E+09,9.96371E+09,9.96444E+09,9.96517E+09,9.96592E+09,9.96668E+09,9.96745E+09,9.96824E+09,9.96904E+09,9.96985E+09,9.97068E+09,9.97153E+09,9.97239E+09,9.97327E+09,9.97417E+09,9.97509E+09,9.97602E+09,9.97698E+09,9.97795E+09,9.97895E+09,9.97997E+09,9.98101E+09,9.98207E+09,9.98315E+09,9.98426E+09,9.9854E+09,9.98656E+09,9.98775E+09,9.98897E+09,9.99021E+09,9.99149E+09,9.9928E+09,9.99414E+09,9.99551E+09,9.99692E+09,9.99837E+09,9.99986E+09,1.00014E+10,1.0003E+10,1.00046E+10,1.00063E+10,1.0008E+10,1.00098E+10,1.00116E+10,1.00135E+10,1.00155E+10,1.00176E+10,1.00197E+10,1.00219E+10,1.00241E+10,1.00265E+10,1.00289E+10,1.00314E+10,1.0034E+10,1.00367E+10,1.00396E+10,1.00425E+10,1.00455E+10,1.00486E+10,1.00518E+10,1.00552E+10,1.00587E+10,1.00623E+10,1.0066E+10,1.00699E+10,1.00739E+10,1.00781E+10,1.00824E+10,1.00869E+10,1.00916E+10,1.00965E+10,1.01016E+10,1.01069E+10,1.01125E+10,1.01182E+10,1.01243E+10,1.01306E+10,1.01372E+10,1.01441E+10,1.01513E+10,1.01588E+10,1.01665E+10,1.01746E+10,1.0183E+10,1.01916E+10,1.02005E+10,1.02096E+10,1.02189E+10,1.02284E+10,1.02381E+10,1.0248E+10,1.0258E+10,1.0268E+10,1.02782E+10,1.02885E+10,1.02987E+10,1.03091E+10,1.03194E+10,1.03297E+10,1.034E+10,1.03503E+10,1.03606E+10,1.03709E+10,1.03811E+10,1.03912E+10,1.04013E+10,1.04114E+10,1.04214E+10,1.04314E+10,1.04414E+10,1.04513E+10,1.04612E+10,1.04711E+10,1.04809E+10,1.04908E+10,1.05006E+10,1.05104E+10,1.05201E+10,1.05299E+10,1.05396E+10,1.05493E+10,1.0559E+10,1.05686E+10,1.05782E+10,1.05877E+10,1.05972E+10,1.06066E+10,1.0616E+10,1.06253E+10,1.06345E+10,1.06437E+10,1.06527E+10,1.06618E+10,1.06707E+10,1.06797E+10,1.06885E+10,1.06974E+10,1.07061E+10,1.07149E+10,1.07236E+10,1.07324E+10,1.07411E+10,1.07499E+10,1.07586E+10,1.07674E+10,1.07763E+10,1.07852E+10,1.07942E+10,1.08033E+10,1.08125E+10,1.08218E+10,1.08312E+10,1.08407E+10,1.08504E+10,1.08602E+10,1.08701E+10,1.08802E+10,1.08905E+10,1.09009E+10,1.09114E+10,1.09221E+10,1.09328E+10,1.09438E+10,1.09548E+10,1.09659E+10,1.09772E+10,1.09885E+10,1.1E+10,1.10115E+10,1.10231E+10,1.10347E+10,1.10464E+10,1.10581E+10,1.10698E+10,1.10816E+10,1.10934E+10,1.11052E+10,1.1117E+10,1.11288E+10,1.11406E+10,1.11523E+10,1.1164E+10,1.11757E+10,1.11873E+10,1.11988E+10,1.12103E+10,1.12217E+10,1.1233E+10,1.12441E+10,1.12552E+10,1.12661E+10,1.1277E+10,1.12876E+10,1.12982E+10,1.13086E+10,1.13189E+10,1.1329E+10,1.13391E+10,1.1349E+10,1.13587E+10,1.13684E+10,1.1378E+10,1.13874E+10,1.13968E+10,1.14061E+10,1.14154E+10,1.14246E+10,1.14337E+10,1.14428E+10,1.14518E+10,1.14609E+10,1.14699E+10,1.14789E+10,1.14879E+10,1.14968E+10,1.15058E+10,1.15147E+10,1.15237E+10,1.15326E+10,1.15415E+10,1.15505E+10,1.15594E+10,1.15683E+10,1.15771E+10,1.1586E+10,1.15948E+10,1.16037E+10,1.16125E+10,1.16213E+10,1.163E+10,1.16388E+10,1.16475E+10,1.16562E+10,1.16649E+10,1.16736E+10,1.16823E+10,1.16909E+10,1.16996E+10,1.17082E+10,1.17169E+10,1.17255E+10,1.17341E+10,1.17428E+10,1.17514E+10,1.17601E+10,1.17687E+10,1.17774E+10,1.1786E+10,1.17947E+10,1.18034E+10,1.18121E+10,1.18208E+10,1.18295E+10,1.18382E+10,1.1847E+10,1.18557E+10,1.18645E+10,1.18733E+10,1.18821E+10,1.18909E+10,1.18997E+10,1.19085E+10,1.19174E+10,1.19262E+10,1.19351E+10,1.19439E+10,1.19528E+10,1.19616E+10,1.19705E+10,1.19793E+10,1.19881E+10,1.19969E+10,1.20056E+10,1.20143E+10,1.2023E+10,1.20317E+10,1.20403E+10,1.20489E+10,1.20574E+10,1.20659E+10,1.20744E+10,1.20828E+10,1.20911E+10,1.20994E+10,1.21077E+10,1.21159E+10,1.2124E+10,1.21322E+10,1.21402E+10,1.21483E+10,1.21563E+10,1.21642E+10,1.21721E+10,1.218E+10,1.21878E+10,1.21956E+10,1.22033E+10,1.2211E+10,1.22187E+10,1.22264E+10,1.2234E+10,1.22416E+10,1.22492E+10,1.22569E+10,1.22647E+10,1.22724E+10,1.22802E+10,1.2288E+10,1.2296E+10,1.23043E+10,1.23124E+10,1.23205E+10,1.23285E+10,1.23365E+10,1.23443E+10,1.23519E+10,1.23594E+10,1.23671E+10,1.23748E+10,1.23825E+10,1.23903E+10,1.23981E+10,1.24057E+10,1.24134E+10,1.24211E+10,1.24288E+10,1.24367E+10,1.24447E+10,1.24528E+10,1.24611E+10,1.24697E+10,1.24785E+10,1.24875E+10,1.24968E+10,1.25064E+10,1.25164E+10,1.25268E+10,1.2538E+10,1.255E+10,1.25629E+10,1.25766E+10,1.25911E+10,1.26067E+10,1.2624E+10,1.26426E+10,1.26613E+10,1.26803E+10,1.27006E+10,1.27221E+10,1.27445E+10,1.27671E+10,1.27904E+10,1.28157E+10,1.28422E+10,1.28694E+10,1.28975E+10,1.29263E+10,1.29553E+10,1.29841E+10,1.30127E+10,1.30411E+10,1.30694E+10,1.30972E+10,1.31248E+10,1.31525E+10,1.31801E+10,1.32073E+10,1.32342E+10,1.3261E+10,1.32878E+10,1.33145E+10,1.33409E+10,1.33663E+10,1.33907E+10,1.34146E+10,1.34381E+10,1.34613E+10,1.34842E+10,1.35069E+10,1.35293E+10,1.35514E+10,1.35733E+10,1.3595E+10,1.36165E+10,1.36377E+10,1.36586E+10,1.36792E+10,1.36996E+10,1.37196E+10,1.37393E+10,1.37587E+10,1.37778E+10,1.37965E+10,1.38149E+10,1.3833E+10,1.38508E+10,1.38683E+10,1.38854E+10,1.39023E+10,1.39189E+10,1.39352E+10,1.39513E+10,1.39671E+10,1.39826E+10,1.3998E+10,1.40131E+10,1.4028E+10,1.40427E+10,1.40572E+10,1.40716E+10,1.40858E+10,1.40998E+10,1.41138E+10,1.41276E+10,1.41413E+10,1.41549E+10,1.41685E+10,1.4182E+10,1.41954E+10,1.42088E+10,1.42221E+10,1.42355E+10,1.42488E+10,1.42622E+10,1.42755E+10,1.4289E+10,1.43024E+10,1.4316E+10,1.43296E+10,1.43434E+10,1.43573E+10,1.43713E+10,1.43855E+10,1.43999E+10,1.44145E+10,1.44294E+10,1.44446E+10,1.44601E+10,1.4476E+10,1.44922E+10,1.45089E+10,1.45261E+10,1.45438E+10,1.4562E+10,1.45808E+10,1.46002E+10,1.46204E+10,1.46412E+10,1.46627E+10,1.4685E+10,1.47081E+10,1.4732E+10,1.47567E+10,1.47822E+10,1.48086E+10,1.48357E+10,1.48637E+10,1.48925E+10,1.49221E+10,1.49524E+10,1.49834E+10,1.50151E+10,1.50475E+10,1.50805E+10,1.51141E+10,1.51482E+10,1.51829E+10,1.52181E+10,1.52539E+10,1.52901E+10,1.53269E+10,1.53642E+10,1.54021E+10,1.54405E+10,1.54796E+10,1.55192E+10,1.55596E+10,1.56006E+10,1.56423E+10,1.56848E+10,1.5728E+10,1.5772E+10,1.58167E+10,1.58621E+10,1.59083E+10,1.59552E+10,1.60029E+10,1.60517E+10,1.61012E+10,1.61513E+10,1.62024E+10,1.62551E+10,1.63069E+10,1.63584E+10,1.64103E+10,1.64626E+10,1.65153E+10,1.65685E+10,1.66221E+10,1.66761E+10,1.67306E+10,1.67856E+10,1.6841E+10,1.68971E+10,1.69536E+10,1.70108E+10,1.70684E+10,1.71258E+10,1.71829E+10,1.72398E+10,1.72964E+10,1.73527E+10,1.74087E+10,1.74645E+10,1.75202E+10,1.75769E+10,1.76352E+10,1.76939E+10,1.77531E+10,1.78145E+10,1.78773E+10,1.79399E+10,1.80021E+10,1.80636E+10,1.81244E+10,1.8184E+10,1.82425E+10,1.82992E+10,1.83535E+10,1.84062E+10,1.84588E+10,1.85113E+10,1.85638E+10,1.86165E+10,1.86691E+10,1.87223E+10,1.87761E+10,1.88321E+10,1.88898E+10,1.89485E+10,1.90087E+10,1.90718E+10,1.91382E+10,1.92092E+10,1.92846E+10,1.93623E+10,1.94425E+10,1.95258E+10,1.9614E+10,1.97075E+10,1.98051E+10,1.99065E+10,2.00087E+10,2.01109E+10,2.02141E+10,2.03193E+10,2.04242E+10,2.05305E+10,2.06374E+10,2.07441E+10,2.08522E+10,2.09636E+10,2.10768E+10,2.1191E+10,2.1303E+10,2.14125E+10,2.15209E+10,2.16282E+10,2.17341E+10,2.18368E+10,2.19354E+10,2.20309E+10,2.21252E+10,2.22186E+10,2.23127E+10,2.24091E+10,2.25073E+10,2.26082E+10,2.2711E+10,2.28127E+10,2.29109E+10,2.30043E+10,2.30931E+10,2.31785E+10,2.32597E+10,2.33378E+10,2.3413E+10,2.34864E+10,2.35587E+10,2.36313E+10,2.37035E+10,2.37768E+10,2.38506E+10,2.39228E+10,2.39915E+10,2.4056E+10,2.41164E+10,2.41731E+10,2.4226E+10,2.42751E+10,2.43219E+10,2.43668E+10,2.44102E+10,2.4452E+10,2.44929E+10,2.45353E+10,2.45813E+10,2.46268E+10,2.46695E+10,2.47102E+10,2.47491E+10,2.47853E+10,2.48177E+10,2.48469E+10,2.48754E+10,2.49029E+10,2.49296E+10,2.49559E+10,2.49809E+10,2.50044E+10,2.5026E+10,2.50462E+10,2.50659E+10,2.50848E+10,2.5103E+10,2.51207E+10,2.51378E+10,2.51543E+10,2.51703E+10,2.51859E+10,2.52011E+10,2.52162E+10,2.52311E+10,2.52462E+10,2.52615E+10,2.52766E+10,2.52909E+10,2.53041E+10,2.53163E+10,2.53279E+10,2.53391E+10,2.53501E+10,2.53607E+10,2.53711E+10,2.53813E+10,2.53911E+10,2.54008E+10,2.54102E+10,2.54194E+10,2.54284E+10,2.54372E+10,2.54457E+10,2.54541E+10,2.54623E+10,2.54704E+10,2.54783E+10,2.5486E+10,2.54936E+10,2.55011E+10,2.55084E+10,2.55157E+10,2.55228E+10,2.55298E+10,2.55368E+10,2.55436E+10,2.55504E+10,2.55571E+10,2.55637E+10,2.55703E+10,2.55771E+10,2.55839E+10,2.55907E+10,2.55978E+10,2.56054E+10,2.56127E+10,2.56197E+10,2.56264E+10,2.56327E+10,2.56386E+10,2.56441E+10,2.56492E+10,2.56544E+10,2.56594E+10,2.56643E+10,2.56691E+10,2.56737E+10,2.56782E+10,2.56827E+10,2.56871E+10,2.56913E+10,2.56953E+10,2.56993E+10,2.57032E+10,2.57073E+10,2.57117E+10,2.5716E+10,2.57202E+10,2.57243E+10,2.57283E+10,2.57321E+10,2.57358E+10,2.57396E+10,2.57432E+10,2.57468E+10,2.57502E+10,2.57538E+10,2.57575E+10,2.57613E+10,2.57651E+10,2.57688E+10,2.57727E+10,2.5777E+10,2.57815E+10,2.57862E+10,2.57911E+10,2.57962E+10,2.5802E+10,2.5808E+10,2.58144E+10,2.58213E+10,2.58285E+10,2.58363E+10,2.58445E+10,2.58531E+10,2.58621E+10,2.58715E+10,2.58815E+10,2.58919E+10,2.59028E+10,2.59143E+10,2.59265E+10,2.59392E+10,2.59524E+10,2.5966E+10,2.598E+10,2.59944E+10,2.60092E+10,2.60243E+10,2.604E+10,2.60562E+10,2.60729E+10,2.609E+10,2.61076E+10,2.61256E+10,2.6144E+10,2.61626E+10,2.61815E+10,2.62007E+10,2.622E+10,2.62392E+10,2.62585E+10,2.62778E+10,2.62971E+10,2.63162E+10,2.63351E+10,2.63539E+10,2.63724E+10,2.63906E+10,2.64085E+10,2.6426E+10,2.64434E+10,2.64604E+10,2.64771E+10,2.64934E+10,2.65095E+10,2.65253E+10,2.65411E+10,2.65568E+10,2.65723E+10,2.65872E+10,2.66021E+10,2.66168E+10,2.66309E+10,2.66446E+10,2.66577E+10,2.66702E+10,2.66821E+10,2.66935E+10,2.67045E+10,2.67152E+10,2.67256E+10,2.67356E+10,2.67452E+10,2.67545E+10,2.67634E+10,2.67722E+10,2.67806E+10,2.67888E+10,2.67978E+10,2.68048E+10,2.68118E+10,2.68186E+10,2.68253E+10,2.68319E+10,2.68382E+10,2.68445E+10,2.68506E+10,2.68566E+10,2.68624E+10,2.68681E+10,2.68737E+10,2.68792E+10,2.68845E+10,2.68898E+10,2.68949E+10,2.69E+10,2.69049E+10,2.69098E+10,2.69146E+10,2.69193E+10,2.69239E+10,2.69284E+10,2.69329E+10,2.69374E+10
"Cost of Deaths Cumulative[Virginia]",0,0,0,0,0,0,0,0,0,0,0,0,0,0,0,0,0,0,0,0,0,0,0,0,0,0,0,0,0,0,0,0,0.565792,13.7962,76.1746,248.073,613.672,1282.91,2395.31,4124.89,6686.16,10342.2,15414.5,22298.5,31483.8,43577.2,59325.1,79646.3,105674,138811,180803,233846,300744,385091,491498,625860,795714,1.01067E+06,1.28295E+06,1.628E+06,2.06535E+06,2.61984E+06,3.32322E+06,4.2163E+06,5.3516E+06,6.79708E+06,8.63981E+06,1.09902E+07,1.39885E+07,1.78168E+07,2.27127E+07,2.89836E+07,3.70262E+07,4.73513E+07,6.06186E+07,7.76802E+07,9.96257E+07,1.27834E+08,1.64034E+08,2.10359E+08,2.69417E+08,3.44423E+08,4.39302E+08,5.58484E+08,7.06544E+08,8.87904E+08,1.10659E+09,1.36607E+09,1.6691E+09,2.01769E+09,2.41315E+09,2.8561E+09,3.34652E+09,3.88379E+09,4.46679E+09,5.09399E+09,5.7634E+09,6.47269E+09,7.21915E+09,7.99979E+09,8.81138E+09,9.6505E+09,1.05136E+10,1.13973E+10,1.22981E+10,1.32127E+10,1.41379E+10,1.50706E+10,1.60079E+10,1.6947E+10,1.79037E+10,1.88708E+10,1.98304E+10,2.07821E+10,2.17239E+10,2.26544E+10,2.35719E+10,2.44749E+10,2.53623E+10,2.62322E+10,2.70835E+10,2.79165E+10,2.87308E+10,2.95244E+10,3.02964E+10,3.10476E+10,3.17758E+10,3.24804E+10,3.31615E+10,3.38198E+10,3.44584E+10,3.50759E+10,3.56714E+10,3.62467E+10,3.68013E+10,3.73351E+10,3.7851E+10,3.8349E+10,3.88293E+10,3.92922E+10,3.97391E+10,4.01726E+10,4.05929E+10,4.09969E+10,4.13829E+10,4.1757E+10,4.21218E+10,4.24766E+10,4.28208E+10,4.31573E+10,4.34894E+10,4.38206E+10,4.41488E+10,4.44684E+10,4.47769E+10,4.50747E+10,4.53612E+10,4.56369E+10,4.59027E+10,4.61585E+10,4.64022E+10,4.66325E+10,4.68506E+10,4.70575E+10,4.72552E+10,4.74457E+10,4.76288E+10,4.78047E+10,4.7975E+10,4.81414E+10,4.83028E+10,4.84608E+10,4.86159E+10,4.87678E+10,4.89139E+10,4.90551E+10,4.91921E+10,4.93259E+10,4.94562E+10,4.95831E+10,4.9707E+10,4.98281E+10,4.99457E+10,5.0061E+10,5.01736E+10,5.02819E+10,5.03865E+10,5.04898E+10,5.0594E+10,5.06975E+10,5.07958E+10,5.08889E+10,5.09817E+10,5.1073E+10,5.11608E+10,5.12429E+10,5.1321E+10,5.13967E+10,5.14715E+10,5.15442E+10,5.16157E+10,5.1687E+10,5.17595E+10,5.18312E+10,5.19027E+10,5.1974E+10,5.20444E+10,5.21131E+10,5.21786E+10,5.2241E+10,5.23032E+10,5.23658E+10,5.24281E+10,5.24906E+10,5.25536E+10,5.26176E+10,5.2683E+10,5.27496E+10,5.28177E+10,5.28865E+10,5.29548E+10,5.30248E+10,5.30983E+10,5.31752E+10,5.32527E+10,5.33302E+10,5.34095E+10,5.3492E+10,5.35745E+10,5.36538E+10,5.37302E+10,5.38087E+10,5.38891E+10,5.39714E+10,5.40558E+10,5.41417E+10,5.42298E+10,5.43201E+10,5.44095E+10,5.44982E+10,5.45856E+10,5.46722E+10,5.47589E+10,5.48462E+10,5.49347E+10,5.50249E+10,5.51157E+10,5.52072E+10,5.52999E+10,5.53927E+10,5.54855E+10,5.55777E+10,5.56703E+10,5.57632E+10,5.58561E+10,5.59492E+10,5.60432E+10,5.6139E+10,5.62358E+10,5.63325E+10,5.64301E+10,5.65297E+10,5.6631E+10,5.67336E+10,5.68378E+10,5.69454E+10,5.70545E+10,5.71635E+10,5.7272E+10,5.73798E+10,5.74879E+10,5.75956E+10,5.77018E+10,5.78077E+10,5.79133E+10,5.80191E+10,5.81253E+10,5.82311E+10,5.83364E+10,5.84414E+10,5.85452E+10,5.86476E+10,5.87484E+10,5.88473E+10,5.89455E+10,5.90429E+10,5.91392E+10,5.92354E+10,5.93328E+10,5.94315E+10,5.9532E+10,5.96332E+10,5.97342E+10,5.98354E+10,5.99357E+10,6.00347E+10,6.01335E+10,6.02322E+10,6.0332E+10,6.04343E+10,6.05376E+10,6.06419E+10,6.07458E+10,6.08491E+10,6.09523E+10,6.10547E+10,6.11555E+10,6.12557E+10,6.13555E+10,6.14561E+10,6.1558E+10,6.16613E+10,6.17659E+10,6.18722E+10,6.198E+10,6.20894E+10,6.22005E+10,6.23128E+10,6.24255E+10,6.25392E+10,6.26538E+10,6.27693E+10,6.28853E+10,6.30016E+10,6.31201E+10,6.32415E+10,6.33628E+10,6.3483E+10,6.36023E+10,6.37214E+10,6.38411E+10,6.39598E+10,6.40773E+10,6.41943E+10,6.43117E+10,6.44303E+10,6.45503E+10,6.46705E+10,6.47911E+10,6.49132E+10,6.50377E+10,6.51648E+10,6.52932E+10,6.5423E+10,6.55539E+10,6.56854E+10,6.58179E+10,6.59521E+10,6.60877E+10,6.62242E+10,6.63616E+10,6.65018E+10,6.66457E+10,6.67925E+10,6.69406E+10,6.70902E+10,6.72423E+10,6.73965E+10,6.75519E+10,6.7708E+10,6.78678E+10,6.80319E+10,6.81982E+10,6.83648E+10,6.85322E+10,6.87024E+10,6.88728E+10,6.90418E+10,6.92135E+10,6.93889E+10,6.95677E+10,6.9749E+10,6.99331E+10,7.01232E+10,7.03192E+10,7.05185E+10,7.07254E+10,7.09477E+10,7.11953E+10,7.14697E+10,7.17577E+10,7.20523E+10,7.23507E+10,7.26366E+10,7.28969E+10,7.31339E+10,7.33563E+10,7.3574E+10,7.37911E+10,7.40084E+10,7.42245E+10,7.44402E+10,7.46572E+10,7.48747E+10,7.5093E+10,7.53129E+10,7.55344E+10,7.57589E+10,7.59873E+10,7.62187E+10,7.64527E+10,7.66887E+10,7.69249E+10,7.71632E+10,7.74035E+10,7.76453E+10,7.7888E+10,7.81362E+10,7.83953E+10,7.86672E+10,7.89471E+10,7.92295E+10,7.95114E+10,7.97923E+10,8.00686E+10,8.03391E+10,8.06055E+10,8.08696E+10,8.11301E+10,8.13893E+10,8.16489E+10,8.19062E+10,8.21587E+10,8.24099E+10,8.26611E+10,8.29143E+10,8.31704E+10,8.34291E+10,8.36908E+10,8.39583E+10,8.4231E+10,8.45084E+10,8.47911E+10,8.50784E+10,8.5372E+10,8.56736E+10,8.59802E+10,8.62915E+10,8.66088E+10,8.69325E+10,8.72615E+10,8.75944E+10,8.79335E+10,8.82762E+10,8.86255E+10,8.89812E+10,8.9343E+10,8.9708E+10,9.00736E+10,9.04356E+10,9.08022E+10,9.11719E+10,9.15392E+10,9.19024E+10,9.2263E+10,9.26214E+10,9.29822E+10,9.33443E+10,9.3705E+10,9.40622E+10,9.44168E+10,9.47693E+10,9.51255E+10,9.54861E+10,9.58444E+10,9.61958E+10,9.65397E+10,9.68728E+10,9.71982E+10,9.75157E+10,9.78237E+10,9.81238E+10,9.84208E+10,9.87168E+10,9.90145E+10,9.93132E+10,9.96097E+10,9.99046E+10,1.002E+11,1.00493E+11,1.00783E+11,1.01071E+11,1.01358E+11,1.01643E+11,1.01923E+11,1.02199E+11,1.02476E+11,1.02752E+11,1.03026E+11,1.03297E+11,1.0357E+11,1.03844E+11,1.0412E+11,1.04394E+11,1.04665E+11,1.04933E+11,1.05199E+11,1.05465E+11,1.05729E+11,1.0599E+11,1.06249E+11,1.06507E+11,1.06768E+11,1.0703E+11,1.07291E+11,1.07553E+11,1.07813E+11,1.08071E+11,1.08327E+11,1.08582E+11,1.08834E+11,1.09084E+11,1.0933E+11,1.09575E+11,1.0982E+11,1.10062E+11,1.10302E+11,1.10539E+11,1.10773E+11,1.1101E+11,1.11248E+11,1.11485E+11,1.11724E+11,1.11962E+11,1.12201E+11,1.1244E+11,1.1268E+11,1.12922E+11,1.13163E+11,1.13403E+11,1.13642E+11,1.13881E+11,1.14124E+11,1.14368E+11,1.1461E+11,1.14853E+11,1.15096E+11,1.15342E+11,1.15591E+11,1.1584E+11,1.1609E+11,1.16338E+11,1.16585E+11,1.16835E+11,1.17091E+11,1.1735E+11,1.17612E+11,1.17872E+11,1.18133E+11,1.18394E+11,1.18649E+11,1.18897E+11,1.19143E+11,1.19389E+11,1.1964E+11,1.19894E+11,1.20152E+11,1.20413E+11,1.20677E+11,1.20947E+11,1.21223E+11,1.21505E+11,1.21787E+11,1.22065E+11,1.22344E+11,1.22629E+11,1.22916E+11,1.23194E+11,1.23462E+11,1.23727E+11,1.23991E+11,1.24249E+11,1.24499E+11,1.24747E+11,1.24997E+11,1.25248E+11,1.25499E+11,1.25751E+11,1.26004E+11,1.26256E+11,1.26511E+11,1.26772E+11,1.2704E+11,1.27308E+11,1.27576E+11,1.27843E+11,1.28113E+11,1.28382E+11,1.28651E+11,1.28922E+11,1.29194E+11,1.29467E+11,1.29744E+11,1.30026E+11,1.30313E+11,1.30607E+11,1.30909E+11,1.31219E+11,1.31538E+11,1.3187E+11,1.32217E+11,1.32573E+11,1.32933E+11,1.33299E+11,1.33675E+11,1.34064E+11,1.3446E+11,1.34865E+11,1.35289E+11,1.35731E+11,1.36188E+11,1.36663E+11,1.37158E+11,1.37671E+11,1.38198E+11,1.38743E+11,1.3931E+11,1.39903E+11,1.40516E+11,1.4115E+11,1.41809E+11,1.42497E+11,1.43209E+11,1.43944E+11,1.44697E+11,1.45473E+11,1.46277E+11,1.47112E+11,1.47974E+11,1.48857E+11,1.49764E+11,1.50698E+11,1.51662E+11,1.52661E+11,1.53692E+11,1.54756E+11,1.55855E+11,1.56982E+11,1.58143E+11,1.59332E+11,1.60548E+11,1.61797E+11,1.63074E+11,1.64374E+11,1.65696E+11,1.67027E+11,1.68365E+11,1.6971E+11,1.71069E+11,1.72441E+11,1.73823E+11,1.75204E+11,1.76587E+11,1.78027E+11,1.79518E+11,1.81035E+11,1.82564E+11,1.84111E+11,1.85656E+11,1.8716E+11,1.88615E+11,1.9005E+11,1.9151E+11,1.93008E+11,1.94523E+11,1.96077E+11,1.97698E+11,1.99382E+11,2.01123E+11,2.02878E+11,2.0463E+11,2.06387E+11,2.08157E+11,2.09953E+11,2.11764E+11,2.13572E+11,2.1539E+11,2.17221E+11,2.19061E+11,2.20906E+11,2.22754E+11,2.24593E+11,2.26431E+11,2.28274E+11,2.30114E+11,2.31946E+11,2.33772E+11,2.35566E+11,2.37329E+11,2.39083E+11,2.40822E+11,2.42552E+11,2.44263E+11,2.45936E+11,2.47587E+11,2.49224E+11,2.50816E+11,2.52386E+11,2.53934E+11,2.55466E+11,2.56983E+11,2.58479E+11,2.59967E+11,2.61455E+11,2.62918E+11,2.64357E+11,2.65777E+11,2.67195E+11,2.68614E+11,2.70018E+11,2.71403E+11,2.72772E+11,2.74121E+11,2.75461E+11,2.76797E+11,2.7813E+11,2.79459E+11,2.80784E+11,2.82101E+11,2.83409E+11,2.84708E+11,2.85999E+11,2.87268E+11,2.8851E+11,2.89726E+11,2.90916E+11,2.92083E+11,2.93228E+11,2.94358E+11,2.95494E+11,2.96641E+11,2.9779E+11,2.98938E+11,3.0009E+11,3.0124E+11,3.02379E+11,3.03499E+11,3.04608E+11,3.05717E+11,3.06823E+11,3.07928E+11,3.09035E+11,3.10169E+11,3.1136E+11,3.12587E+11,3.13808E+11,3.1501E+11,3.16182E+11,3.17315E+11,3.18384E+11,3.19376E+11,3.20323E+11,3.21258E+11,3.22193E+11,3.23138E+11,3.24089E+11,3.25039E+11,3.25988E+11,3.26929E+11,3.2786E+11,3.28781E+11,3.29689E+11,3.30582E+11,3.31458E+11,3.32316E+11,3.33162E+11,3.34E+11,3.34832E+11,3.3566E+11,3.36484E+11,3.37304E+11,3.38123E+11,3.38948E+11,3.3979E+11,3.4064E+11,3.41487E+11,3.42301E+11,3.4315E+11,3.43993E+11,3.44829E+11,3.45655E+11,3.46487E+11,3.47213E+11,3.47823E+11,3.48734E+11,3.49629E+11,3.5051E+11,3.51382E+11,3.52257E+11,3.53012E+11,3.53678E+11,3.54662E+11,3.55642E+11,3.56625E+11,3.57626E+11,3.58664E+11,3.59633E+11,3.60508E+11,3.617E+11,3.629E+11,3.64108E+11,3.65313E+11,3.66502E+11,3.67617E+11,3.68603E+11,3.69808E+11,3.71006E+11,3.72195E+11,3.73376E+11,3.74541E+11,3.75667E+11,3.76709E+11,3.77841E+11,3.78953E+11,3.80041E+11,3.81104E+11,3.82148E+11,3.83176E+11,3.84169E+11,3.85166E+11,3.8615E+11,3.87119E+11,3.88063E+11,3.88979E+11,3.89865E+11,3.9072E+11,3.91543E+11,3.92332E+11,3.93092E+11,3.93828E+11,3.94545E+11,3.95251E+11,3.95949E+11,3.9664E+11,3.97322E+11,3.9799E+11,3.98642E+11,3.99276E+11,3.99892E+11,4.00488E+11,4.01072E+11,4.01647E+11,4.02213E+11,4.02766E+11,4.03307E+11,4.03841E+11,4.04372E+11,4.04904E+11,4.05435E+11,4.05958E+11,4.06469E+11,4.0697E+11,4.07458E+11,4.07932E+11,4.08391E+11,4.08836E+11,4.09273E+11,4.09704E+11,4.10127E+11,4.10545E+11,4.10958E+11,4.11366E+11,4.11768E+11,4.12162E+11,4.12552E+11,4.12938E+11,4.13319E+11,4.13693E+11,4.14063E+11,4.14429E+11,4.14794E+11,4.15155E+11,4.15513E+11,4.15871E+11,4.16231E+11,4.16592E+11,4.16953E+11,4.1731E+11,4.17665E+11,4.18019E+11,4.18372E+11,4.18725E+11,4.19078E+11,4.19432E+11,4.19789E+11,4.20146E+11,4.20502E+11,4.20861E+11,4.21222E+11,4.21583E+11,4.21943E+11,4.22303E+11,4.22664E+11,4.23023E+11,4.23375E+11,4.23718E+11,4.24058E+11,4.24394E+11,4.24729E+11,4.25067E+11,4.25409E+11,4.25759E+11,4.26117E+11,4.26481E+11,4.26851E+11,4.27226E+11,4.27602E+11,4.27983E+11,4.28365E+11,4.28748E+11,4.29136E+11,4.29533E+11,4.29936E+11,4.30342E+11,4.30752E+11,4.31165E+11,4.31576E+11,4.31993E+11,4.32409E+11,4.3283E+11,4.33258E+11,4.33694E+11,4.34138E+11,4.34587E+11,4.35051E+11,4.35527E+11,4.36017E+11,4.36516E+11,4.37024E+11,4.37546E+11,4.38063E+11,4.38605E+11,4.39128E+11,4.39625E+11,4.401E+11,4.40554E+11,4.40984E+11,4.41384E+11,4.41791E+11,4.42199E+11,4.42584E+11,4.42974E+11,4.43343E+11,4.43685E+11,4.43994E+11,4.44309E+11,4.44597E+11,4.44865E+11,4.4512E+11,4.45366E+11,4.45604E+11,4.45829E+11,4.46049E+11,4.46258E+11,4.46455E+11,4.46641E+11,4.46816E+11,4.46979E+11,4.47128E+11,4.47276E+11,4.47413E+11,4.47542E+11,4.47673E+11,4.47805E+11,4.4794E+11,4.48075E+11,4.48211E+11,4.48349E+11,4.4849E+11,4.48633E+11,4.48779E+11,4.48925E+11,4.49074E+11,4.49226E+11,4.4938E+11,4.49535E+11,4.49692E+11,4.49852E+11,4.50014E+11,4.50176E+11,4.50339E+11,4.50501E+11,4.50663E+11,4.50824E+11,4.50984E+11,4.51143E+11,4.51301E+11,4.5146E+11,4.51619E+11,4.51776E+11,4.51932E+11,4.52087E+11,4.52241E+11,4.52392E+11,4.52542E+11,4.5269E+11,4.52838E+11,4.52984E+11,4.53128E+11,4.53271E+11,4.53411E+11,4.53549E+11,4.53684E+11,4.53818E+11,4.53949E+11,4.54078E+11,4.54204E+11,4.54329E+11,4.54451E+11,4.54572E+11,4.5469E+11,4.54806E+11,4.5492E+11,4.55032E+11,4.55142E+11,4.5525E+11,4.55357E+11,4.55462E+11,4.55565E+11,4.55667E+11,4.55768E+11,4.55867E+11,4.55965E+11,4.56061E+11,4.56157E+11,4.56251E+11,4.56345E+11,4.56439E+11,4.56533E+11,4.56625E+11,4.56716E+11,4.56805E+11,4.56893E+11,4.5698E+11,4.57065E+11,4.57149E+11,4.57232E+11,4.57316E+11,4.57399E+11,4.57483E+11,4.57566E+11,4.57649E+11,4.57733E+11,4.57816E+11,4.57901E+11,4.57993E+11,4.58074E+11,4.58154E+11,4.58235E+11,4.58317E+11,4.58399E+11,4.58481E+11,4.58563E+11,4.58646E+11,4.58729E+11,4.58813E+11,4.58897E+11,4.58981E+11,4.59066E+11,4.59152E+11,4.59238E+11,4.59325E+11,4.59412E+11,4.595E+11,4.59589E+11,4.59679E+11,4.59769E+11,4.5986E+11,4.59952E+11,4.60045E+11,4.60139E+11
"Cost of Deaths Cumulative[Washington]",0,0,0,0,0,0,0,0,0,0,0,0,0,0,0,0,0,0,0,0,0,0,0,0,0,0,0,0,0,0,0,0,0,0,0,0,0,0,0,0,1.23328,84.3552,586.754,2136.44,5674.96,12519.7,24468.4,43942.9,74174.8,119487,185778,281215,417145,609297,879470,1.25789E+06,1.78651E+06,2.52372E+06,3.55101E+06,4.98198E+06,6.97468E+06,9.74859E+06,1.36094E+07,1.89834E+07,2.64526E+07,3.68063E+07,5.11165E+07,7.08486E+07,9.80046E+07,1.35299E+08,1.86392E+08,2.56218E+08,3.51365E+08,4.64344E+08,5.88634E+08,7.25011E+08,8.74606E+08,1.04206E+09,1.2361E+09,1.46421E+09,1.73181E+09,2.04217E+09,2.39618E+09,2.79281E+09,3.22989E+09,3.70441E+09,4.21285E+09,4.7513E+09,5.31568E+09,5.90182E+09,6.50593E+09,7.12436E+09,7.75362E+09,8.39053E+09,9.03223E+09,9.67617E+09,1.03202E+10,1.09622E+10,1.16003E+10,1.22331E+10,1.28593E+10,1.3478E+10,1.40883E+10,1.46895E+10,1.52812E+10,1.58628E+10,1.64341E+10,1.69947E+10,1.75443E+10,1.80827E+10,1.86098E+10,1.91246E+10,1.96267E+10,2.01172E+10,2.05955E+10,2.10613E+10,2.15145E+10,2.19552E+10,2.23842E+10,2.28011E+10,2.32053E+10,2.35978E+10,2.39792E+10,2.43499E+10,2.4709E+10,2.50552E+10,2.53907E+10,2.57162E+10,2.60273E+10,2.6323E+10,2.6606E+10,2.68784E+10,2.714E+10,2.73905E+10,2.76308E+10,2.78635E+10,2.80912E+10,2.83157E+10,2.85382E+10,2.87604E+10,2.89818E+10,2.92023E+10,2.94208E+10,2.96356E+10,2.98455E+10,3.005E+10,3.02482E+10,3.04394E+10,3.06233E+10,3.07701E+10,3.08982E+10,3.10128E+10,3.11195E+10,3.12215E+10,3.13226E+10,3.14245E+10,3.15487E+10,3.17286E+10,3.18993E+10,3.20625E+10,3.22179E+10,3.23641E+10,3.25046E+10,3.26421E+10,3.27783E+10,3.29088E+10,3.30318E+10,3.315E+10,3.32623E+10,3.33657E+10,3.34643E+10,3.35591E+10,3.36507E+10,3.37397E+10,3.38247E+10,3.39069E+10,3.39884E+10,3.40658E+10,3.41392E+10,3.42096E+10,3.42773E+10,3.43427E+10,3.44056E+10,3.44657E+10,3.45232E+10,3.4579E+10,3.46322E+10,3.46827E+10,3.47315E+10,3.47787E+10,3.48239E+10,3.48677E+10,3.49103E+10,3.49519E+10,3.49927E+10,3.50279E+10,3.50571E+10,3.50859E+10,3.51142E+10,3.51417E+10,3.51686E+10,3.51949E+10,3.52229E+10,3.52548E+10,3.52854E+10,3.53155E+10,3.53456E+10,3.53759E+10,3.54057E+10,3.54352E+10,3.54642E+10,3.54929E+10,3.55215E+10,3.55498E+10,3.55783E+10,3.56074E+10,3.56378E+10,3.56701E+10,3.57049E+10,3.57425E+10,3.57839E+10,3.58301E+10,3.58818E+10,3.59391E+10,3.60028E+10,3.60731E+10,3.61492E+10,3.62319E+10,3.63202E+10,3.64141E+10,3.6515E+10,3.66216E+10,3.67328E+10,3.68491E+10,3.69677E+10,3.70901E+10,3.72153E+10,3.73399E+10,3.74627E+10,3.75842E+10,3.77049E+10,3.78245E+10,3.79398E+10,3.80508E+10,3.81583E+10,3.82621E+10,3.83634E+10,3.84619E+10,3.8557E+10,3.86494E+10,3.87396E+10,3.88292E+10,3.8918E+10,3.90046E+10,3.90886E+10,3.91709E+10,3.92522E+10,3.93331E+10,3.9412E+10,3.94888E+10,3.95635E+10,3.96371E+10,3.97093E+10,3.97793E+10,3.98469E+10,3.99116E+10,3.99736E+10,4.00344E+10,4.0093E+10,4.01499E+10,4.02051E+10,4.02587E+10,4.03108E+10,4.03613E+10,4.04097E+10,4.04574E+10,4.05055E+10,4.05528E+10,4.05983E+10,4.06418E+10,4.06846E+10,4.07265E+10,4.07671E+10,4.08055E+10,4.08437E+10,4.08823E+10,4.09212E+10,4.09596E+10,4.09973E+10,4.10347E+10,4.10722E+10,4.11094E+10,4.11462E+10,4.11827E+10,4.12193E+10,4.12567E+10,4.12947E+10,4.13329E+10,4.13721E+10,4.14128E+10,4.1456E+10,4.15007E+10,4.15466E+10,4.15934E+10,4.16417E+10,4.16914E+10,4.17423E+10,4.1794E+10,4.18479E+10,4.19055E+10,4.19682E+10,4.20337E+10,4.21019E+10,4.2173E+10,4.22472E+10,4.23247E+10,4.24032E+10,4.2482E+10,4.25642E+10,4.26502E+10,4.27389E+10,4.28304E+10,4.29253E+10,4.30224E+10,4.31207E+10,4.322E+10,4.33193E+10,4.34188E+10,4.3518E+10,4.36156E+10,4.37116E+10,4.38078E+10,4.39047E+10,4.40015E+10,4.40971E+10,4.41926E+10,4.42895E+10,4.43883E+10,4.44881E+10,4.45881E+10,4.46886E+10,4.47906E+10,4.4892E+10,4.49923E+10,4.50932E+10,4.51944E+10,4.52952E+10,4.53966E+10,4.54986E+10,4.56014E+10,4.57052E+10,4.58097E+10,4.59145E+10,4.60201E+10,4.61264E+10,4.62331E+10,4.63398E+10,4.64465E+10,4.65525E+10,4.66588E+10,4.6766E+10,4.68737E+10,4.69816E+10,4.70906E+10,4.71993E+10,4.73079E+10,4.74173E+10,4.75264E+10,4.76358E+10,4.77454E+10,4.78551E+10,4.79653E+10,4.80754E+10,4.81857E+10,4.82964E+10,4.84081E+10,4.85217E+10,4.86373E+10,4.87564E+10,4.88816E+10,4.90156E+10,4.91602E+10,4.93094E+10,4.9465E+10,4.96266E+10,4.97904E+10,4.99533E+10,5.01121E+10,5.02688E+10,5.04294E+10,5.05921E+10,5.07593E+10,5.09324E+10,5.11121E+10,5.12997E+10,5.1495E+10,5.17004E+10,5.19162E+10,5.21364E+10,5.23599E+10,5.25885E+10,5.28215E+10,5.30572E+10,5.32954E+10,5.3537E+10,5.37822E+10,5.40323E+10,5.42942E+10,5.45753E+10,5.4872E+10,5.51727E+10,5.54744E+10,5.57744E+10,5.60767E+10,5.63731E+10,5.66584E+10,5.6939E+10,5.72162E+10,5.74918E+10,5.77683E+10,5.80418E+10,5.83097E+10,5.85668E+10,5.88165E+10,5.9068E+10,5.93212E+10,5.95754E+10,5.98308E+10,6.00899E+10,6.03543E+10,6.06206E+10,6.08879E+10,6.11555E+10,6.14259E+10,6.16983E+10,6.19679E+10,6.22356E+10,6.25038E+10,6.27693E+10,6.30286E+10,6.32826E+10,6.35418E+10,6.38079E+10,6.40692E+10,6.43247E+10,6.45762E+10,6.48267E+10,6.50744E+10,6.53174E+10,6.55582E+10,6.58007E+10,6.60479E+10,6.62894E+10,6.65247E+10,6.67549E+10,6.69764E+10,6.71902E+10,6.74042E+10,6.76129E+10,6.78104E+10,6.79854E+10,6.81457E+10,6.82993E+10,6.84457E+10,6.85874E+10,6.87284E+10,6.88692E+10,6.90095E+10,6.91529E+10,6.92969E+10,6.94411E+10,6.95844E+10,6.97258E+10,6.98657E+10,7.00051E+10,7.01422E+10,7.0278E+10,7.04126E+10,7.05465E+10,7.06801E+10,7.08135E+10,7.09463E+10,7.10787E+10,7.12093E+10,7.13392E+10,7.14683E+10,7.15963E+10,7.17224E+10,7.18467E+10,7.197E+10,7.20926E+10,7.22144E+10,7.23349E+10,7.24544E+10,7.25725E+10,7.2689E+10,7.28043E+10,7.2919E+10,7.30332E+10,7.31468E+10,7.326E+10,7.33727E+10,7.34844E+10,7.35954E+10,7.37057E+10,7.38153E+10,7.39248E+10,7.40342E+10,7.41439E+10,7.42541E+10,7.43648E+10,7.44757E+10,7.45866E+10,7.46973E+10,7.48072E+10,7.49163E+10,7.50245E+10,7.51323E+10,7.52397E+10,7.53468E+10,7.5454E+10,7.55614E+10,7.56687E+10,7.57761E+10,7.5884E+10,7.59934E+10,7.61041E+10,7.62153E+10,7.63275E+10,7.64399E+10,7.65512E+10,7.66605E+10,7.67672E+10,7.68719E+10,7.69754E+10,7.70775E+10,7.71787E+10,7.72796E+10,7.73805E+10,7.7481E+10,7.75808E+10,7.76803E+10,7.7779E+10,7.78772E+10,7.79745E+10,7.80711E+10,7.81667E+10,7.82613E+10,7.83551E+10,7.84482E+10,7.85412E+10,7.86355E+10,7.87325E+10,7.88346E+10,7.89426E+10,7.90534E+10,7.91628E+10,7.92676E+10,7.93673E+10,7.94625E+10,7.95541E+10,7.96439E+10,7.97336E+10,7.98231E+10,7.99163E+10,8.00141E+10,8.01065E+10,8.0196E+10,8.02819E+10,8.03645E+10,8.04461E+10,8.05256E+10,8.06031E+10,8.06818E+10,8.07603E+10,8.08388E+10,8.09175E+10,8.09957E+10,8.10736E+10,8.11514E+10,8.1229E+10,8.13063E+10,8.13833E+10,8.14601E+10,8.15369E+10,8.1614E+10,8.16914E+10,8.17691E+10,8.18472E+10,8.19258E+10,8.20052E+10,8.20851E+10,8.21653E+10,8.22461E+10,8.2327E+10,8.24081E+10,8.24892E+10,8.25697E+10,8.26499E+10,8.27316E+10,8.28154E+10,8.29013E+10,8.29924E+10,8.3086E+10,8.31782E+10,8.32679E+10,8.33533E+10,8.34362E+10,8.35211E+10,8.36044E+10,8.36858E+10,8.37662E+10,8.38463E+10,8.39254E+10,8.40016E+10,8.40742E+10,8.41445E+10,8.42143E+10,8.42841E+10,8.43541E+10,8.44246E+10,8.44955E+10,8.45666E+10,8.46382E+10,8.47102E+10,8.47828E+10,8.48569E+10,8.49323E+10,8.5009E+10,8.50877E+10,8.51684E+10,8.52517E+10,8.53383E+10,8.54285E+10,8.55227E+10,8.56209E+10,8.57243E+10,8.5834E+10,8.59508E+10,8.60768E+10,8.62128E+10,8.63607E+10,8.65234E+10,8.67015E+10,8.68965E+10,8.71091E+10,8.73407E+10,8.75939E+10,8.78684E+10,8.81627E+10,8.84798E+10,8.88188E+10,8.91789E+10,8.95579E+10,8.99562E+10,9.03751E+10,9.0815E+10,9.12728E+10,9.17459E+10,9.2232E+10,9.27337E+10,9.32468E+10,9.37846E+10,9.43467E+10,9.48935E+10,9.54408E+10,9.59945E+10,9.65502E+10,9.71156E+10,9.76732E+10,9.82176E+10,9.87844E+10,9.93644E+10,9.99537E+10,1.00558E+11,1.01174E+11,1.01802E+11,1.02441E+11,1.03088E+11,1.03741E+11,1.04402E+11,1.0507E+11,1.05745E+11,1.06431E+11,1.07129E+11,1.07842E+11,1.08572E+11,1.09323E+11,1.10095E+11,1.10885E+11,1.11696E+11,1.12524E+11,1.13366E+11,1.14223E+11,1.15096E+11,1.15987E+11,1.16898E+11,1.17832E+11,1.18796E+11,1.1979E+11,1.20808E+11,1.21853E+11,1.22927E+11,1.24027E+11,1.2515E+11,1.26296E+11,1.27472E+11,1.28681E+11,1.29923E+11,1.31193E+11,1.32489E+11,1.3382E+11,1.35196E+11,1.36619E+11,1.38085E+11,1.39588E+11,1.41128E+11,1.42705E+11,1.44329E+11,1.46021E+11,1.47771E+11,1.4956E+11,1.51369E+11,1.53182E+11,1.54987E+11,1.56765E+11,1.58497E+11,1.60198E+11,1.61896E+11,1.63619E+11,1.65356E+11,1.6711E+11,1.68885E+11,1.70683E+11,1.72491E+11,1.74297E+11,1.7609E+11,1.77885E+11,1.79688E+11,1.81511E+11,1.83384E+11,1.85325E+11,1.87341E+11,1.8944E+11,1.91528E+11,1.93582E+11,1.95579E+11,1.97477E+11,1.99272E+11,2.0098E+11,2.02616E+11,2.0426E+11,2.05925E+11,2.07613E+11,2.0932E+11,2.11047E+11,2.12792E+11,2.14545E+11,2.16293E+11,2.18028E+11,2.19743E+11,2.21439E+11,2.23107E+11,2.24739E+11,2.26325E+11,2.2787E+11,2.29379E+11,2.30849E+11,2.32258E+11,2.33585E+11,2.34826E+11,2.36014E+11,2.37208E+11,2.38413E+11,2.39601E+11,2.40788E+11,2.41957E+11,2.43111E+11,2.44242E+11,2.45308E+11,2.46296E+11,2.47183E+11,2.47974E+11,2.48709E+11,2.49411E+11,2.50079E+11,2.50712E+11,2.51327E+11,2.51935E+11,2.52537E+11,2.53133E+11,2.53718E+11,2.54294E+11,2.54862E+11,2.55418E+11,2.5597E+11,2.56517E+11,2.57058E+11,2.576E+11,2.58143E+11,2.58682E+11,2.59215E+11,2.59735E+11,2.60248E+11,2.60762E+11,2.61271E+11,2.61774E+11,2.62269E+11,2.62761E+11,2.63256E+11,2.63762E+11,2.64277E+11,2.64801E+11,2.65327E+11,2.65853E+11,2.66368E+11,2.66862E+11,2.6733E+11,2.67784E+11,2.68224E+11,2.68656E+11,2.69079E+11,2.69498E+11,2.69921E+11,2.7035E+11,2.70763E+11,2.71156E+11,2.71533E+11,2.71897E+11,2.72247E+11,2.72585E+11,2.72918E+11,2.73245E+11,2.73571E+11,2.73894E+11,2.74209E+11,2.74515E+11,2.74808E+11,2.75089E+11,2.75369E+11,2.75645E+11,2.75917E+11,2.76188E+11,2.76455E+11,2.76722E+11,2.76995E+11,2.77266E+11,2.77534E+11,2.77795E+11,2.78046E+11,2.78286E+11,2.78512E+11,2.78725E+11,2.78929E+11,2.79127E+11,2.79321E+11,2.7951E+11,2.79696E+11,2.79879E+11,2.80059E+11,2.80236E+11,2.80408E+11,2.80575E+11,2.80739E+11,2.80898E+11,2.81054E+11,2.81205E+11,2.81352E+11,2.81499E+11,2.81643E+11,2.81785E+11,2.81925E+11,2.82062E+11,2.82198E+11,2.82332E+11,2.82464E+11,2.82594E+11,2.82721E+11,2.82846E+11,2.82967E+11,2.83087E+11,2.83205E+11,2.83321E+11,2.83436E+11,2.83551E+11,2.83667E+11,2.83786E+11,2.83908E+11,2.84032E+11,2.84156E+11,2.84276E+11,2.84392E+11,2.84502E+11,2.84606E+11,2.84704E+11,2.84797E+11,2.84887E+11,2.84977E+11,2.85067E+11,2.85158E+11,2.85251E+11,2.85346E+11,2.85443E+11,2.8554E+11,2.85637E+11,2.85734E+11,2.8583E+11,2.85924E+11,2.86017E+11,2.86108E+11,2.86199E+11,2.8629E+11,2.86379E+11,2.86468E+11,2.86557E+11,2.86646E+11,2.86734E+11,2.86823E+11,2.86913E+11,2.87005E+11,2.87098E+11,2.87191E+11,2.87285E+11,2.8738E+11,2.87477E+11,2.87576E+11,2.87678E+11,2.87782E+11,2.87894E+11,2.88014E+11,2.88136E+11,2.88258E+11,2.88377E+11,2.88491E+11,2.886E+11,2.88702E+11,2.88801E+11,2.88906E+11,2.89012E+11,2.89116E+11,2.89215E+11,2.8931E+11,2.894E+11,2.89483E+11,2.89561E+11,2.89636E+11,2.89714E+11,2.89792E+11,2.89869E+11,2.89943E+11,2.90012E+11,2.90076E+11,2.90133E+11,2.90186E+11,2.90236E+11,2.90284E+11,2.90332E+11,2.90379E+11,2.90425E+11,2.90471E+11,2.90516E+11,2.9056E+11,2.90606E+11,2.90656E+11,2.90709E+11,2.90766E+11,2.90826E+11,2.90891E+11,2.9096E+11,2.91036E+11,2.91117E+11,2.91204E+11,2.91299E+11,2.91403E+11,2.91515E+11,2.91636E+11,2.91766E+11,2.91903E+11,2.92047E+11,2.92198E+11,2.92356E+11,2.92519E+11,2.92687E+11,2.92861E+11,2.93041E+11,2.93224E+11,2.93411E+11,2.93599E+11,2.93789E+11,2.9398E+11,2.94171E+11,2.94361E+11,2.94549E+11,2.94738E+11,2.94926E+11,2.95112E+11,2.95297E+11,2.95478E+11,2.95657E+11,2.95833E+11,2.96005E+11,2.96174E+11,2.96339E+11,2.965E+11,2.96657E+11,2.96811E+11,2.9696E+11,2.97105E+11,2.97245E+11,2.97381E+11,2.97513E+11,2.97641E+11,2.97765E+11,2.97885E+11,2.98001E+11,2.98115E+11,2.98224E+11,2.98331E+11,2.98434E+11,2.98533E+11,2.9863E+11,2.98724E+11,2.98814E+11,2.98902E+11,2.98986E+11,2.99068E+11,2.99147E+11,2.99225E+11,2.99298E+11,2.99369E+11,2.99438E+11,2.99503E+11,2.99566E+11,2.99627E+11,2.99685E+11,2.99741E+11,2.99796E+11,2.99849E+11,2.99901E+11,2.99952E+11,3.00003E+11,3.00052E+11,3.00101E+11,3.0015E+11,3.002E+11,3.00249E+11,3.00289E+11,3.00328E+11,3.00367E+11,3.00406E+11,3.00445E+11,3.00484E+11,3.00522E+11,3.0056E+11,3.00599E+11,3.00638E+11,3.00677E+11,3.00716E+11,3.00757E+11,3.00798E+11,3.0084E+11,3.00883E+11,3.00927E+11,3.00973E+11,3.01021E+11,3.01071E+11,3.01123E+11,3.01177E+11,3.01234E+11,3.01294E+11,3.01357E+11
"Cost of Deaths Cumulative[West Virginia]",0,0,0,0,0,0,0,0,0,0,0,0,0,0,0,0,0,0,0,0,0,0,0,0,0,0,0,0,0,0,0,0,0,0.282921,19.2303,132.824,479.882,1262.79,2752.48,5296.99,9335.61,15419.1,24239.1,36674,53839.2,77133.7,108298,149513,203536,273864,364940,482445,633682,828096,1.07795E+06,1.39913E+06,1.81228E+06,2.34407E+06,3.02873E+06,3.90997E+06,5.04371E+06,6.50214E+06,8.3789E+06,1.07957E+07,1.39107E+07,1.79308E+07,2.31254E+07,2.98436E+07,3.84895E+07,4.95551E+07,6.37313E+07,8.19059E+07,1.0521E+08,1.35086E+08,1.73369E+08,2.22374E+08,2.84961E+08,3.64711E+08,4.65582E+08,5.90499E+08,7.40619E+08,9.15428E+08,1.11319E+09,1.33142E+09,1.56719E+09,1.81742E+09,2.07908E+09,2.34929E+09,2.62538E+09,2.90499E+09,3.18606E+09,3.4668E+09,3.74573E+09,4.0216E+09,4.2934E+09,4.56033E+09,4.82177E+09,5.07727E+09,5.32647E+09,5.56915E+09,5.80515E+09,6.03436E+09,6.25676E+09,6.47235E+09,6.68118E+09,6.88331E+09,7.07885E+09,7.2679E+09,7.4506E+09,7.62708E+09,7.79749E+09,7.96199E+09,8.12072E+09,8.27383E+09,8.42149E+09,8.56385E+09,8.70595E+09,8.84777E+09,8.98441E+09,9.11551E+09,9.24118E+09,9.36203E+09,9.47846E+09,9.58983E+09,9.69564E+09,9.7968E+09,9.89373E+09,9.98574E+09,1.00731E+10,1.01563E+10,1.02355E+10,1.03108E+10,1.03822E+10,1.04498E+10,1.05139E+10,1.05746E+10,1.06321E+10,1.06868E+10,1.07387E+10,1.0788E+10,1.08348E+10,1.08792E+10,1.09211E+10,1.09608E+10,1.09984E+10,1.10338E+10,1.10674E+10,1.10994E+10,1.11301E+10,1.11601E+10,1.11895E+10,1.12189E+10,1.12491E+10,1.12787E+10,1.13078E+10,1.13368E+10,1.13653E+10,1.13924E+10,1.14182E+10,1.14428E+10,1.1466E+10,1.14876E+10,1.15068E+10,1.15234E+10,1.15384E+10,1.15525E+10,1.15665E+10,1.15803E+10,1.15938E+10,1.16072E+10,1.16204E+10,1.16342E+10,1.1648E+10,1.16617E+10,1.16755E+10,1.16896E+10,1.17037E+10,1.17181E+10,1.17332E+10,1.17483E+10,1.1763E+10,1.17771E+10,1.17902E+10,1.18028E+10,1.18149E+10,1.18267E+10,1.18383E+10,1.18495E+10,1.18603E+10,1.18708E+10,1.18815E+10,1.18924E+10,1.1903E+10,1.19137E+10,1.19246E+10,1.1936E+10,1.19474E+10,1.1958E+10,1.19683E+10,1.19789E+10,1.19892E+10,1.19991E+10,1.20087E+10,1.20184E+10,1.20287E+10,1.20394E+10,1.20502E+10,1.2061E+10,1.2072E+10,1.20834E+10,1.20952E+10,1.21074E+10,1.21198E+10,1.21329E+10,1.21466E+10,1.21612E+10,1.21768E+10,1.21933E+10,1.22107E+10,1.22293E+10,1.2249E+10,1.22705E+10,1.22941E+10,1.23197E+10,1.23469E+10,1.23757E+10,1.24063E+10,1.24389E+10,1.24736E+10,1.25109E+10,1.25507E+10,1.25936E+10,1.2642E+10,1.26958E+10,1.27529E+10,1.28149E+10,1.2883E+10,1.2957E+10,1.30364E+10,1.31169E+10,1.32007E+10,1.32923E+10,1.3387E+10,1.34804E+10,1.35733E+10,1.36661E+10,1.37563E+10,1.38438E+10,1.39269E+10,1.40067E+10,1.40859E+10,1.41644E+10,1.42418E+10,1.43193E+10,1.4396E+10,1.44718E+10,1.45471E+10,1.46213E+10,1.46943E+10,1.47642E+10,1.48311E+10,1.48961E+10,1.49594E+10,1.50215E+10,1.50823E+10,1.51404E+10,1.51967E+10,1.52515E+10,1.53044E+10,1.53552E+10,1.54046E+10,1.54528E+10,1.54999E+10,1.55461E+10,1.55909E+10,1.56349E+10,1.56779E+10,1.57198E+10,1.57603E+10,1.57995E+10,1.58375E+10,1.58746E+10,1.59108E+10,1.59462E+10,1.59808E+10,1.60147E+10,1.60479E+10,1.60807E+10,1.6113E+10,1.61448E+10,1.61758E+10,1.62062E+10,1.62365E+10,1.62664E+10,1.62959E+10,1.63247E+10,1.63531E+10,1.63811E+10,1.64092E+10,1.64375E+10,1.64651E+10,1.64918E+10,1.65177E+10,1.65428E+10,1.65674E+10,1.65914E+10,1.66148E+10,1.66379E+10,1.66607E+10,1.66832E+10,1.67056E+10,1.67278E+10,1.67498E+10,1.67717E+10,1.67935E+10,1.68153E+10,1.6837E+10,1.68584E+10,1.68798E+10,1.69012E+10,1.69227E+10,1.69441E+10,1.69656E+10,1.69871E+10,1.70088E+10,1.70306E+10,1.70526E+10,1.70748E+10,1.70973E+10,1.71201E+10,1.71433E+10,1.71668E+10,1.71909E+10,1.72154E+10,1.72406E+10,1.72663E+10,1.72929E+10,1.73204E+10,1.73488E+10,1.73783E+10,1.74091E+10,1.74413E+10,1.74751E+10,1.75105E+10,1.75478E+10,1.7587E+10,1.76287E+10,1.76731E+10,1.772E+10,1.77698E+10,1.78231E+10,1.78804E+10,1.79422E+10,1.80085E+10,1.80803E+10,1.81594E+10,1.8245E+10,1.83362E+10,1.84325E+10,1.85337E+10,1.86398E+10,1.8748E+10,1.88561E+10,1.89651E+10,1.90746E+10,1.91847E+10,1.92955E+10,1.94064E+10,1.95171E+10,1.96275E+10,1.97371E+10,1.98459E+10,1.99541E+10,2.00613E+10,2.01677E+10,2.0273E+10,2.03775E+10,2.0481E+10,2.05835E+10,2.06851E+10,2.07856E+10,2.08852E+10,2.09839E+10,2.1082E+10,2.11796E+10,2.12768E+10,2.13726E+10,2.14666E+10,2.15594E+10,2.1651E+10,2.17416E+10,2.18314E+10,2.19204E+10,2.20088E+10,2.20967E+10,2.2184E+10,2.2271E+10,2.23576E+10,2.24439E+10,2.25299E+10,2.26159E+10,2.2702E+10,2.2788E+10,2.2874E+10,2.29603E+10,2.30467E+10,2.3133E+10,2.32193E+10,2.33057E+10,2.33926E+10,2.348E+10,2.35671E+10,2.3654E+10,2.37406E+10,2.38268E+10,2.39126E+10,2.3998E+10,2.4083E+10,2.41676E+10,2.42519E+10,2.43358E+10,2.44195E+10,2.45028E+10,2.45859E+10,2.46687E+10,2.47513E+10,2.48336E+10,2.49156E+10,2.49975E+10,2.50791E+10,2.51605E+10,2.52418E+10,2.53229E+10,2.54039E+10,2.54847E+10,2.55655E+10,2.56465E+10,2.57276E+10,2.58089E+10,2.58905E+10,2.5972E+10,2.60535E+10,2.61355E+10,2.62173E+10,2.62994E+10,2.63822E+10,2.64657E+10,2.65504E+10,2.66367E+10,2.67235E+10,2.68097E+10,2.6894E+10,2.69772E+10,2.70596E+10,2.71419E+10,2.72244E+10,2.73087E+10,2.73973E+10,2.74874E+10,2.75777E+10,2.76682E+10,2.7759E+10,2.78523E+10,2.79428E+10,2.80282E+10,2.81136E+10,2.81983E+10,2.82819E+10,2.83645E+10,2.84445E+10,2.85226E+10,2.85982E+10,2.86722E+10,2.8746E+10,2.88198E+10,2.88937E+10,2.89677E+10,2.90409E+10,2.91143E+10,2.91883E+10,2.92617E+10,2.93347E+10,2.94071E+10,2.94791E+10,2.95509E+10,2.96221E+10,2.96923E+10,2.97615E+10,2.98296E+10,2.98973E+10,2.99636E+10,3.00292E+10,3.00944E+10,3.01594E+10,3.02234E+10,3.02868E+10,3.03498E+10,3.04127E+10,3.04744E+10,3.05355E+10,3.05959E+10,3.06558E+10,3.0715E+10,3.07728E+10,3.08299E+10,3.08861E+10,3.09409E+10,3.09954E+10,3.10494E+10,3.11029E+10,3.11558E+10,3.12082E+10,3.12604E+10,3.1313E+10,3.13648E+10,3.14161E+10,3.14666E+10,3.15163E+10,3.15655E+10,3.16142E+10,3.16624E+10,3.17103E+10,3.17577E+10,3.1805E+10,3.18521E+10,3.1899E+10,3.19458E+10,3.19923E+10,3.20388E+10,3.20852E+10,3.21314E+10,3.21776E+10,3.22239E+10,3.22701E+10,3.23162E+10,3.2362E+10,3.24075E+10,3.24534E+10,3.24997E+10,3.25465E+10,3.25938E+10,3.26415E+10,3.26897E+10,3.27384E+10,3.27875E+10,3.2837E+10,3.28865E+10,3.29367E+10,3.29879E+10,3.30397E+10,3.30926E+10,3.31464E+10,3.3201E+10,3.32563E+10,3.33125E+10,3.337E+10,3.34295E+10,3.34896E+10,3.35512E+10,3.36153E+10,3.3683E+10,3.37547E+10,3.38292E+10,3.39053E+10,3.3984E+10,3.40671E+10,3.41542E+10,3.42416E+10,3.4328E+10,3.44147E+10,3.45015E+10,3.45885E+10,3.46729E+10,3.47562E+10,3.48409E+10,3.49275E+10,3.50145E+10,3.51025E+10,3.51903E+10,3.52783E+10,3.53664E+10,3.54548E+10,3.55432E+10,3.56311E+10,3.57184E+10,3.58066E+10,3.58951E+10,3.59836E+10,3.60718E+10,3.61598E+10,3.62482E+10,3.63361E+10,3.64232E+10,3.65103E+10,3.65978E+10,3.66867E+10,3.67756E+10,3.68638E+10,3.69527E+10,3.70424E+10,3.71328E+10,3.72245E+10,3.7312E+10,3.73924E+10,3.74737E+10,3.75553E+10,3.76358E+10,3.77151E+10,3.77932E+10,3.78746E+10,3.79631E+10,3.80509E+10,3.81371E+10,3.82234E+10,3.83089E+10,3.8393E+10,3.84737E+10,3.8551E+10,3.86286E+10,3.87066E+10,3.87851E+10,3.88644E+10,3.89448E+10,3.90272E+10,3.91123E+10,3.91973E+10,3.92826E+10,3.93676E+10,3.94526E+10,3.9538E+10,3.96238E+10,3.97093E+10,3.97961E+10,3.9887E+10,3.99825E+10,4.00822E+10,4.01854E+10,4.02935E+10,4.04082E+10,4.05299E+10,4.06593E+10,4.07974E+10,4.09429E+10,4.1095E+10,4.12553E+10,4.14236E+10,4.15998E+10,4.17834E+10,4.19765E+10,4.21775E+10,4.23825E+10,4.25894E+10,4.27982E+10,4.30099E+10,4.32246E+10,4.34432E+10,4.36658E+10,4.3891E+10,4.41169E+10,4.43451E+10,4.45757E+10,4.48088E+10,4.50443E+10,4.52892E+10,4.55429E+10,4.57969E+10,4.60417E+10,4.62784E+10,4.65143E+10,4.67506E+10,4.69819E+10,4.72089E+10,4.74351E+10,4.7664E+10,4.78972E+10,4.81317E+10,4.83648E+10,4.85954E+10,4.8825E+10,4.90543E+10,4.9279E+10,4.94977E+10,4.97153E+10,4.99322E+10,5.01487E+10,5.03632E+10,5.05763E+10,5.07923E+10,5.10138E+10,5.12335E+10,5.14515E+10,5.16668E+10,5.1879E+10,5.2089E+10,5.22993E+10,5.25082E+10,5.27163E+10,5.29219E+10,5.31262E+10,5.3333E+10,5.35409E+10,5.37482E+10,5.39543E+10,5.41574E+10,5.43613E+10,5.45663E+10,5.47696E+10,5.49725E+10,5.51773E+10,5.53852E+10,5.55952E+10,5.58061E+10,5.60175E+10,5.62307E+10,5.64467E+10,5.66645E+10,5.68834E+10,5.7105E+10,5.73269E+10,5.7549E+10,5.7775E+10,5.80049E+10,5.82366E+10,5.84701E+10,5.87045E+10,5.89419E+10,5.91839E+10,5.94285E+10,5.9678E+10,5.99351E+10,6.02014E+10,6.04777E+10,6.07618E+10,6.10536E+10,6.13522E+10,6.16567E+10,6.1967E+10,6.22797E+10,6.25958E+10,6.29174E+10,6.32461E+10,6.35832E+10,6.39346E+10,6.43088E+10,6.47113E+10,6.51218E+10,6.55272E+10,6.59222E+10,6.63037E+10,6.66674E+10,6.70106E+10,6.73378E+10,6.76635E+10,6.7997E+10,6.83383E+10,6.86847E+10,6.90372E+10,6.93965E+10,6.9763E+10,7.01355E+10,7.05108E+10,7.08902E+10,7.12764E+10,7.16697E+10,7.20665E+10,7.24682E+10,7.28732E+10,7.32806E+10,7.36926E+10,7.41082E+10,7.45246E+10,7.49457E+10,7.53752E+10,7.58163E+10,7.62597E+10,7.66946E+10,7.7123E+10,7.75416E+10,7.79415E+10,7.83301E+10,7.87071E+10,7.90696E+10,7.94031E+10,7.97039E+10,8.00323E+10,8.03527E+10,8.06661E+10,8.09747E+10,8.12834E+10,8.15971E+10,8.19134E+10,8.22291E+10,8.25375E+10,8.28406E+10,8.31438E+10,8.34521E+10,8.3765E+10,8.40846E+10,8.44137E+10,8.47473E+10,8.50816E+10,8.54159E+10,8.57492E+10,8.60862E+10,8.64261E+10,8.67715E+10,8.71309E+10,8.75036E+10,8.78888E+10,8.82822E+10,8.86806E+10,8.90821E+10,8.94871E+10,8.98926E+10,9.03045E+10,9.0723E+10,9.11459E+10,9.1573E+10,9.20025E+10,9.24469E+10,9.29057E+10,9.33627E+10,9.38125E+10,9.4259E+10,9.4705E+10,9.51527E+10,9.55892E+10,9.60096E+10,9.64249E+10,9.68343E+10,9.72381E+10,9.76364E+10,9.80375E+10,9.84441E+10,9.88521E+10,9.92566E+10,9.96558E+10,1.00047E+11,1.00431E+11,1.00799E+11,1.01156E+11,1.01509E+11,1.01857E+11,1.02197E+11,1.02534E+11,1.02867E+11,1.032E+11,1.03538E+11,1.03876E+11,1.04213E+11,1.04545E+11,1.04862E+11,1.05168E+11,1.05462E+11,1.05745E+11,1.06016E+11,1.06279E+11,1.06534E+11,1.06783E+11,1.07024E+11,1.07261E+11,1.07497E+11,1.07729E+11,1.07956E+11,1.08175E+11,1.08387E+11,1.08596E+11,1.08803E+11,1.09005E+11,1.09201E+11,1.09389E+11,1.09569E+11,1.09743E+11,1.09913E+11,1.10079E+11,1.10239E+11,1.10396E+11,1.10548E+11,1.10696E+11,1.10841E+11,1.10981E+11,1.11118E+11,1.11253E+11,1.11385E+11,1.11514E+11,1.11639E+11,1.11762E+11,1.11884E+11,1.12008E+11,1.12135E+11,1.12262E+11,1.12389E+11,1.12513E+11,1.12632E+11,1.12742E+11,1.12843E+11,1.12935E+11,1.13023E+11,1.13106E+11,1.13187E+11,1.13269E+11,1.13354E+11,1.13439E+11,1.13524E+11,1.1361E+11,1.13693E+11,1.13772E+11,1.13847E+11,1.13918E+11,1.13987E+11,1.14054E+11,1.14121E+11,1.14186E+11,1.14252E+11,1.14316E+11,1.1438E+11,1.14444E+11,1.14505E+11,1.14564E+11,1.14621E+11,1.14679E+11,1.14737E+11,1.14795E+11,1.14853E+11,1.14913E+11,1.14975E+11,1.15041E+11,1.15109E+11,1.15179E+11,1.15253E+11,1.1533E+11,1.15402E+11,1.15476E+11,1.15545E+11,1.15613E+11,1.15677E+11,1.15739E+11,1.15797E+11,1.15857E+11,1.15924E+11,1.15995E+11,1.16066E+11,1.16134E+11,1.162E+11,1.16264E+11,1.16325E+11,1.16379E+11,1.16431E+11,1.16483E+11,1.16535E+11,1.16589E+11,1.16643E+11,1.16694E+11,1.16749E+11,1.16802E+11,1.16854E+11,1.16905E+11,1.16956E+11,1.17006E+11,1.17055E+11,1.17103E+11,1.17151E+11,1.172E+11,1.17253E+11,1.17308E+11,1.17366E+11,1.17426E+11,1.1749E+11,1.17559E+11,1.17633E+11,1.1771E+11,1.17792E+11,1.17877E+11,1.17967E+11,1.18062E+11,1.18162E+11,1.18266E+11,1.18373E+11,1.18483E+11,1.18595E+11,1.18709E+11,1.18823E+11,1.18936E+11,1.1905E+11,1.19161E+11,1.19272E+11,1.19382E+11,1.19492E+11,1.19599E+11,1.19702E+11,1.19802E+11,1.19899E+11,1.19992E+11,1.20079E+11,1.20163E+11,1.20245E+11,1.20324E+11,1.20401E+11,1.20475E+11,1.20547E+11,1.20616E+11,1.20681E+11,1.20743E+11,1.20803E+11,1.20861E+11,1.20916E+11,1.20968E+11,1.21019E+11,1.21067E+11,1.21113E+11,1.21158E+11,1.21201E+11,1.21242E+11,1.21281E+11,1.21319E+11,1.21355E+11,1.2139E+11,1.21424E+11,1.21457E+11,1.21488E+11,1.21519E+11,1.21548E+11,1.21577E+11,1.21604E+11,1.21632E+11,1.21658E+11,1.21684E+11,1.21711E+11,1.21738E+11,1.21763E+11,1.21788E+11,1.21812E+11,1.21837E+11,1.21861E+11,1.21884E+11,1.21908E+11,1.21933E+11,1.21959E+11,1.21986E+11,1.22012E+11,1.22039E+11,1.22065E+11,1.22091E+11,1.22117E+11,1.22144E+11,1.22173E+11,1.22195E+11,1.22218E+11,1.22242E+11,1.22267E+11,1.22292E+11,1.22318E+11,1.22345E+11,1.22372E+11,1.22401E+11,1.2243E+11,1.2246E+11,1.22492E+11,1.22524E+11,1.22558E+11,1.22592E+11,1.22628E+11,1.22666E+11,1.22705E+11,1.22745E+11,1.22787E+11,1.2283E+11,1.22875E+11,1.22922E+11,1.2297E+11,1.2302E+11
"Cost of Deaths Cumulative[Wisconsin]",0,0,0,0,0,0,0,0,0,0,0,0,0,0,0,0,0,0,0,0,0,0,0,0,0,0,0,0,0,0,0,0,0,0,0,0,0,0,0,0,0,0,0,0,0,0,1.23341,30.0452,165.861,540.588,1340.51,2815.21,5295.17,9220.07,15178.3,23962.9,36642.5,54649.5,79891.1,114898,163058,229018,319260,442894,612694,846554,1.1694E+06,1.61561E+06,2.23213E+06,3.08275E+06,4.25314E+06,5.85716E+06,8.04634E+06,1.10233E+07,1.50599E+07,2.05186E+07,2.78758E+07,3.77469E+07,5.09192E+07,6.84022E+07,9.1327E+07,1.19813E+08,1.54769E+08,1.97475E+08,2.49486E+08,3.12749E+08,3.89652E+08,4.83696E+08,6.01985E+08,7.48897E+08,9.25263E+08,1.12994E+09,1.36064E+09,1.61452E+09,1.88849E+09,2.17954E+09,2.48485E+09,2.80193E+09,3.12864E+09,3.46302E+09,3.80331E+09,4.14798E+09,4.49575E+09,4.84553E+09,5.19639E+09,5.54749E+09,5.89808E+09,6.24751E+09,6.59515E+09,6.94633E+09,7.29903E+09,7.64806E+09,7.9926E+09,8.33246E+09,8.66801E+09,8.99911E+09,9.32528E+09,9.6461E+09,9.96129E+09,1.02706E+10,1.05738E+10,1.08704E+10,1.11599E+10,1.1443E+10,1.17189E+10,1.19869E+10,1.22466E+10,1.24981E+10,1.27419E+10,1.29791E+10,1.32104E+10,1.34357E+10,1.36554E+10,1.38712E+10,1.40848E+10,1.42972E+10,1.45076E+10,1.47149E+10,1.49186E+10,1.51191E+10,1.53166E+10,1.55103E+10,1.56994E+10,1.58836E+10,1.60628E+10,1.62392E+10,1.64132E+10,1.65827E+10,1.67487E+10,1.69119E+10,1.70729E+10,1.72325E+10,1.73895E+10,1.75432E+10,1.76936E+10,1.78399E+10,1.79815E+10,1.81186E+10,1.82521E+10,1.83813E+10,1.85051E+10,1.86239E+10,1.87387E+10,1.88491E+10,1.89553E+10,1.90571E+10,1.91546E+10,1.92485E+10,1.93382E+10,1.94246E+10,1.95077E+10,1.95881E+10,1.96665E+10,1.97428E+10,1.98171E+10,1.98891E+10,1.99582E+10,2.00256E+10,2.00911E+10,2.01547E+10,2.02166E+10,2.02756E+10,2.03318E+10,2.03854E+10,2.04366E+10,2.04864E+10,2.05348E+10,2.05811E+10,2.06256E+10,2.0669E+10,2.0712E+10,2.07543E+10,2.07952E+10,2.08347E+10,2.08736E+10,2.09117E+10,2.09492E+10,2.09853E+10,2.10203E+10,2.10544E+10,2.10875E+10,2.11198E+10,2.11514E+10,2.11822E+10,2.12124E+10,2.12421E+10,2.12715E+10,2.13006E+10,2.13295E+10,2.13578E+10,2.13856E+10,2.1413E+10,2.14401E+10,2.1467E+10,2.14937E+10,2.15205E+10,2.15474E+10,2.15745E+10,2.16017E+10,2.16294E+10,2.16577E+10,2.16868E+10,2.1717E+10,2.17484E+10,2.17813E+10,2.18164E+10,2.18538E+10,2.18938E+10,2.19369E+10,2.19843E+10,2.20374E+10,2.20973E+10,2.21644E+10,2.22403E+10,2.23278E+10,2.24275E+10,2.25359E+10,2.26498E+10,2.27679E+10,2.28894E+10,2.30129E+10,2.31353E+10,2.3255E+10,2.33719E+10,2.34871E+10,2.36003E+10,2.37106E+10,2.38177E+10,2.3922E+10,2.40233E+10,2.4122E+10,2.42182E+10,2.43119E+10,2.44033E+10,2.44925E+10,2.45797E+10,2.46648E+10,2.47481E+10,2.48286E+10,2.49063E+10,2.49818E+10,2.5055E+10,2.51261E+10,2.51949E+10,2.52615E+10,2.53261E+10,2.53887E+10,2.54493E+10,2.5508E+10,2.55649E+10,2.562E+10,2.56734E+10,2.57253E+10,2.57754E+10,2.58239E+10,2.58707E+10,2.59159E+10,2.59597E+10,2.60021E+10,2.6043E+10,2.60825E+10,2.61209E+10,2.61581E+10,2.61941E+10,2.62289E+10,2.62626E+10,2.62953E+10,2.6327E+10,2.63577E+10,2.63876E+10,2.64166E+10,2.64448E+10,2.64723E+10,2.64991E+10,2.65254E+10,2.65512E+10,2.65764E+10,2.66012E+10,2.66257E+10,2.665E+10,2.66741E+10,2.66983E+10,2.67231E+10,2.67486E+10,2.67739E+10,2.67996E+10,2.68254E+10,2.68517E+10,2.68786E+10,2.69067E+10,2.69363E+10,2.69677E+10,2.70015E+10,2.70381E+10,2.70782E+10,2.71225E+10,2.71719E+10,2.72275E+10,2.72905E+10,2.73626E+10,2.74459E+10,2.75417E+10,2.76501E+10,2.77708E+10,2.79032E+10,2.80452E+10,2.81947E+10,2.83489E+10,2.85068E+10,2.86671E+10,2.88262E+10,2.8984E+10,2.91401E+10,2.92938E+10,2.94456E+10,2.95962E+10,2.97463E+10,2.98961E+10,3.00434E+10,3.01889E+10,3.03331E+10,3.04741E+10,3.06109E+10,3.07443E+10,3.0875E+10,3.10039E+10,3.11306E+10,3.12557E+10,3.13792E+10,3.15013E+10,3.16221E+10,3.17415E+10,3.18599E+10,3.19773E+10,3.20938E+10,3.22095E+10,3.23245E+10,3.2439E+10,3.2553E+10,3.26668E+10,3.27804E+10,3.2894E+10,3.30077E+10,3.31217E+10,3.32362E+10,3.33512E+10,3.34669E+10,3.35835E+10,3.37009E+10,3.38194E+10,3.3939E+10,3.40597E+10,3.41818E+10,3.43053E+10,3.44301E+10,3.45564E+10,3.46844E+10,3.48141E+10,3.49458E+10,3.50806E+10,3.52198E+10,3.5363E+10,3.55086E+10,3.56565E+10,3.58065E+10,3.59568E+10,3.61069E+10,3.62567E+10,3.64079E+10,3.65626E+10,3.67212E+10,3.68829E+10,3.70496E+10,3.7221E+10,3.73964E+10,3.75757E+10,3.77606E+10,3.7951E+10,3.8145E+10,3.83416E+10,3.85405E+10,3.87422E+10,3.8946E+10,3.91497E+10,3.93531E+10,3.95569E+10,3.97611E+10,3.9969E+10,4.0188E+10,4.04156E+10,4.06443E+10,4.08715E+10,4.10989E+10,4.13249E+10,4.15462E+10,4.17617E+10,4.19721E+10,4.21777E+10,4.23812E+10,4.25811E+10,4.27756E+10,4.29667E+10,4.3149E+10,4.3325E+10,4.34993E+10,4.36722E+10,4.38445E+10,4.4017E+10,4.41879E+10,4.43572E+10,4.45254E+10,4.46918E+10,4.48564E+10,4.50207E+10,4.51842E+10,4.53442E+10,4.55019E+10,4.5659E+10,4.58155E+10,4.59705E+10,4.6123E+10,4.62746E+10,4.64254E+10,4.65744E+10,4.67222E+10,4.68682E+10,4.70116E+10,4.71532E+10,4.72934E+10,4.74337E+10,4.75741E+10,4.77122E+10,4.78478E+10,4.79816E+10,4.81129E+10,4.8242E+10,4.83699E+10,4.84962E+10,4.86217E+10,4.87467E+10,4.88721E+10,4.89994E+10,4.91278E+10,4.92559E+10,4.9384E+10,4.95118E+10,4.96406E+10,4.97668E+10,4.98904E+10,5.00151E+10,5.01411E+10,5.02695E+10,5.04005E+10,5.05333E+10,5.067E+10,5.08122E+10,5.09569E+10,5.11035E+10,5.12501E+10,5.13972E+10,5.15451E+10,5.16937E+10,5.18434E+10,5.19936E+10,5.21448E+10,5.22972E+10,5.24501E+10,5.26032E+10,5.27571E+10,5.29116E+10,5.30655E+10,5.32187E+10,5.33706E+10,5.35208E+10,5.36697E+10,5.38195E+10,5.39706E+10,5.41196E+10,5.42658E+10,5.44096E+10,5.45509E+10,5.46896E+10,5.48244E+10,5.49553E+10,5.50841E+10,5.52112E+10,5.53358E+10,5.54584E+10,5.55783E+10,5.56952E+10,5.58087E+10,5.59187E+10,5.60258E+10,5.61298E+10,5.6231E+10,5.63299E+10,5.64266E+10,5.65215E+10,5.66152E+10,5.67075E+10,5.67983E+10,5.68876E+10,5.69755E+10,5.70625E+10,5.7148E+10,5.72321E+10,5.7315E+10,5.73972E+10,5.74787E+10,5.75594E+10,5.76394E+10,5.77187E+10,5.77978E+10,5.78763E+10,5.79543E+10,5.80316E+10,5.81087E+10,5.81859E+10,5.82632E+10,5.83403E+10,5.84175E+10,5.84947E+10,5.85722E+10,5.86494E+10,5.87269E+10,5.8805E+10,5.88842E+10,5.89634E+10,5.90417E+10,5.91193E+10,5.91965E+10,5.92738E+10,5.93517E+10,5.94295E+10,5.95083E+10,5.95885E+10,5.96686E+10,5.97484E+10,5.98277E+10,5.99078E+10,5.99891E+10,6.00708E+10,6.01528E+10,6.02357E+10,6.03198E+10,6.04083E+10,6.05002E+10,6.05894E+10,6.06768E+10,6.07634E+10,6.08487E+10,6.09322E+10,6.10124E+10,6.10913E+10,6.11725E+10,6.12553E+10,6.13387E+10,6.1422E+10,6.15046E+10,6.15872E+10,6.16701E+10,6.17538E+10,6.18377E+10,6.19211E+10,6.20038E+10,6.20861E+10,6.21677E+10,6.2249E+10,6.23302E+10,6.24113E+10,6.24924E+10,6.25736E+10,6.26556E+10,6.27393E+10,6.28254E+10,6.29131E+10,6.30017E+10,6.30921E+10,6.31842E+10,6.32782E+10,6.33743E+10,6.34704E+10,6.35641E+10,6.36557E+10,6.37454E+10,6.38336E+10,6.392E+10,6.40044E+10,6.40879E+10,6.41719E+10,6.42563E+10,6.43414E+10,6.44269E+10,6.45128E+10,6.45982E+10,6.46825E+10,6.47672E+10,6.48518E+10,6.49357E+10,6.50197E+10,6.51043E+10,6.51895E+10,6.52747E+10,6.53588E+10,6.54426E+10,6.5527E+10,6.5613E+10,6.57013E+10,6.5792E+10,6.58874E+10,6.59887E+10,6.60948E+10,6.62051E+10,6.632E+10,6.64412E+10,6.65685E+10,6.66989E+10,6.68309E+10,6.69672E+10,6.71115E+10,6.72637E+10,6.74224E+10,6.75848E+10,6.77498E+10,6.79184E+10,6.80903E+10,6.82647E+10,6.84413E+10,6.86195E+10,6.88007E+10,6.89855E+10,6.91727E+10,6.93636E+10,6.95577E+10,6.97544E+10,6.99552E+10,7.016E+10,7.03682E+10,7.05809E+10,7.07965E+10,7.10138E+10,7.12358E+10,7.1465E+10,7.17075E+10,7.19575E+10,7.22041E+10,7.24491E+10,7.26936E+10,7.29388E+10,7.31825E+10,7.34199E+10,7.36556E+10,7.38962E+10,7.41418E+10,7.43921E+10,7.46487E+10,7.49136E+10,7.51861E+10,7.54626E+10,7.57433E+10,7.60313E+10,7.63287E+10,7.66323E+10,7.69424E+10,7.72587E+10,7.75841E+10,7.79209E+10,7.82662E+10,7.8619E+10,7.89824E+10,7.93522E+10,7.97285E+10,8.01138E+10,8.05059E+10,8.09073E+10,8.13179E+10,8.17341E+10,8.21565E+10,8.25889E+10,8.30365E+10,8.34998E+10,8.39732E+10,8.44583E+10,8.49568E+10,8.54733E+10,8.60059E+10,8.65492E+10,8.71006E+10,8.76634E+10,8.82376E+10,8.88239E+10,8.94231E+10,9.00387E+10,9.06697E+10,9.13165E+10,9.19822E+10,9.26677E+10,9.33691E+10,9.408E+10,9.4803E+10,9.55395E+10,9.62908E+10,9.70552E+10,9.78303E+10,9.86212E+10,9.94345E+10,1.00265E+11,1.0112E+11,1.01999E+11,1.02902E+11,1.0383E+11,1.04782E+11,1.05758E+11,1.06758E+11,1.07776E+11,1.08814E+11,1.09868E+11,1.10936E+11,1.12019E+11,1.13114E+11,1.1422E+11,1.15333E+11,1.16466E+11,1.17655E+11,1.18878E+11,1.201E+11,1.21311E+11,1.225E+11,1.2367E+11,1.2481E+11,1.25885E+11,1.26921E+11,1.27952E+11,1.28983E+11,1.30016E+11,1.3105E+11,1.32081E+11,1.33115E+11,1.34143E+11,1.35164E+11,1.36174E+11,1.37169E+11,1.38145E+11,1.39101E+11,1.40029E+11,1.40936E+11,1.41817E+11,1.42675E+11,1.43504E+11,1.44302E+11,1.45063E+11,1.45789E+11,1.46505E+11,1.47223E+11,1.47918E+11,1.48585E+11,1.49223E+11,1.49829E+11,1.50404E+11,1.50945E+11,1.51459E+11,1.51949E+11,1.52412E+11,1.52851E+11,1.53272E+11,1.53677E+11,1.54063E+11,1.54428E+11,1.54778E+11,1.55114E+11,1.55441E+11,1.55759E+11,1.56061E+11,1.56347E+11,1.56619E+11,1.5688E+11,1.57133E+11,1.57377E+11,1.57605E+11,1.57821E+11,1.58027E+11,1.58223E+11,1.58411E+11,1.58592E+11,1.58762E+11,1.58932E+11,1.59097E+11,1.59255E+11,1.59407E+11,1.59551E+11,1.59687E+11,1.59816E+11,1.5994E+11,1.60059E+11,1.60175E+11,1.60285E+11,1.60391E+11,1.60495E+11,1.60596E+11,1.60693E+11,1.60786E+11,1.60876E+11,1.60963E+11,1.61049E+11,1.61134E+11,1.61218E+11,1.61301E+11,1.61385E+11,1.61468E+11,1.61551E+11,1.61633E+11,1.61714E+11,1.61797E+11,1.61882E+11,1.61967E+11,1.62051E+11,1.62135E+11,1.62219E+11,1.62303E+11,1.62386E+11,1.62468E+11,1.62552E+11,1.62638E+11,1.62724E+11,1.62811E+11,1.62898E+11,1.62987E+11,1.63078E+11,1.63169E+11,1.63261E+11,1.63355E+11,1.6345E+11,1.63546E+11,1.63644E+11,1.63745E+11,1.63848E+11,1.63953E+11,1.64061E+11,1.64169E+11,1.64278E+11,1.64389E+11,1.64502E+11,1.64615E+11,1.64728E+11,1.64841E+11,1.64955E+11,1.65069E+11,1.65183E+11,1.65297E+11,1.6541E+11,1.65523E+11,1.65635E+11,1.65745E+11,1.65855E+11,1.65963E+11,1.6607E+11,1.66177E+11,1.66282E+11,1.66386E+11,1.66489E+11,1.66592E+11,1.66693E+11,1.66793E+11,1.66893E+11,1.66992E+11,1.67092E+11,1.67192E+11,1.67291E+11,1.6739E+11,1.67488E+11,1.67585E+11,1.67681E+11,1.67776E+11,1.67871E+11,1.67966E+11,1.6806E+11,1.68153E+11,1.68246E+11,1.68339E+11,1.68433E+11,1.68527E+11,1.68621E+11,1.68715E+11,1.68809E+11,1.68902E+11,1.68996E+11,1.6909E+11,1.69184E+11,1.69277E+11,1.69371E+11,1.69464E+11,1.69558E+11,1.69652E+11,1.69746E+11,1.69841E+11,1.69937E+11,1.70034E+11,1.70131E+11,1.70229E+11,1.70328E+11,1.70427E+11,1.70527E+11,1.70628E+11,1.70731E+11,1.70834E+11,1.70938E+11,1.71044E+11,1.71151E+11,1.71259E+11,1.71373E+11,1.71488E+11,1.71602E+11,1.71711E+11,1.71816E+11,1.71917E+11,1.72012E+11,1.72102E+11,1.72189E+11,1.72274E+11,1.72358E+11,1.72439E+11,1.72518E+11,1.72594E+11,1.72667E+11,1.72737E+11,1.72806E+11,1.72872E+11,1.72935E+11,1.72995E+11,1.73053E+11,1.73109E+11,1.73162E+11,1.73212E+11,1.73261E+11,1.73307E+11,1.7335E+11,1.73392E+11,1.73432E+11,1.73469E+11,1.73505E+11,1.73539E+11,1.73572E+11,1.73605E+11,1.7364E+11,1.73676E+11,1.73714E+11,1.73753E+11,1.73793E+11,1.73835E+11,1.73879E+11,1.73924E+11,1.73972E+11,1.74022E+11,1.74075E+11,1.74132E+11,1.74192E+11,1.74256E+11,1.74323E+11,1.74394E+11,1.74469E+11,1.74547E+11,1.74628E+11,1.74713E+11,1.748E+11,1.7489E+11,1.74981E+11,1.75074E+11,1.75168E+11,1.75261E+11,1.75354E+11,1.75445E+11,1.75535E+11,1.75622E+11,1.75707E+11,1.7579E+11,1.75869E+11,1.75945E+11,1.76018E+11,1.76087E+11,1.76154E+11,1.76216E+11,1.76276E+11,1.76332E+11,1.76385E+11,1.76436E+11,1.76483E+11,1.76528E+11,1.76571E+11,1.76612E+11,1.7665E+11,1.76686E+11,1.7672E+11,1.76752E+11,1.76783E+11,1.76812E+11,1.7684E+11,1.76867E+11,1.76892E+11,1.76916E+11,1.7694E+11,1.76962E+11,1.76984E+11,1.77005E+11,1.77026E+11,1.77047E+11,1.77067E+11,1.77086E+11,1.77106E+11,1.77126E+11,1.77146E+11,1.77166E+11,1.77185E+11,1.77205E+11,1.77226E+11,1.77247E+11,1.77268E+11,1.77292E+11,1.77316E+11,1.77342E+11,1.77369E+11,1.77398E+11,1.77429E+11,1.77461E+11,1.77495E+11,1.7753E+11,1.77567E+11,1.77606E+11,1.77645E+11,1.77686E+11,1.77727E+11,1.7777E+11,1.77813E+11,1.77857E+11,1.77901E+11,1.77946E+11,1.77991E+11,1.78035E+11,1.7808E+11,1.78124E+11,1.78169E+11,1.78212E+11,1.78256E+11,1.78299E+11,1.78341E+11,1.78383E+11,1.78424E+11,1.78465E+11,1.78505E+11,1.78544E+11,1.78582E+11,1.78621E+11
"Cost of Deaths Cumulative[Wyoming]",0,0,0,0,0,0,0,0,0,0,0,0,0,0,0,0,0,0,0,0,0,0,0,0,0,0,0,0,6.36508,61.0446,260.234,772.45,1873.49,4007.2,7884.5,14645.9,26122.5,45237.8,76632.3,127687,210194,343136,557374,903526,1.4545E+06,2.30418E+06,3.61733E+06,5.6396E+06,8.71126E+06,1.32649E+07,1.97949E+07,2.8788E+07,4.06311E+07,5.55363E+07,7.35123E+07,9.43807E+07,1.17824E+08,1.43448E+08,1.70824E+08,1.99526E+08,2.29148E+08,2.59318E+08,2.89706E+08,3.20028E+08,3.50042E+08,3.79549E+08,4.08385E+08,4.36423E+08,4.63567E+08,4.89744E+08,5.14906E+08,5.39022E+08,5.62079E+08,5.84074E+08,6.05017E+08,6.24925E+08,6.43822E+08,6.6174E+08,6.78713E+08,6.9478E+08,7.09984E+08,7.24369E+08,7.3798E+08,7.5086E+08,7.63055E+08,7.74609E+08,7.85564E+08,7.95962E+08,8.05844E+08,8.15247E+08,8.2421E+08,8.32767E+08,8.40953E+08,8.48798E+08,8.56333E+08,8.63587E+08,8.70587E+08,8.77357E+08,8.83923E+08,8.90309E+08,8.96536E+08,9.02627E+08,9.08604E+08,9.14487E+08,9.20296E+08,9.26052E+08,9.31772E+08,9.37477E+08,9.43184E+08,9.48913E+08,9.5468E+08,9.60504E+08,9.66402E+08,9.72392E+08,9.7849E+08,9.84715E+08,9.91083E+08,9.97613E+08,1.00432E+09,1.01123E+09,1.0185E+09,1.02623E+09,1.03422E+09,1.04246E+09,1.05105E+09,1.05983E+09,1.0689E+09,1.07852E+09,1.08865E+09,1.09923E+09,1.11046E+09,1.12224E+09,1.13451E+09,1.14718E+09,1.1604E+09,1.17435E+09,1.18901E+09,1.20481E+09,1.22145E+09,1.23815E+09,1.25513E+09,1.27297E+09,1.29126E+09,1.30955E+09,1.328E+09,1.34577E+09,1.36336E+09,1.37902E+09,1.39288E+09,1.40567E+09,1.41797E+09,1.42997E+09,1.44409E+09,1.46382E+09,1.48335E+09,1.50284E+09,1.52148E+09,1.53811E+09,1.5532E+09,1.56722E+09,1.5797E+09,1.59107E+09,1.60156E+09,1.61212E+09,1.62251E+09,1.63209E+09,1.64024E+09,1.64804E+09,1.65517E+09,1.66136E+09,1.66683E+09,1.67196E+09,1.67716E+09,1.68284E+09,1.68717E+09,1.69027E+09,1.69316E+09,1.69583E+09,1.69834E+09,1.70059E+09,1.70287E+09,1.70493E+09,1.70698E+09,1.70925E+09,1.71139E+09,1.7134E+09,1.71526E+09,1.71693E+09,1.7186E+09,1.72014E+09,1.72156E+09,1.72294E+09,1.72427E+09,1.72562E+09,1.72696E+09,1.7282E+09,1.72954E+09,1.73088E+09,1.73226E+09,1.73362E+09,1.7348E+09,1.73588E+09,1.73706E+09,1.73823E+09,1.73937E+09,1.74047E+09,1.74158E+09,1.74284E+09,1.74444E+09,1.74602E+09,1.74762E+09,1.74931E+09,1.75112E+09,1.75295E+09,1.75479E+09,1.75623E+09,1.75747E+09,1.75878E+09,1.76017E+09,1.76161E+09,1.76312E+09,1.76471E+09,1.76667E+09,1.7694E+09,1.77187E+09,1.77424E+09,1.77667E+09,1.7792E+09,1.78189E+09,1.78478E+09,1.78789E+09,1.79125E+09,1.79494E+09,1.79888E+09,1.8032E+09,1.80788E+09,1.813E+09,1.81843E+09,1.82404E+09,1.83011E+09,1.83691E+09,1.84408E+09,1.85154E+09,1.85926E+09,1.86638E+09,1.87287E+09,1.87973E+09,1.88654E+09,1.89361E+09,1.90091E+09,1.90832E+09,1.91655E+09,1.92626E+09,1.93559E+09,1.94496E+09,1.95411E+09,1.96326E+09,1.97281E+09,1.98261E+09,1.99218E+09,2.00196E+09,2.01242E+09,2.02295E+09,2.03321E+09,2.04273E+09,2.05207E+09,2.06142E+09,2.07047E+09,2.07903E+09,2.08724E+09,2.09507E+09,2.10278E+09,2.11029E+09,2.11769E+09,2.12539E+09,2.13357E+09,2.14242E+09,2.15072E+09,2.15708E+09,2.16241E+09,2.16724E+09,2.1716E+09,2.17592E+09,2.18009E+09,2.18415E+09,2.1882E+09,2.19228E+09,2.1964E+09,2.20045E+09,2.20452E+09,2.20858E+09,2.21268E+09,2.21704E+09,2.22313E+09,2.23073E+09,2.23758E+09,2.24349E+09,2.24847E+09,2.2534E+09,2.25843E+09,2.26308E+09,2.26758E+09,2.27224E+09,2.277E+09,2.28189E+09,2.28696E+09,2.29216E+09,2.29772E+09,2.3038E+09,2.30976E+09,2.3163E+09,2.32383E+09,2.33148E+09,2.33904E+09,2.34644E+09,2.3542E+09,2.36263E+09,2.37123E+09,2.38012E+09,2.38926E+09,2.39922E+09,2.41037E+09,2.42164E+09,2.43372E+09,2.44501E+09,2.45473E+09,2.46446E+09,2.47442E+09,2.48466E+09,2.49526E+09,2.50513E+09,2.51445E+09,2.52421E+09,2.53398E+09,2.54382E+09,2.5533E+09,2.56242E+09,2.57161E+09,2.58109E+09,2.5905E+09,2.59983E+09,2.60914E+09,2.61889E+09,2.62895E+09,2.63851E+09,2.64821E+09,2.65787E+09,2.66772E+09,2.67773E+09,2.68794E+09,2.69879E+09,2.71095E+09,2.72361E+09,2.73727E+09,2.75194E+09,2.76647E+09,2.77912E+09,2.79151E+09,2.80423E+09,2.81731E+09,2.8307E+09,2.84434E+09,2.85817E+09,2.87218E+09,2.88658E+09,2.90136E+09,2.91683E+09,2.93232E+09,2.94761E+09,2.96304E+09,2.97839E+09,2.99341E+09,3.00836E+09,3.02331E+09,3.03836E+09,3.05349E+09,3.06865E+09,3.084E+09,3.09947E+09,3.11522E+09,3.13166E+09,3.14855E+09,3.16644E+09,3.18513E+09,3.20485E+09,3.22576E+09,3.24673E+09,3.26664E+09,3.28694E+09,3.30716E+09,3.32702E+09,3.3463E+09,3.36549E+09,3.38432E+09,3.40337E+09,3.42195E+09,3.44028E+09,3.45861E+09,3.47733E+09,3.49581E+09,3.51361E+09,3.53019E+09,3.54646E+09,3.56273E+09,3.57896E+09,3.595E+09,3.61095E+09,3.62726E+09,3.64536E+09,3.66509E+09,3.68491E+09,3.70479E+09,3.72498E+09,3.74574E+09,3.76634E+09,3.78517E+09,3.80509E+09,3.82597E+09,3.84765E+09,3.87007E+09,3.89339E+09,3.9194E+09,3.94908E+09,3.97734E+09,4.00459E+09,4.03142E+09,4.05843E+09,4.08541E+09,4.11043E+09,4.13276E+09,4.155E+09,4.17672E+09,4.198E+09,4.21854E+09,4.23813E+09,4.25793E+09,4.27867E+09,4.29874E+09,4.3185E+09,4.33804E+09,4.35727E+09,4.37664E+09,4.39609E+09,4.41511E+09,4.43396E+09,4.45293E+09,4.47174E+09,4.49069E+09,4.50971E+09,4.52855E+09,4.54742E+09,4.56619E+09,4.58515E+09,4.60442E+09,4.62391E+09,4.64348E+09,4.66365E+09,4.6854E+09,4.70851E+09,4.73201E+09,4.75573E+09,4.78044E+09,4.80767E+09,4.83566E+09,4.86312E+09,4.89049E+09,4.91787E+09,4.94377E+09,4.96682E+09,4.98821E+09,5.00963E+09,5.03154E+09,5.05376E+09,5.07608E+09,5.09912E+09,5.12343E+09,5.14759E+09,5.17102E+09,5.19373E+09,5.21683E+09,5.23985E+09,5.26258E+09,5.28384E+09,5.30286E+09,5.32121E+09,5.33969E+09,5.35806E+09,5.37608E+09,5.39372E+09,5.4122E+09,5.43123E+09,5.44921E+09,5.46751E+09,5.48553E+09,5.50339E+09,5.52132E+09,5.53896E+09,5.55751E+09,5.57801E+09,5.59803E+09,5.61764E+09,5.63672E+09,5.65515E+09,5.67349E+09,5.69278E+09,5.71255E+09,5.73162E+09,5.75034E+09,5.76936E+09,5.78834E+09,5.80667E+09,5.82396E+09,5.84073E+09,5.85711E+09,5.87281E+09,5.88812E+09,5.9031E+09,5.91814E+09,5.9336E+09,5.94874E+09,5.9637E+09,5.97875E+09,5.99383E+09,6.00894E+09,6.02409E+09,6.03879E+09,6.0532E+09,6.06784E+09,6.08254E+09,6.09704E+09,6.11145E+09,6.12516E+09,6.13887E+09,6.1535E+09,6.16741E+09,6.18089E+09,6.19441E+09,6.20797E+09,6.22198E+09,6.23653E+09,6.2508E+09,6.26565E+09,6.28085E+09,6.29596E+09,6.31093E+09,6.32562E+09,6.33988E+09,6.35412E+09,6.36883E+09,6.38357E+09,6.39829E+09,6.41293E+09,6.42813E+09,6.44408E+09,6.45975E+09,6.47534E+09,6.49086E+09,6.50619E+09,6.52119E+09,6.53537E+09,6.5495E+09,6.5642E+09,6.57836E+09,6.59273E+09,6.60736E+09,6.62273E+09,6.63921E+09,6.6558E+09,6.67132E+09,6.68646E+09,6.70111E+09,6.71551E+09,6.72956E+09,6.74329E+09,6.75668E+09,6.77027E+09,6.78455E+09,6.79921E+09,6.81401E+09,6.82909E+09,6.84431E+09,6.8597E+09,6.87573E+09,6.89188E+09,6.90802E+09,6.9242E+09,6.9399E+09,6.95513E+09,6.97051E+09,6.98582E+09,7.00094E+09,7.01614E+09,7.03127E+09,7.04652E+09,7.0622E+09,7.07814E+09,7.09411E+09,7.10969E+09,7.12488E+09,7.14022E+09,7.15605E+09,7.17206E+09,7.18756E+09,7.20243E+09,7.21749E+09,7.23238E+09,7.2469E+09,7.26109E+09,7.27429E+09,7.28643E+09,7.29923E+09,7.31271E+09,7.32665E+09,7.34082E+09,7.35506E+09,7.36981E+09,7.38505E+09,7.39958E+09,7.41407E+09,7.42912E+09,7.44503E+09,7.46186E+09,7.47958E+09,7.49867E+09,7.51921E+09,7.5406E+09,7.56279E+09,7.58582E+09,7.60943E+09,7.63348E+09,7.65803E+09,7.68203E+09,7.70556E+09,7.72912E+09,7.75305E+09,7.77728E+09,7.80088E+09,7.82346E+09,7.8472E+09,7.87156E+09,7.89576E+09,7.92007E+09,7.94494E+09,7.97018E+09,7.99583E+09,8.02208E+09,8.04891E+09,8.07637E+09,8.10368E+09,8.13086E+09,8.15893E+09,8.18745E+09,8.21519E+09,8.24262E+09,8.27039E+09,8.29827E+09,8.32606E+09,8.35467E+09,8.38356E+09,8.41144E+09,8.43945E+09,8.46821E+09,8.49845E+09,8.52964E+09,8.5612E+09,8.59396E+09,8.62636E+09,8.65868E+09,8.69106E+09,8.72328E+09,8.75539E+09,8.78729E+09,8.81808E+09,8.8499E+09,8.8822E+09,8.91457E+09,8.9466E+09,8.97907E+09,9.01111E+09,9.04371E+09,9.07789E+09,9.11283E+09,9.14823E+09,9.18447E+09,9.22112E+09,9.25841E+09,9.29572E+09,9.33271E+09,9.36967E+09,9.40711E+09,9.44508E+09,9.48259E+09,9.51995E+09,9.55783E+09,9.59592E+09,9.63412E+09,9.67241E+09,9.71049E+09,9.74909E+09,9.78794E+09,9.8279E+09,9.86872E+09,9.90915E+09,9.94882E+09,9.98887E+09,1.00294E+10,1.00698E+10,1.01093E+10,1.01491E+10,1.01901E+10,1.0232E+10,1.02743E+10,1.03173E+10,1.03613E+10,1.04062E+10,1.04521E+10,1.04995E+10,1.05478E+10,1.05973E+10,1.06471E+10,1.06977E+10,1.07496E+10,1.08019E+10,1.08541E+10,1.09062E+10,1.09579E+10,1.10099E+10,1.10616E+10,1.11131E+10,1.11642E+10,1.12151E+10,1.12663E+10,1.13167E+10,1.13663E+10,1.14155E+10,1.14641E+10,1.15129E+10,1.15618E+10,1.16105E+10,1.16593E+10,1.17084E+10,1.17576E+10,1.18083E+10,1.18628E+10,1.19198E+10,1.19775E+10,1.20354E+10,1.20936E+10,1.21531E+10,1.22111E+10,1.22642E+10,1.23151E+10,1.23657E+10,1.24159E+10,1.24657E+10,1.25151E+10,1.25654E+10,1.26164E+10,1.26673E+10,1.27177E+10,1.27673E+10,1.28162E+10,1.28647E+10,1.29131E+10,1.29611E+10,1.30081E+10,1.30548E+10,1.31013E+10,1.31476E+10,1.31941E+10,1.32402E+10,1.32851E+10,1.33312E+10,1.33782E+10,1.34252E+10,1.34719E+10,1.3519E+10,1.35667E+10,1.3615E+10,1.36621E+10,1.37079E+10,1.37523E+10,1.37962E+10,1.3839E+10,1.38812E+10,1.3923E+10,1.39638E+10,1.40046E+10,1.40458E+10,1.4087E+10,1.4127E+10,1.41678E+10,1.42065E+10,1.42451E+10,1.42834E+10,1.43215E+10,1.43595E+10,1.43932E+10,1.44215E+10,1.4461E+10,1.44989E+10,1.45353E+10,1.45715E+10,1.46054E+10,1.46338E+10,1.46659E+10,1.46957E+10,1.47244E+10,1.47544E+10,1.47829E+10,1.48107E+10,1.48361E+10,1.48624E+10,1.4888E+10,1.49131E+10,1.49373E+10,1.49605E+10,1.49828E+10,1.50042E+10,1.50255E+10,1.50462E+10,1.5066E+10,1.50852E+10,1.51036E+10,1.51216E+10,1.51397E+10,1.51576E+10,1.51744E+10,1.51908E+10,1.52065E+10,1.52222E+10,1.52375E+10,1.52527E+10,1.52675E+10,1.52817E+10,1.52955E+10,1.53086E+10,1.53212E+10,1.53333E+10,1.53449E+10,1.53561E+10,1.53677E+10,1.53793E+10,1.53913E+10,1.5403E+10,1.54144E+10,1.54258E+10,1.54376E+10,1.54494E+10,1.5461E+10,1.54721E+10,1.54829E+10,1.54936E+10,1.55043E+10,1.55148E+10,1.55249E+10,1.55346E+10,1.55442E+10,1.55538E+10,1.55633E+10,1.55726E+10,1.55818E+10,1.55909E+10,1.56001E+10,1.56093E+10,1.56184E+10,1.56276E+10,1.56371E+10,1.5647E+10,1.56569E+10,1.56668E+10,1.56767E+10,1.56864E+10,1.56961E+10,1.57056E+10,1.57151E+10,1.57246E+10,1.57343E+10,1.57439E+10,1.57536E+10,1.57635E+10,1.57735E+10,1.57835E+10,1.57938E+10,1.58043E+10,1.5815E+10,1.58259E+10,1.5837E+10,1.58487E+10,1.58609E+10,1.58733E+10,1.5886E+10,1.58988E+10,1.59117E+10,1.59247E+10,1.59374E+10,1.59497E+10,1.59623E+10,1.59751E+10,1.59882E+10,1.60017E+10,1.60156E+10,1.603E+10,1.60449E+10,1.60599E+10,1.60751E+10,1.60905E+10,1.61061E+10,1.6122E+10,1.6138E+10,1.61545E+10,1.61715E+10,1.61889E+10,1.62065E+10,1.62244E+10,1.62424E+10,1.62604E+10,1.62781E+10,1.6296E+10,1.63141E+10,1.63322E+10,1.63503E+10,1.63683E+10,1.63862E+10,1.64038E+10,1.6422E+10,1.644E+10,1.64579E+10,1.64759E+10,1.64941E+10,1.65115E+10,1.65277E+10,1.6545E+10,1.6561E+10,1.6576E+10,1.65901E+10,1.66032E+10,1.66141E+10,1.66242E+10,1.66374E+10,1.66501E+10,1.66621E+10,1.66733E+10,1.66839E+10,1.66904E+10,1.66963E+10,1.6706E+10,1.67148E+10,1.6723E+10,1.67307E+10,1.6738E+10,1.67444E+10,1.67501E+10,1.67568E+10,1.67631E+10,1.67688E+10,1.67742E+10,1.67793E+10,1.67836E+10,1.67874E+10,1.67918E+10,1.67959E+10,1.68E+10,1.68042E+10,1.68083E+10,1.68121E+10,1.68158E+10,1.68203E+10,1.68248E+10,1.68293E+10,1.6834E+10,1.68386E+10,1.68428E+10,1.68469E+10,1.68521E+10,1.68575E+10,1.68628E+10,1.68681E+10,1.68734E+10,1.68784E+10,1.68831E+10,1.68888E+10,1.68942E+10,1.68997E+10,1.69051E+10,1.69105E+10,1.69153E+10,1.69198E+10,1.69255E+10,1.6931E+10,1.69364E+10,1.69416E+10,1.69467E+10,1.6951E+10,1.69549E+10,1.69598E+10,1.69645E+10,1.69691E+10,1.69736E+10,1.6978E+10,1.69819E+10,1.69856E+10,1.699E+10,1.69942E+10,1.69983E+10,1.70024E+10,1.70063E+10,1.70098E+10,1.70131E+10,1.70169E+10,1.70207E+10,1.70243E+10,1.70279E+10,1.70314E+10,1.70347E+10,1.70379E+10,1.70413E+10,1.70448E+10,1.70481E+10,1.70514E+10,1.70546E+10,1.70577E+10,1.70606E+10,1.70638E+10,1.7067E+10,1.707E+10,1.70731E+10,1.70762E+10,1.70792E+10,1.70821E+10,1.70851E+10,1.70881E+10,1.7091E+10,1.70939E+10,1.70968E+10,1.70997E+10,1.71025E+10,1.71055E+10,1.71084E+10,1.71114E+10,1.71144E+10,1.71174E+10,1.71203E+10,1.71232E+10,1.71263E+10,1.71297E+10,1.71327E+10,1.71357E+10,1.71387E+10,1.71418E+10,1.71449E+10,1.71481E+10,1.71512E+10,1.71544E+10,1.71576E+10,1.71609E+10,1.71641E+10,1.71674E+10,1.71707E+10,1.7174E+10,1.71774E+10,1.71808E+10,1.71842E+10,1.71876E+10,1.7191E+10,1.71944E+10,1.71979E+10,1.72014E+10,1.72049E+10,1.72084E+10,1.72119E+10
"Cost of GDP Cumulative[Alabama]",0,0,0,0,0,0,0,0,0,0,0,0,0,0,0,0,0,0,0,0,0,7.34183E-42,0.000976273,0.0131136,0.0689722,0.234472,0.618399,1.3817,2.74742,5.01209,8.5594,13.8789,21.5911,32.4807,47.5397,68.0256,95.5417,132.14,180.447,243.824,326.571,434.192,573.716,754.087,987.058,1291.95,1693.21,2234.65,2977.99,3981.66,5303.53,7023.55,9242.32,12071.8,15639.3,20092,25603,32383.6,40717.9,50955.2,63507.5,78867.3,97632.2,120528,148431,182394,223673,273754,334379,407581,495766,604109,738690,903599,1.10301E+06,1.34184E+06,1.62569E+06,1.96467E+06,2.37254E+06,2.86315E+06,3.46031E+06,4.18887E+06,5.07122E+06,6.13975E+06,7.42016E+06,8.92885E+06,1.06774E+07,1.26804E+07,1.49765E+07,1.76017E+07,2.05818E+07,2.39964E+07,2.79423E+07,3.24893E+07,3.7677E+07,4.35231E+07,5.0033E+07,5.7204E+07,6.50305E+07,7.35059E+07,8.26245E+07,9.23868E+07,1.02791E+08,1.13832E+08,1.25503E+08,1.37792E+08,1.50688E+08,1.64176E+08,1.78242E+08,1.92868E+08,2.08039E+08,2.2374E+08,2.39956E+08,2.56685E+08,2.73955E+08,2.92003E+08,3.11137E+08,3.315E+08,3.53164E+08,3.7617E+08,4.00536E+08,4.26262E+08,4.53408E+08,4.8209E+08,5.12372E+08,5.44277E+08,5.77802E+08,6.12927E+08,6.49622E+08,6.87853E+08,7.27609E+08,7.68886E+08,8.11673E+08,8.55958E+08,9.01719E+08,9.48918E+08,9.9751E+08,1.04744E+09,1.09867E+09,1.15112E+09,1.20475E+09,1.2595E+09,1.31531E+09,1.37212E+09,1.42988E+09,1.48853E+09,1.54801E+09,1.60825E+09,1.66921E+09,1.73082E+09,1.79303E+09,1.85578E+09,1.919E+09,1.98265E+09,2.04667E+09,2.111E+09,2.17557E+09,2.24034E+09,2.30526E+09,2.37026E+09,2.43531E+09,2.50034E+09,2.56532E+09,2.63019E+09,2.69492E+09,2.75947E+09,2.82379E+09,2.88787E+09,2.95166E+09,3.01514E+09,3.07831E+09,3.14116E+09,3.20373E+09,3.26605E+09,3.32815E+09,3.39006E+09,3.4518E+09,3.51335E+09,3.57473E+09,3.63593E+09,3.69693E+09,3.75773E+09,3.8183E+09,3.87863E+09,3.9387E+09,3.99849E+09,4.05797E+09,4.11712E+09,4.17592E+09,4.23436E+09,4.29244E+09,4.35017E+09,4.40755E+09,4.46458E+09,4.52127E+09,4.57761E+09,4.63362E+09,4.68929E+09,4.74462E+09,4.79962E+09,4.85429E+09,4.90863E+09,4.96265E+09,5.01634E+09,5.06971E+09,5.12276E+09,5.1755E+09,5.22792E+09,5.28003E+09,5.33183E+09,5.38332E+09,5.43451E+09,5.48539E+09,5.53598E+09,5.58627E+09,5.63626E+09,5.68597E+09,5.73538E+09,5.78451E+09,5.83335E+09,5.88191E+09,5.9302E+09,5.9782E+09,6.02593E+09,6.07339E+09,6.12058E+09,6.1675E+09,6.21415E+09,6.26054E+09,6.30667E+09,6.35254E+09,6.39815E+09,6.44351E+09,6.48861E+09,6.53346E+09,6.57806E+09,6.62241E+09,6.66651E+09,6.71037E+09,6.75399E+09,6.79736E+09,6.84049E+09,6.88339E+09,6.92605E+09,6.96847E+09,7.01066E+09,7.05262E+09,7.09434E+09,7.13585E+09,7.17712E+09,7.21817E+09,7.259E+09,7.2996E+09,7.33999E+09,7.38016E+09,7.42011E+09,7.45985E+09,7.49938E+09,7.53869E+09,7.5778E+09,7.61669E+09,7.65538E+09,7.69387E+09,7.73216E+09,7.77024E+09,7.80813E+09,7.84581E+09,7.8833E+09,7.9206E+09,7.9577E+09,7.9946E+09,8.03132E+09,8.06784E+09,8.10418E+09,8.14032E+09,8.17628E+09,8.21205E+09,8.24764E+09,8.28304E+09,8.31826E+09,8.3533E+09,8.38815E+09,8.42282E+09,8.45731E+09,8.49162E+09,8.52575E+09,8.5597E+09,8.59347E+09,8.62706E+09,8.66048E+09,8.69371E+09,8.72677E+09,8.75965E+09,8.79236E+09,8.8249E+09,8.85726E+09,8.88945E+09,8.92148E+09,8.95333E+09,8.98502E+09,9.01654E+09,9.0479E+09,9.07909E+09,9.11011E+09,9.14098E+09,9.17168E+09,9.20222E+09,9.23261E+09,9.26283E+09,9.2929E+09,9.32281E+09,9.35256E+09,9.38216E+09,9.4116E+09,9.44089E+09,9.47003E+09,9.49901E+09,9.52785E+09,9.55653E+09,9.58506E+09,9.61345E+09,9.64169E+09,9.66978E+09,9.69772E+09,9.72552E+09,9.75317E+09,9.78068E+09,9.80804E+09,9.83527E+09,9.86235E+09,9.88928E+09,9.91608E+09,9.94274E+09,9.96926E+09,9.99565E+09,1.00219E+10,1.0048E+10,1.0074E+10,1.00998E+10,1.01256E+10,1.01511E+10,1.01766E+10,1.02019E+10,1.02271E+10,1.02522E+10,1.02772E+10,1.0302E+10,1.03268E+10,1.03514E+10,1.03759E+10,1.04003E+10,1.04245E+10,1.04487E+10,1.04727E+10,1.04967E+10,1.05205E+10,1.05443E+10,1.05679E+10,1.05915E+10,1.06149E+10,1.06383E+10,1.06616E+10,1.06848E+10,1.07078E+10,1.07309E+10,1.07538E+10,1.07766E+10,1.07994E+10,1.08221E+10,1.08447E+10,1.08673E+10,1.08898E+10,1.09122E+10,1.09347E+10,1.09572E+10,1.09798E+10,1.10025E+10,1.10253E+10,1.10484E+10,1.10717E+10,1.10952E+10,1.1119E+10,1.11432E+10,1.11678E+10,1.11928E+10,1.12182E+10,1.12442E+10,1.12706E+10,1.12976E+10,1.1325E+10,1.13529E+10,1.13813E+10,1.14102E+10,1.14396E+10,1.14695E+10,1.14999E+10,1.15308E+10,1.15621E+10,1.15939E+10,1.16262E+10,1.16589E+10,1.1692E+10,1.17255E+10,1.17593E+10,1.17935E+10,1.1828E+10,1.18628E+10,1.18978E+10,1.19331E+10,1.19687E+10,1.20045E+10,1.20405E+10,1.20768E+10,1.21133E+10,1.21501E+10,1.21872E+10,1.22245E+10,1.22619E+10,1.22996E+10,1.23374E+10,1.23754E+10,1.24136E+10,1.2452E+10,1.24905E+10,1.25292E+10,1.2568E+10,1.26069E+10,1.26459E+10,1.26851E+10,1.27244E+10,1.27637E+10,1.28033E+10,1.28429E+10,1.28826E+10,1.29224E+10,1.29624E+10,1.30024E+10,1.30424E+10,1.30826E+10,1.31227E+10,1.31629E+10,1.32031E+10,1.32433E+10,1.32835E+10,1.33236E+10,1.33636E+10,1.34036E+10,1.34433E+10,1.3483E+10,1.35224E+10,1.35617E+10,1.36008E+10,1.36398E+10,1.36786E+10,1.37172E+10,1.37557E+10,1.3794E+10,1.38322E+10,1.38702E+10,1.3908E+10,1.39457E+10,1.39832E+10,1.40205E+10,1.40577E+10,1.40947E+10,1.41315E+10,1.41682E+10,1.42047E+10,1.42411E+10,1.42773E+10,1.43133E+10,1.43492E+10,1.43849E+10,1.44205E+10,1.44559E+10,1.44911E+10,1.45262E+10,1.45612E+10,1.45959E+10,1.46306E+10,1.46651E+10,1.46994E+10,1.47335E+10,1.47675E+10,1.48014E+10,1.48351E+10,1.48687E+10,1.4902E+10,1.49353E+10,1.49684E+10,1.50013E+10,1.50341E+10,1.50667E+10,1.50992E+10,1.51315E+10,1.51637E+10,1.51957E+10,1.52276E+10,1.52593E+10,1.52909E+10,1.53223E+10,1.53536E+10,1.53847E+10,1.54157E+10,1.54465E+10,1.54772E+10,1.55077E+10,1.55381E+10,1.55684E+10,1.55985E+10,1.56284E+10,1.56582E+10,1.56879E+10,1.57174E+10,1.57468E+10,1.5776E+10,1.58051E+10,1.58341E+10,1.58629E+10,1.58916E+10,1.59201E+10,1.59486E+10,1.59768E+10,1.6005E+10,1.6033E+10,1.60609E+10,1.60886E+10,1.61162E+10,1.61437E+10,1.61711E+10,1.61984E+10,1.62255E+10,1.62525E+10,1.62794E+10,1.63061E+10,1.63328E+10,1.63593E+10,1.63857E+10,1.6412E+10,1.64382E+10,1.64643E+10,1.64902E+10,1.65161E+10,1.65418E+10,1.65674E+10,1.65929E+10,1.66183E+10,1.66436E+10,1.66688E+10,1.66939E+10,1.67189E+10,1.67438E+10,1.67686E+10,1.67933E+10,1.68179E+10,1.68424E+10,1.68668E+10,1.68911E+10,1.69153E+10,1.69394E+10,1.69635E+10,1.69874E+10,1.70113E+10,1.7035E+10,1.70587E+10,1.70823E+10,1.71058E+10,1.71292E+10,1.71525E+10,1.71758E+10,1.71989E+10,1.7222E+10,1.72449E+10,1.72678E+10,1.72906E+10,1.73133E+10,1.7336E+10,1.73585E+10,1.7381E+10,1.74034E+10,1.74257E+10,1.7448E+10,1.74702E+10,1.74923E+10,1.75144E+10,1.75364E+10,1.75584E+10,1.75803E+10,1.76021E+10,1.7624E+10,1.76457E+10,1.76675E+10,1.76893E+10,1.77112E+10,1.7733E+10,1.77549E+10,1.7777E+10,1.77991E+10,1.78215E+10,1.7844E+10,1.78667E+10,1.78896E+10,1.79129E+10,1.79364E+10,1.79601E+10,1.79841E+10,1.80084E+10,1.8033E+10,1.80577E+10,1.80827E+10,1.8108E+10,1.81334E+10,1.81591E+10,1.8185E+10,1.82111E+10,1.82375E+10,1.8264E+10,1.82907E+10,1.83177E+10,1.83448E+10,1.83722E+10,1.83998E+10,1.84276E+10,1.84557E+10,1.8484E+10,1.85125E+10,1.85414E+10,1.85707E+10,1.86004E+10,1.86306E+10,1.86614E+10,1.86927E+10,1.87245E+10,1.8757E+10,1.87902E+10,1.88241E+10,1.88587E+10,1.88941E+10,1.89303E+10,1.89674E+10,1.90053E+10,1.9044E+10,1.90835E+10,1.9124E+10,1.91653E+10,1.92074E+10,1.92505E+10,1.92944E+10,1.93393E+10,1.93849E+10,1.94315E+10,1.94789E+10,1.95272E+10,1.95764E+10,1.96263E+10,1.96771E+10,1.97287E+10,1.97809E+10,1.98339E+10,1.98876E+10,1.99419E+10,1.99967E+10,2.00521E+10,2.01079E+10,2.01643E+10,2.0221E+10,2.0278E+10,2.03355E+10,2.03932E+10,2.04511E+10,2.05093E+10,2.05677E+10,2.06263E+10,2.0685E+10,2.07438E+10,2.08027E+10,2.08616E+10,2.09207E+10,2.09797E+10,2.10388E+10,2.10978E+10,2.11569E+10,2.12159E+10,2.12749E+10,2.13339E+10,2.13928E+10,2.14517E+10,2.15106E+10,2.15694E+10,2.16282E+10,2.1687E+10,2.17457E+10,2.18044E+10,2.1863E+10,2.19215E+10,2.19799E+10,2.20382E+10,2.20964E+10,2.21544E+10,2.22123E+10,2.227E+10,2.23275E+10,2.23848E+10,2.24418E+10,2.24986E+10,2.25551E+10,2.26113E+10,2.26672E+10,2.27228E+10,2.27782E+10,2.28333E+10,2.2888E+10,2.29426E+10,2.29968E+10,2.30508E+10,2.31045E+10,2.3158E+10,2.32112E+10,2.32642E+10,2.33169E+10,2.33694E+10,2.34218E+10,2.34741E+10,2.35263E+10,2.35784E+10,2.36304E+10,2.36824E+10,2.37343E+10,2.37862E+10,2.38381E+10,2.389E+10,2.3942E+10,2.3994E+10,2.40461E+10,2.40983E+10,2.41506E+10,2.4203E+10,2.42555E+10,2.43082E+10,2.43609E+10,2.44138E+10,2.44668E+10,2.452E+10,2.45733E+10,2.46268E+10,2.46805E+10,2.47343E+10,2.47884E+10,2.48426E+10,2.4897E+10,2.49516E+10,2.50064E+10,2.50613E+10,2.51163E+10,2.51714E+10,2.52266E+10,2.52819E+10,2.53373E+10,2.53927E+10,2.54481E+10,2.55036E+10,2.55591E+10,2.56146E+10,2.56702E+10,2.57258E+10,2.57814E+10,2.5837E+10,2.58926E+10,2.59482E+10,2.60039E+10,2.60596E+10,2.61154E+10,2.61712E+10,2.62271E+10,2.6283E+10,2.6339E+10,2.6395E+10,2.64511E+10,2.65073E+10,2.65637E+10,2.66202E+10,2.66769E+10,2.67338E+10,2.67908E+10,2.68481E+10,2.69055E+10,2.6963E+10,2.70208E+10,2.70788E+10,2.71368E+10,2.71951E+10,2.72535E+10,2.7312E+10,2.73706E+10,2.74294E+10,2.74882E+10,2.75472E+10,2.76063E+10,2.76655E+10,2.77248E+10,2.77842E+10,2.78437E+10,2.79032E+10,2.79629E+10,2.80225E+10,2.80822E+10,2.8142E+10,2.82017E+10,2.82615E+10,2.83212E+10,2.8381E+10,2.84407E+10,2.85004E+10,2.856E+10,2.86196E+10,2.86792E+10,2.87388E+10,2.87983E+10,2.88579E+10,2.89174E+10,2.89768E+10,2.90362E+10,2.90955E+10,2.91547E+10,2.92139E+10,2.92728E+10,2.93317E+10,2.93904E+10,2.94489E+10,2.95073E+10,2.95654E+10,2.96234E+10,2.96811E+10,2.97386E+10,2.97959E+10,2.98529E+10,2.99097E+10,2.99662E+10,3.00225E+10,3.00785E+10,3.01342E+10,3.01897E+10,3.02449E+10,3.02999E+10,3.03545E+10,3.04089E+10,3.04631E+10,3.0517E+10,3.05706E+10,3.06239E+10,3.0677E+10,3.07298E+10,3.07824E+10,3.08347E+10,3.08867E+10,3.09385E+10,3.099E+10,3.10412E+10,3.10922E+10,3.1143E+10,3.11935E+10,3.12437E+10,3.12937E+10,3.13434E+10,3.13929E+10,3.14422E+10,3.14912E+10,3.15399E+10,3.15884E+10,3.16367E+10,3.16848E+10,3.17326E+10,3.17801E+10,3.18275E+10,3.18746E+10,3.19215E+10,3.19681E+10,3.20145E+10,3.20608E+10,3.21067E+10,3.21525E+10,3.21981E+10,3.22434E+10,3.22886E+10,3.23335E+10,3.23782E+10,3.24228E+10,3.24671E+10,3.25112E+10,3.25552E+10,3.25989E+10,3.26425E+10,3.26859E+10,3.27291E+10,3.27721E+10,3.2815E+10,3.28577E+10,3.29002E+10,3.29426E+10,3.29848E+10,3.30269E+10,3.30688E+10,3.31106E+10,3.31522E+10,3.31937E+10,3.32351E+10,3.32764E+10,3.33176E+10,3.33588E+10,3.33998E+10,3.34409E+10,3.34819E+10,3.35229E+10,3.35639E+10,3.36049E+10,3.36459E+10,3.36869E+10,3.3728E+10,3.3769E+10,3.38101E+10,3.38513E+10,3.38924E+10,3.39336E+10,3.39749E+10,3.40162E+10,3.40576E+10,3.40992E+10,3.41408E+10,3.41826E+10,3.42246E+10,3.42668E+10,3.43091E+10,3.43516E+10,3.43943E+10,3.44372E+10,3.44803E+10,3.45236E+10,3.45671E+10,3.46107E+10,3.46545E+10,3.46985E+10,3.47425E+10,3.47867E+10,3.48309E+10,3.48753E+10,3.49196E+10,3.4964E+10,3.50084E+10,3.50527E+10,3.50969E+10,3.51411E+10,3.51851E+10,3.5229E+10,3.52728E+10,3.53164E+10,3.536E+10,3.54034E+10,3.54467E+10,3.54899E+10,3.5533E+10,3.55759E+10,3.56187E+10,3.56614E+10,3.5704E+10,3.57464E+10,3.57888E+10,3.5831E+10,3.58731E+10,3.59151E+10,3.59569E+10,3.59987E+10,3.60403E+10,3.60818E+10,3.61233E+10,3.61645E+10,3.62057E+10,3.62468E+10,3.62877E+10,3.63286E+10,3.63693E+10,3.64099E+10,3.64503E+10,3.64907E+10,3.65309E+10,3.6571E+10,3.6611E+10,3.66509E+10,3.66907E+10,3.67303E+10,3.67698E+10,3.68092E+10,3.68485E+10,3.68877E+10,3.69267E+10,3.69656E+10,3.70044E+10,3.70431E+10,3.70817E+10,3.71201E+10,3.71584E+10,3.71966E+10,3.72347E+10,3.72727E+10,3.73105E+10,3.73482E+10,3.73858E+10,3.74233E+10,3.74607E+10,3.74979E+10,3.75351E+10,3.75721E+10,3.7609E+10,3.76458E+10,3.76825E+10,3.77191E+10,3.77556E+10,3.77919E+10,3.78282E+10,3.78643E+10,3.79004E+10,3.79363E+10,3.79721E+10,3.80078E+10,3.80435E+10,3.8079E+10,3.81144E+10,3.81498E+10,3.8185E+10,3.82201E+10,3.82552E+10,3.82901E+10,3.8325E+10,3.83598E+10,3.83944E+10,3.8429E+10,3.84635E+10,3.84979E+10,3.85322E+10,3.85665E+10,3.86006E+10,3.86347E+10,3.86686E+10,3.87025E+10,3.87364E+10,3.87701E+10,3.88038E+10,3.88373E+10,3.88708E+10,3.89043E+10,3.89376E+10,3.89709E+10,3.90041E+10,3.90372E+10,3.90702E+10,3.91032E+10,3.91361E+10,3.9169E+10,3.92018E+10,3.92345E+10,3.92672E+10,3.92997E+10,3.93323E+10,3.93647E+10,3.93971E+10,3.94295E+10,3.94618E+10,3.9494E+10,3.95261E+10,3.95583E+10,3.95903E+10,3.96223E+10
"Cost of GDP Cumulative[Alaska]",0,0,0,0,0,0,0,0,0,0,0,0,0,0,0,0,0,0,0,0,0,1.93209E-42,4.49307E-42,7.67548E-42,1.46393E-41,3.89191E-41,7.08728E-41,1.04302E-40,1.39184E-40,2.2426E-05,0.00273928,0.0273178,0.129141,0.420609,1.09601,2.46445,4.99566,9.38284,16.6277,28.1654,46.0539,73.2578,114.057,174.631,263.881,394.822,586.195,865.783,1274,1867.94,2728.8,3973.31,5767.75,8346.7,12037.9,17291.9,24715.5,35977,71823.3,189114,438257,834657,1.37762E+06,2.06373E+06,2.88905E+06,3.84957E+06,4.94136E+06,6.16056E+06,7.50337E+06,8.96623E+06,1.0546E+07,1.22493E+07,1.40823E+07,1.60433E+07,1.81298E+07,2.03407E+07,2.26757E+07,2.51412E+07,2.77472E+07,3.05008E+07,3.34172E+07,3.65095E+07,3.97864E+07,4.32618E+07,4.69435E+07,5.08339E+07,5.49321E+07,5.92392E+07,6.37669E+07,6.8525E+07,7.35178E+07,7.87696E+07,8.43082E+07,9.01497E+07,9.62991E+07,1.02754E+08,1.0951E+08,1.16557E+08,1.23888E+08,1.31494E+08,1.39367E+08,1.47499E+08,1.55885E+08,1.64517E+08,1.73387E+08,1.82486E+08,1.91805E+08,2.01336E+08,2.11068E+08,2.20992E+08,2.311E+08,2.41382E+08,2.51829E+08,2.62437E+08,2.73209E+08,2.84193E+08,2.95452E+08,3.07012E+08,3.18878E+08,3.31055E+08,3.43537E+08,3.5632E+08,3.69408E+08,3.82816E+08,3.96549E+08,4.10604E+08,4.24973E+08,4.39648E+08,4.54616E+08,4.69865E+08,4.85386E+08,5.01172E+08,5.17217E+08,5.33511E+08,5.50044E+08,5.66806E+08,5.83781E+08,6.00957E+08,6.1832E+08,6.35854E+08,6.53545E+08,6.71379E+08,6.89342E+08,7.0742E+08,7.25598E+08,7.43863E+08,7.62201E+08,7.80598E+08,7.99041E+08,8.17516E+08,8.3601E+08,8.5451E+08,8.73004E+08,8.91478E+08,9.0992E+08,9.28318E+08,9.46659E+08,9.64931E+08,9.83124E+08,1.00123E+09,1.01922E+09,1.03711E+09,1.05488E+09,1.07253E+09,1.09006E+09,1.10748E+09,1.12477E+09,1.14196E+09,1.15902E+09,1.17597E+09,1.19281E+09,1.20954E+09,1.22615E+09,1.24266E+09,1.25905E+09,1.27533E+09,1.29151E+09,1.30758E+09,1.32353E+09,1.33939E+09,1.35513E+09,1.37077E+09,1.38631E+09,1.40174E+09,1.41707E+09,1.4323E+09,1.44742E+09,1.46245E+09,1.47737E+09,1.49219E+09,1.50692E+09,1.52155E+09,1.53607E+09,1.55051E+09,1.56484E+09,1.57908E+09,1.59323E+09,1.60728E+09,1.62123E+09,1.6351E+09,1.64887E+09,1.66255E+09,1.67614E+09,1.68963E+09,1.70304E+09,1.71636E+09,1.72959E+09,1.74273E+09,1.75579E+09,1.76875E+09,1.78164E+09,1.79443E+09,1.80714E+09,1.81977E+09,1.83231E+09,1.84477E+09,1.85714E+09,1.86944E+09,1.88165E+09,1.89378E+09,1.90583E+09,1.91781E+09,1.9297E+09,1.94151E+09,1.95325E+09,1.9649E+09,1.97649E+09,1.98799E+09,1.99942E+09,2.01077E+09,2.02205E+09,2.03326E+09,2.04439E+09,2.05545E+09,2.06643E+09,2.07735E+09,2.08819E+09,2.09896E+09,2.10966E+09,2.1203E+09,2.13086E+09,2.14135E+09,2.15178E+09,2.16213E+09,2.17243E+09,2.18265E+09,2.19281E+09,2.2029E+09,2.21293E+09,2.22289E+09,2.23279E+09,2.24263E+09,2.25241E+09,2.26212E+09,2.27177E+09,2.28136E+09,2.29089E+09,2.30036E+09,2.30977E+09,2.31913E+09,2.32842E+09,2.33766E+09,2.34684E+09,2.35597E+09,2.36504E+09,2.37406E+09,2.38302E+09,2.39193E+09,2.40079E+09,2.4096E+09,2.41835E+09,2.42706E+09,2.43571E+09,2.44431E+09,2.45287E+09,2.46137E+09,2.46983E+09,2.47824E+09,2.4866E+09,2.49491E+09,2.50317E+09,2.51139E+09,2.51956E+09,2.52768E+09,2.53576E+09,2.54378E+09,2.55176E+09,2.5597E+09,2.56758E+09,2.57543E+09,2.58322E+09,2.59097E+09,2.59867E+09,2.60633E+09,2.61394E+09,2.62151E+09,2.62903E+09,2.6365E+09,2.64394E+09,2.65132E+09,2.65867E+09,2.66597E+09,2.67322E+09,2.68044E+09,2.68761E+09,2.69473E+09,2.70182E+09,2.70886E+09,2.71586E+09,2.72282E+09,2.72974E+09,2.73661E+09,2.74345E+09,2.75025E+09,2.757E+09,2.76372E+09,2.7704E+09,2.77703E+09,2.78363E+09,2.79019E+09,2.79672E+09,2.8032E+09,2.80965E+09,2.81606E+09,2.82244E+09,2.82878E+09,2.83508E+09,2.84135E+09,2.84759E+09,2.85379E+09,2.85996E+09,2.86609E+09,2.87219E+09,2.87826E+09,2.8843E+09,2.89031E+09,2.89629E+09,2.90224E+09,2.90815E+09,2.91405E+09,2.91991E+09,2.92575E+09,2.93158E+09,2.93743E+09,2.9433E+09,2.94918E+09,2.9551E+09,2.96105E+09,2.96702E+09,2.97303E+09,2.97905E+09,2.9851E+09,2.99117E+09,2.99725E+09,3.00335E+09,3.00946E+09,3.0156E+09,3.02175E+09,3.02793E+09,3.03413E+09,3.04036E+09,3.04661E+09,3.05289E+09,3.05919E+09,3.06552E+09,3.07188E+09,3.07827E+09,3.0847E+09,3.09117E+09,3.09768E+09,3.10423E+09,3.11083E+09,3.11747E+09,3.12417E+09,3.13091E+09,3.13771E+09,3.14456E+09,3.15147E+09,3.15843E+09,3.16545E+09,3.17254E+09,3.17968E+09,3.18689E+09,3.19417E+09,3.20153E+09,3.20897E+09,3.21648E+09,3.22407E+09,3.23173E+09,3.23946E+09,3.24726E+09,3.25513E+09,3.26306E+09,3.27105E+09,3.2791E+09,3.28721E+09,3.29539E+09,3.30362E+09,3.31192E+09,3.32029E+09,3.32874E+09,3.33729E+09,3.34595E+09,3.35473E+09,3.36365E+09,3.3727E+09,3.3819E+09,3.39126E+09,3.40079E+09,3.41049E+09,3.42038E+09,3.43044E+09,3.44067E+09,3.45106E+09,3.4616E+09,3.47228E+09,3.48309E+09,3.49402E+09,3.50506E+09,3.5162E+09,3.52744E+09,3.53877E+09,3.55018E+09,3.56166E+09,3.57321E+09,3.58481E+09,3.59647E+09,3.60817E+09,3.6199E+09,3.63167E+09,3.64348E+09,3.65531E+09,3.66716E+09,3.67902E+09,3.6909E+09,3.70278E+09,3.71467E+09,3.72654E+09,3.7384E+09,3.75025E+09,3.76207E+09,3.77386E+09,3.78562E+09,3.79734E+09,3.80901E+09,3.82062E+09,3.83216E+09,3.84364E+09,3.85504E+09,3.86637E+09,3.87763E+09,3.88882E+09,3.89994E+09,3.91098E+09,3.92196E+09,3.93287E+09,3.94371E+09,3.95448E+09,3.96519E+09,3.97582E+09,3.98639E+09,3.99689E+09,4.00733E+09,4.0177E+09,4.028E+09,4.03824E+09,4.04842E+09,4.05853E+09,4.06858E+09,4.07857E+09,4.08849E+09,4.09835E+09,4.10815E+09,4.11789E+09,4.12757E+09,4.13719E+09,4.14675E+09,4.15625E+09,4.16569E+09,4.17507E+09,4.1844E+09,4.19367E+09,4.20288E+09,4.21204E+09,4.22114E+09,4.23019E+09,4.23918E+09,4.24812E+09,4.257E+09,4.26583E+09,4.27461E+09,4.28334E+09,4.29201E+09,4.30064E+09,4.30921E+09,4.31774E+09,4.32621E+09,4.33463E+09,4.34301E+09,4.35134E+09,4.35962E+09,4.36785E+09,4.37604E+09,4.38418E+09,4.39228E+09,4.40033E+09,4.40833E+09,4.41629E+09,4.42421E+09,4.43209E+09,4.43992E+09,4.4477E+09,4.45545E+09,4.46315E+09,4.47081E+09,4.47843E+09,4.48601E+09,4.49355E+09,4.50105E+09,4.50851E+09,4.51593E+09,4.52331E+09,4.53065E+09,4.53795E+09,4.54522E+09,4.55244E+09,4.55963E+09,4.56678E+09,4.5739E+09,4.58097E+09,4.58801E+09,4.59501E+09,4.60198E+09,4.60891E+09,4.61581E+09,4.62267E+09,4.6295E+09,4.63629E+09,4.64305E+09,4.64977E+09,4.65646E+09,4.66312E+09,4.66974E+09,4.67633E+09,4.68289E+09,4.68942E+09,4.69591E+09,4.70237E+09,4.7088E+09,4.7152E+09,4.72156E+09,4.7279E+09,4.7342E+09,4.74047E+09,4.74671E+09,4.75291E+09,4.75909E+09,4.76523E+09,4.77134E+09,4.77742E+09,4.78347E+09,4.78949E+09,4.79548E+09,4.80144E+09,4.80736E+09,4.81325E+09,4.81912E+09,4.82495E+09,4.83075E+09,4.83652E+09,4.84225E+09,4.84796E+09,4.85364E+09,4.85928E+09,4.8649E+09,4.87048E+09,4.87603E+09,4.88155E+09,4.88704E+09,4.89251E+09,4.89794E+09,4.90334E+09,4.90871E+09,4.91405E+09,4.91937E+09,4.92465E+09,4.92991E+09,4.93514E+09,4.94034E+09,4.94551E+09,4.95065E+09,4.95577E+09,4.96086E+09,4.96592E+09,4.97096E+09,4.97597E+09,4.98096E+09,4.98592E+09,4.99086E+09,4.99579E+09,5.00077E+09,5.00584E+09,5.01103E+09,5.01636E+09,5.02185E+09,5.0275E+09,5.03333E+09,5.03934E+09,5.04551E+09,5.05184E+09,5.05834E+09,5.06498E+09,5.07176E+09,5.07868E+09,5.08572E+09,5.09288E+09,5.10016E+09,5.10753E+09,5.11501E+09,5.12258E+09,5.13024E+09,5.13798E+09,5.1458E+09,5.1537E+09,5.16167E+09,5.16971E+09,5.17783E+09,5.18603E+09,5.19433E+09,5.20272E+09,5.21122E+09,5.2198E+09,5.22849E+09,5.23728E+09,5.24617E+09,5.25519E+09,5.26431E+09,5.27356E+09,5.28292E+09,5.29241E+09,5.30201E+09,5.31173E+09,5.32157E+09,5.33152E+09,5.34159E+09,5.35178E+09,5.36208E+09,5.37249E+09,5.38301E+09,5.39363E+09,5.40436E+09,5.41519E+09,5.42612E+09,5.43715E+09,5.44827E+09,5.45948E+09,5.47076E+09,5.48212E+09,5.49355E+09,5.50504E+09,5.51658E+09,5.52817E+09,5.5398E+09,5.55146E+09,5.56315E+09,5.57486E+09,5.58659E+09,5.59833E+09,5.6101E+09,5.6219E+09,5.63374E+09,5.64561E+09,5.65752E+09,5.66947E+09,5.68148E+09,5.69356E+09,5.70575E+09,5.71805E+09,5.73047E+09,5.74303E+09,5.75572E+09,5.76855E+09,5.78151E+09,5.7946E+09,5.80781E+09,5.82113E+09,5.83455E+09,5.84808E+09,5.8617E+09,5.87541E+09,5.8892E+09,5.90307E+09,5.917E+09,5.93098E+09,5.94502E+09,5.95911E+09,5.97322E+09,5.98737E+09,6.00153E+09,6.01571E+09,6.0299E+09,6.04408E+09,6.05825E+09,6.0724E+09,6.08653E+09,6.10062E+09,6.11467E+09,6.12869E+09,6.14265E+09,6.15656E+09,6.17042E+09,6.18421E+09,6.19795E+09,6.21161E+09,6.22521E+09,6.23874E+09,6.2522E+09,6.26559E+09,6.27891E+09,6.29217E+09,6.30538E+09,6.31854E+09,6.33165E+09,6.34472E+09,6.35775E+09,6.37073E+09,6.38368E+09,6.39658E+09,6.40944E+09,6.42227E+09,6.43505E+09,6.44781E+09,6.46054E+09,6.47324E+09,6.48592E+09,6.49858E+09,6.51122E+09,6.52383E+09,6.53645E+09,6.54907E+09,6.56174E+09,6.57448E+09,6.58731E+09,6.60024E+09,6.61329E+09,6.62646E+09,6.63974E+09,6.65313E+09,6.66663E+09,6.68024E+09,6.69393E+09,6.70771E+09,6.72156E+09,6.73548E+09,6.74947E+09,6.7635E+09,6.77758E+09,6.7917E+09,6.80586E+09,6.82004E+09,6.83424E+09,6.84846E+09,6.86269E+09,6.87693E+09,6.89117E+09,6.90541E+09,6.91966E+09,6.93389E+09,6.94811E+09,6.96233E+09,6.97653E+09,6.99073E+09,7.00491E+09,7.01907E+09,7.03321E+09,7.04732E+09,7.06141E+09,7.07547E+09,7.08952E+09,7.10354E+09,7.11754E+09,7.13153E+09,7.1455E+09,7.15944E+09,7.17336E+09,7.18725E+09,7.20111E+09,7.21493E+09,7.22872E+09,7.24248E+09,7.25619E+09,7.26986E+09,7.28348E+09,7.29706E+09,7.31058E+09,7.32406E+09,7.33749E+09,7.35086E+09,7.36419E+09,7.37746E+09,7.39068E+09,7.40385E+09,7.41696E+09,7.43002E+09,7.44302E+09,7.45597E+09,7.46887E+09,7.48171E+09,7.4945E+09,7.50723E+09,7.51992E+09,7.53256E+09,7.54516E+09,7.55775E+09,7.57036E+09,7.58302E+09,7.59575E+09,7.60856E+09,7.62145E+09,7.63443E+09,7.64749E+09,7.66063E+09,7.67383E+09,7.6871E+09,7.70042E+09,7.71379E+09,7.7272E+09,7.74065E+09,7.75413E+09,7.76764E+09,7.78117E+09,7.79471E+09,7.80826E+09,7.82182E+09,7.83538E+09,7.84894E+09,7.86249E+09,7.87603E+09,7.88956E+09,7.90307E+09,7.91656E+09,7.93003E+09,7.94347E+09,7.95688E+09,7.97025E+09,7.98359E+09,7.99689E+09,8.01014E+09,8.02336E+09,8.03652E+09,8.04964E+09,8.0627E+09,8.07572E+09,8.08868E+09,8.10158E+09,8.11441E+09,8.12718E+09,8.13989E+09,8.15252E+09,8.16508E+09,8.17758E+09,8.19E+09,8.20235E+09,8.21464E+09,8.22685E+09,8.239E+09,8.25108E+09,8.26308E+09,8.27502E+09,8.28689E+09,8.29869E+09,8.31042E+09,8.32208E+09,8.33367E+09,8.34519E+09,8.35665E+09,8.36804E+09,8.37936E+09,8.39062E+09,8.40181E+09,8.41293E+09,8.42399E+09,8.43498E+09,8.44591E+09,8.45677E+09,8.46757E+09,8.47831E+09,8.48898E+09,8.4996E+09,8.51015E+09,8.52063E+09,8.53106E+09,8.54143E+09,8.55173E+09,8.56198E+09,8.57216E+09,8.58229E+09,8.59236E+09,8.60237E+09,8.61232E+09,8.62221E+09,8.63205E+09,8.64184E+09,8.65156E+09,8.66124E+09,8.67085E+09,8.68042E+09,8.68993E+09,8.69938E+09,8.70879E+09,8.71814E+09,8.72744E+09,8.73669E+09,8.7459E+09,8.75505E+09,8.76415E+09,8.77321E+09,8.78223E+09,8.79121E+09,8.80014E+09,8.80904E+09,8.8179E+09,8.82673E+09,8.83552E+09,8.8443E+09,8.85305E+09,8.86178E+09,8.87051E+09,8.87923E+09,8.88794E+09,8.89666E+09,8.90538E+09,8.91411E+09,8.92285E+09,8.9316E+09,8.94036E+09,8.94914E+09,8.95794E+09,8.96674E+09,8.97556E+09,8.98439E+09,8.99322E+09,9.00206E+09,9.0109E+09,9.01975E+09,9.02859E+09,9.03743E+09,9.04626E+09,9.05506E+09,9.06385E+09,9.07261E+09,9.08134E+09,9.09003E+09,9.0987E+09,9.10732E+09,9.11591E+09,9.12446E+09,9.13298E+09,9.14146E+09,9.1499E+09,9.15831E+09,9.16669E+09,9.17503E+09,9.18334E+09,9.19161E+09,9.19986E+09,9.20806E+09,9.21624E+09,9.22439E+09,9.2325E+09,9.24058E+09,9.24864E+09,9.25666E+09,9.26465E+09,9.27261E+09,9.28054E+09,9.28844E+09,9.29632E+09,9.30416E+09,9.31198E+09,9.31977E+09,9.32752E+09,9.33525E+09,9.34296E+09,9.35063E+09,9.35827E+09,9.36589E+09,9.37347E+09,9.38103E+09,9.38856E+09,9.39606E+09,9.40353E+09,9.41097E+09,9.41837E+09,9.42575E+09,9.4331E+09,9.44042E+09,9.44771E+09,9.45497E+09,9.46219E+09,9.46939E+09,9.47656E+09,9.48369E+09,9.49079E+09,9.49786E+09,9.5049E+09,9.51191E+09,9.51889E+09,9.52583E+09,9.53274E+09,9.53962E+09,9.54647E+09,9.55328E+09,9.56007E+09,9.56682E+09,9.57353E+09,9.58022E+09,9.58687E+09,9.59349E+09,9.60008E+09,9.60664E+09,9.61316E+09,9.61965E+09,9.62611E+09,9.63254E+09,9.63894E+09,9.6453E+09,9.65164E+09,9.65794E+09,9.66421E+09,9.67044E+09,9.67665E+09,9.68283E+09,9.68897E+09,9.69508E+09,9.70116E+09,9.70721E+09,9.71323E+09,9.71922E+09,9.72518E+09,9.73111E+09,9.737E+09,9.74287E+09,9.74871E+09,9.75452E+09,9.7603E+09,9.76605E+09,9.77177E+09,9.77746E+09,9.78312E+09,9.78875E+09,9.79436E+09,9.79994E+09,9.80549E+09,9.81101E+09,9.81651E+09,9.82198E+09,9.82742E+09,9.83284E+09,9.83823E+09,9.8436E+09,9.84894E+09,9.85425E+09,9.85954E+09,9.86481E+09,9.87005E+09,9.87527E+09,9.88046E+09,9.88563E+09,9.89078E+09,9.8959E+09
"Cost of GDP Cumulative[Arizona]",0,0,0,0,0,0,0,0,0,0,0,0,0,0,0,0,0,0,0,0,0,1.17732E-41,2.73786E-41,4.67719E-41,1.69317E-40,6.60218E-40,1.34144E-39,0.00147038,0.0199777,0.10644,0.367337,0.986249,2.25018,4.58374,8.59581,15.1448,25.4285,41.1104,64.5116,98.9024,148.949,221.396,326.039,477.053,695.487,1018.47,1497.56,2224.68,3334.52,4977.08,7331.66,10657.2,15309.3,21748.9,30579.6,42592.5,58818.1,80592.2,109665,148238,199008,265217,350703,459929,597963,770437,983462,1.2435E+06,1.55718E+06,1.93119E+06,2.37211E+06,2.89019E+06,3.49616E+06,4.19658E+06,4.99717E+06,5.9009E+06,6.90599E+06,8.01852E+06,9.2516E+06,1.06192E+07,1.21522E+07,1.38839E+07,1.58443E+07,1.80806E+07,2.06296E+07,2.35143E+07,2.67505E+07,3.03597E+07,3.44024E+07,3.89358E+07,4.40011E+07,4.97268E+07,5.62692E+07,6.37418E+07,7.22095E+07,8.17022E+07,9.22304E+07,1.03791E+08,1.16378E+08,1.29981E+08,1.44594E+08,1.60218E+08,1.76853E+08,1.94493E+08,2.13127E+08,2.32739E+08,2.53311E+08,2.74823E+08,2.97252E+08,3.20571E+08,3.44758E+08,3.69789E+08,3.95643E+08,4.22318E+08,4.4986E+08,4.7865E+08,5.0919E+08,5.41708E+08,5.76322E+08,6.13101E+08,6.52073E+08,6.93241E+08,7.367E+08,7.82641E+08,8.31167E+08,8.82315E+08,9.36081E+08,9.92434E+08,1.05133E+09,1.11271E+09,1.17656E+09,1.24288E+09,1.31165E+09,1.38286E+09,1.45647E+09,1.53242E+09,1.61064E+09,1.69105E+09,1.77357E+09,1.8581E+09,1.94456E+09,2.03285E+09,2.12289E+09,2.21458E+09,2.30782E+09,2.40253E+09,2.49861E+09,2.59596E+09,2.69449E+09,2.79411E+09,2.89471E+09,2.99622E+09,3.09852E+09,3.20154E+09,3.30517E+09,3.40932E+09,3.51389E+09,3.61881E+09,3.72397E+09,3.8293E+09,3.93471E+09,4.04012E+09,4.14545E+09,4.25063E+09,4.35559E+09,4.46027E+09,4.5646E+09,4.66854E+09,4.77203E+09,4.87504E+09,4.97754E+09,5.07955E+09,5.18109E+09,5.28224E+09,5.38305E+09,5.48356E+09,5.58378E+09,5.68372E+09,5.78338E+09,5.88275E+09,5.9818E+09,6.08053E+09,6.1789E+09,6.27688E+09,6.37444E+09,6.47155E+09,6.56815E+09,6.66423E+09,6.75973E+09,6.85465E+09,6.94899E+09,7.04275E+09,7.13594E+09,7.22857E+09,7.32063E+09,7.41213E+09,7.50308E+09,7.59349E+09,7.68334E+09,7.77266E+09,7.86145E+09,7.9497E+09,8.03743E+09,8.12465E+09,8.21135E+09,8.29754E+09,8.38322E+09,8.4684E+09,8.55308E+09,8.63727E+09,8.72097E+09,8.80418E+09,8.8869E+09,8.96914E+09,9.0509E+09,9.13219E+09,9.213E+09,9.29333E+09,9.3732E+09,9.4526E+09,9.53153E+09,9.61E+09,9.68802E+09,9.76557E+09,9.84268E+09,9.91933E+09,9.99553E+09,1.00713E+10,1.01466E+10,1.02215E+10,1.02959E+10,1.03699E+10,1.04434E+10,1.05166E+10,1.05893E+10,1.06615E+10,1.07334E+10,1.08048E+10,1.08758E+10,1.09464E+10,1.10166E+10,1.10864E+10,1.11557E+10,1.12247E+10,1.12932E+10,1.13614E+10,1.14291E+10,1.14965E+10,1.15634E+10,1.16299E+10,1.16961E+10,1.17619E+10,1.18272E+10,1.18922E+10,1.19568E+10,1.2021E+10,1.20849E+10,1.21483E+10,1.22114E+10,1.22741E+10,1.23364E+10,1.23984E+10,1.24599E+10,1.25212E+10,1.2582E+10,1.26425E+10,1.27026E+10,1.27624E+10,1.28218E+10,1.28808E+10,1.29395E+10,1.29979E+10,1.30558E+10,1.31135E+10,1.31708E+10,1.32277E+10,1.32843E+10,1.33405E+10,1.33964E+10,1.3452E+10,1.35072E+10,1.35621E+10,1.36166E+10,1.36708E+10,1.37247E+10,1.37783E+10,1.38315E+10,1.38844E+10,1.3937E+10,1.39892E+10,1.40411E+10,1.40927E+10,1.4144E+10,1.41949E+10,1.42456E+10,1.42959E+10,1.43459E+10,1.43956E+10,1.4445E+10,1.44941E+10,1.45429E+10,1.45914E+10,1.46395E+10,1.46874E+10,1.4735E+10,1.47822E+10,1.48292E+10,1.48759E+10,1.49223E+10,1.49683E+10,1.50142E+10,1.50597E+10,1.51049E+10,1.51498E+10,1.51945E+10,1.52389E+10,1.5283E+10,1.53268E+10,1.53704E+10,1.54137E+10,1.54567E+10,1.54995E+10,1.5542E+10,1.55842E+10,1.56262E+10,1.56679E+10,1.57094E+10,1.57506E+10,1.57916E+10,1.58323E+10,1.58728E+10,1.5913E+10,1.5953E+10,1.59928E+10,1.60323E+10,1.60716E+10,1.61106E+10,1.61494E+10,1.6188E+10,1.62264E+10,1.62645E+10,1.63025E+10,1.63402E+10,1.63776E+10,1.64149E+10,1.6452E+10,1.64888E+10,1.65255E+10,1.65619E+10,1.65981E+10,1.66342E+10,1.667E+10,1.67057E+10,1.67411E+10,1.67764E+10,1.68115E+10,1.68464E+10,1.68812E+10,1.69158E+10,1.69502E+10,1.69845E+10,1.70186E+10,1.70526E+10,1.70864E+10,1.71201E+10,1.71536E+10,1.71871E+10,1.72204E+10,1.72536E+10,1.72867E+10,1.73196E+10,1.73525E+10,1.73853E+10,1.74182E+10,1.74511E+10,1.74841E+10,1.75174E+10,1.75509E+10,1.75848E+10,1.7619E+10,1.76537E+10,1.76889E+10,1.77247E+10,1.77611E+10,1.77983E+10,1.78363E+10,1.78751E+10,1.79148E+10,1.79553E+10,1.79966E+10,1.80388E+10,1.80818E+10,1.81256E+10,1.81703E+10,1.82158E+10,1.82622E+10,1.83094E+10,1.83574E+10,1.84061E+10,1.84557E+10,1.85059E+10,1.85569E+10,1.86085E+10,1.86607E+10,1.87134E+10,1.87667E+10,1.88205E+10,1.88747E+10,1.89294E+10,1.89844E+10,1.90399E+10,1.90958E+10,1.91522E+10,1.9209E+10,1.92662E+10,1.93238E+10,1.93819E+10,1.94403E+10,1.9499E+10,1.95581E+10,1.96174E+10,1.96771E+10,1.97372E+10,1.97975E+10,1.98581E+10,1.99189E+10,1.998E+10,2.00413E+10,2.01028E+10,2.01646E+10,2.02266E+10,2.02888E+10,2.03512E+10,2.04138E+10,2.04767E+10,2.05397E+10,2.06029E+10,2.06662E+10,2.07296E+10,2.07931E+10,2.08566E+10,2.09202E+10,2.09839E+10,2.10475E+10,2.1111E+10,2.11744E+10,2.12376E+10,2.13006E+10,2.13634E+10,2.14259E+10,2.14882E+10,2.15502E+10,2.1612E+10,2.16735E+10,2.17347E+10,2.17957E+10,2.18565E+10,2.19169E+10,2.19772E+10,2.20372E+10,2.20969E+10,2.21564E+10,2.22156E+10,2.22746E+10,2.23334E+10,2.23918E+10,2.24501E+10,2.25081E+10,2.25658E+10,2.26234E+10,2.26806E+10,2.27377E+10,2.27944E+10,2.2851E+10,2.29073E+10,2.29634E+10,2.30192E+10,2.30748E+10,2.31302E+10,2.31853E+10,2.32403E+10,2.32949E+10,2.33494E+10,2.34036E+10,2.34576E+10,2.35113E+10,2.35648E+10,2.36181E+10,2.36712E+10,2.3724E+10,2.37766E+10,2.3829E+10,2.38812E+10,2.39331E+10,2.39848E+10,2.40363E+10,2.40876E+10,2.41387E+10,2.41895E+10,2.42401E+10,2.42905E+10,2.43407E+10,2.43907E+10,2.44405E+10,2.449E+10,2.45394E+10,2.45885E+10,2.46374E+10,2.46862E+10,2.47347E+10,2.4783E+10,2.48311E+10,2.4879E+10,2.49267E+10,2.49742E+10,2.50215E+10,2.50686E+10,2.51156E+10,2.51623E+10,2.52088E+10,2.52551E+10,2.53013E+10,2.53472E+10,2.5393E+10,2.54385E+10,2.54839E+10,2.55291E+10,2.55741E+10,2.5619E+10,2.56636E+10,2.57081E+10,2.57524E+10,2.57965E+10,2.58404E+10,2.58842E+10,2.59278E+10,2.59712E+10,2.60144E+10,2.60575E+10,2.61004E+10,2.61431E+10,2.61856E+10,2.6228E+10,2.62702E+10,2.63122E+10,2.63541E+10,2.63958E+10,2.64373E+10,2.64786E+10,2.65198E+10,2.65609E+10,2.66017E+10,2.66424E+10,2.6683E+10,2.67234E+10,2.67636E+10,2.68037E+10,2.68436E+10,2.68834E+10,2.6923E+10,2.69624E+10,2.70018E+10,2.70409E+10,2.708E+10,2.71189E+10,2.71576E+10,2.71962E+10,2.72347E+10,2.72731E+10,2.73113E+10,2.73494E+10,2.73873E+10,2.74251E+10,2.74628E+10,2.75003E+10,2.75377E+10,2.7575E+10,2.76122E+10,2.76492E+10,2.76861E+10,2.77229E+10,2.77595E+10,2.7796E+10,2.78324E+10,2.78687E+10,2.79049E+10,2.79409E+10,2.79768E+10,2.80126E+10,2.80482E+10,2.80838E+10,2.81193E+10,2.81548E+10,2.81902E+10,2.82256E+10,2.82611E+10,2.82966E+10,2.83323E+10,2.83682E+10,2.84042E+10,2.84406E+10,2.84772E+10,2.85141E+10,2.85515E+10,2.85891E+10,2.86271E+10,2.86655E+10,2.87042E+10,2.87432E+10,2.87825E+10,2.8822E+10,2.88619E+10,2.8902E+10,2.89424E+10,2.89831E+10,2.9024E+10,2.90653E+10,2.91067E+10,2.91485E+10,2.91905E+10,2.92328E+10,2.92753E+10,2.93182E+10,2.93613E+10,2.94048E+10,2.94486E+10,2.94929E+10,2.95377E+10,2.95832E+10,2.96294E+10,2.96764E+10,2.97242E+10,2.97728E+10,2.98224E+10,2.98731E+10,2.99248E+10,2.99777E+10,3.00318E+10,3.00872E+10,3.01439E+10,3.0202E+10,3.02613E+10,3.03221E+10,3.03842E+10,3.04477E+10,3.05127E+10,3.05791E+10,3.0647E+10,3.07163E+10,3.0787E+10,3.08591E+10,3.09326E+10,3.10076E+10,3.10839E+10,3.11616E+10,3.12407E+10,3.1321E+10,3.14025E+10,3.14851E+10,3.15688E+10,3.16535E+10,3.17391E+10,3.18256E+10,3.19128E+10,3.20007E+10,3.20893E+10,3.21784E+10,3.2268E+10,3.23581E+10,3.24486E+10,3.25395E+10,3.26306E+10,3.2722E+10,3.28137E+10,3.29054E+10,3.29974E+10,3.30894E+10,3.31815E+10,3.32736E+10,3.33658E+10,3.34579E+10,3.35501E+10,3.36422E+10,3.37343E+10,3.38264E+10,3.39184E+10,3.40104E+10,3.41024E+10,3.41944E+10,3.42863E+10,3.43782E+10,3.44702E+10,3.4562E+10,3.46538E+10,3.47456E+10,3.48372E+10,3.49288E+10,3.50202E+10,3.51114E+10,3.52025E+10,3.52933E+10,3.53839E+10,3.54741E+10,3.55641E+10,3.56536E+10,3.57428E+10,3.58315E+10,3.59199E+10,3.60079E+10,3.60955E+10,3.61827E+10,3.62695E+10,3.6356E+10,3.64421E+10,3.65279E+10,3.66133E+10,3.66984E+10,3.67831E+10,3.68675E+10,3.69516E+10,3.70355E+10,3.71193E+10,3.7203E+10,3.72866E+10,3.73702E+10,3.74538E+10,3.75374E+10,3.7621E+10,3.77047E+10,3.77884E+10,3.78722E+10,3.79562E+10,3.80404E+10,3.81247E+10,3.82093E+10,3.82942E+10,3.83792E+10,3.84645E+10,3.855E+10,3.86357E+10,3.87216E+10,3.88078E+10,3.88942E+10,3.89809E+10,3.90678E+10,3.9155E+10,3.92425E+10,3.93302E+10,3.94183E+10,3.95066E+10,3.95952E+10,3.9684E+10,3.9773E+10,3.98621E+10,3.99513E+10,4.00406E+10,4.013E+10,4.02194E+10,4.03088E+10,4.03982E+10,4.04876E+10,4.05769E+10,4.06662E+10,4.07555E+10,4.08446E+10,4.09337E+10,4.10228E+10,4.11117E+10,4.12005E+10,4.12893E+10,4.13781E+10,4.14668E+10,4.15554E+10,4.16441E+10,4.17326E+10,4.18212E+10,4.19096E+10,4.19981E+10,4.20865E+10,4.2175E+10,4.22637E+10,4.23524E+10,4.24413E+10,4.25303E+10,4.26194E+10,4.27086E+10,4.27979E+10,4.28873E+10,4.29768E+10,4.30664E+10,4.3156E+10,4.32457E+10,4.33354E+10,4.34252E+10,4.35149E+10,4.36047E+10,4.36946E+10,4.37844E+10,4.38743E+10,4.39642E+10,4.4054E+10,4.41439E+10,4.42337E+10,4.43235E+10,4.44133E+10,4.4503E+10,4.45926E+10,4.46822E+10,4.47717E+10,4.48611E+10,4.49504E+10,4.50396E+10,4.51287E+10,4.52177E+10,4.53067E+10,4.53956E+10,4.54845E+10,4.55733E+10,4.56622E+10,4.5751E+10,4.58397E+10,4.59285E+10,4.60171E+10,4.61056E+10,4.6194E+10,4.62822E+10,4.63703E+10,4.64581E+10,4.65458E+10,4.66331E+10,4.67203E+10,4.68071E+10,4.68936E+10,4.69799E+10,4.70658E+10,4.71513E+10,4.72366E+10,4.73214E+10,4.7406E+10,4.74901E+10,4.75739E+10,4.76573E+10,4.77403E+10,4.7823E+10,4.79053E+10,4.79872E+10,4.80687E+10,4.81499E+10,4.82307E+10,4.83111E+10,4.83912E+10,4.84709E+10,4.85502E+10,4.86292E+10,4.87078E+10,4.8786E+10,4.88639E+10,4.89414E+10,4.90186E+10,4.90954E+10,4.91719E+10,4.9248E+10,4.93238E+10,4.93992E+10,4.94743E+10,4.9549E+10,4.96234E+10,4.96975E+10,4.97712E+10,4.98447E+10,4.99177E+10,4.99905E+10,5.00629E+10,5.01351E+10,5.02068E+10,5.02783E+10,5.03495E+10,5.04203E+10,5.04908E+10,5.0561E+10,5.06309E+10,5.07005E+10,5.07698E+10,5.08388E+10,5.09075E+10,5.09758E+10,5.10439E+10,5.11117E+10,5.11792E+10,5.12464E+10,5.13132E+10,5.13799E+10,5.14462E+10,5.15122E+10,5.1578E+10,5.16435E+10,5.17087E+10,5.17736E+10,5.18382E+10,5.19026E+10,5.19667E+10,5.20306E+10,5.20942E+10,5.21575E+10,5.22206E+10,5.22835E+10,5.23462E+10,5.24086E+10,5.2471E+10,5.25331E+10,5.25952E+10,5.26571E+10,5.2719E+10,5.27808E+10,5.28426E+10,5.29043E+10,5.2966E+10,5.30277E+10,5.30893E+10,5.31509E+10,5.32125E+10,5.3274E+10,5.33356E+10,5.33971E+10,5.34587E+10,5.35204E+10,5.35823E+10,5.36442E+10,5.37063E+10,5.37686E+10,5.38312E+10,5.38939E+10,5.39569E+10,5.40202E+10,5.40837E+10,5.41475E+10,5.42116E+10,5.42759E+10,5.43404E+10,5.44051E+10,5.447E+10,5.45351E+10,5.46002E+10,5.46655E+10,5.47308E+10,5.47962E+10,5.48615E+10,5.49268E+10,5.4992E+10,5.50569E+10,5.51217E+10,5.51863E+10,5.52506E+10,5.53146E+10,5.53785E+10,5.54421E+10,5.55055E+10,5.55686E+10,5.56316E+10,5.56943E+10,5.57568E+10,5.58191E+10,5.58812E+10,5.59431E+10,5.60047E+10,5.60662E+10,5.61275E+10,5.61885E+10,5.62494E+10,5.63102E+10,5.63707E+10,5.6431E+10,5.64912E+10,5.65511E+10,5.66109E+10,5.66705E+10,5.673E+10,5.67893E+10,5.68484E+10,5.69073E+10,5.6966E+10,5.70246E+10,5.7083E+10,5.71412E+10,5.71993E+10,5.72572E+10,5.73149E+10,5.73725E+10,5.74298E+10,5.7487E+10,5.75441E+10,5.76009E+10,5.76576E+10,5.77142E+10,5.77705E+10,5.78267E+10,5.78827E+10,5.79385E+10,5.79941E+10,5.80496E+10,5.81049E+10,5.816E+10,5.82149E+10,5.82696E+10,5.83242E+10,5.83786E+10,5.84328E+10,5.84869E+10,5.85407E+10,5.85944E+10,5.86479E+10,5.87012E+10,5.87543E+10,5.88073E+10,5.886E+10,5.89126E+10,5.8965E+10,5.90173E+10,5.90693E+10,5.91212E+10,5.91729E+10,5.92244E+10,5.92758E+10,5.93269E+10,5.93779E+10,5.94287E+10,5.94794E+10,5.95298E+10,5.95801E+10,5.96302E+10,5.96802E+10,5.97299E+10,5.97795E+10,5.9829E+10,5.98782E+10,5.99273E+10,5.99762E+10,6.0025E+10,6.00735E+10,6.0122E+10,6.01702E+10,6.02183E+10,6.02663E+10,6.03141E+10,6.03617E+10,6.04092E+10,6.04565E+10,6.05037E+10,6.05507E+10,6.05976E+10,6.06443E+10,6.06909E+10,6.07374E+10,6.07837E+10,6.08298E+10,6.08758E+10,6.09217E+10,6.09675E+10,6.10131E+10,6.10586E+10,6.1104E+10,6.11492E+10,6.11943E+10,6.12393E+10,6.12842E+10,6.13289E+10,6.13735E+10,6.1418E+10,6.14624E+10,6.15067E+10,6.15509E+10
"Cost of GDP Cumulative[Arkansas]",0,0,0,0,0,0,0,0,0,0,0,0,0,0,0,0,0,0,0,0,0,4.22181E-42,9.81783E-42,1.6772E-41,6.07091E-41,1.60857E-40,3.05567E-40,4.52432E-40,6.20583E-40,0.000466652,0.00965899,0.0592864,0.217577,0.598929,1.37176,2.76556,5.0783,8.68497,14.0478,21.7292,32.411,46.9238,66.2874,91.7586,124.99,169.142,228.157,310.198,427.116,588.865,803.935,1084.8,1447.19,1907.31,2482.23,3190.13,4050.89,5087.78,6334.71,7832.23,9624.89,11763.2,14307.2,17329.6,20918,25177.4,30233.9,36236.9,43363.3,51827.2,61902.6,74532.8,90869.7,111555,137263,168894,207587,255706,316677,394098,494285,624048,789840,1.00093E+06,1.26522E+06,1.58861E+06,1.97614E+06,2.43408E+06,2.97518E+06,3.61206E+06,4.3553E+06,5.22975E+06,6.26517E+06,7.48529E+06,8.90673E+06,1.05413E+07,1.23985E+07,1.44862E+07,1.68124E+07,1.93857E+07,2.22326E+07,2.54597E+07,2.91766E+07,3.34694E+07,3.84024E+07,4.40217E+07,5.03591E+07,5.7434E+07,6.52562E+07,7.3828E+07,8.3146E+07,9.32029E+07,1.03983E+08,1.15466E+08,1.2765E+08,1.4064E+08,1.54573E+08,1.69503E+08,1.85445E+08,2.02402E+08,2.20365E+08,2.39317E+08,2.59269E+08,2.80258E+08,3.02297E+08,3.25378E+08,3.49485E+08,3.74593E+08,4.00674E+08,4.27697E+08,4.55644E+08,4.84499E+08,5.14246E+08,5.44865E+08,5.76334E+08,6.08625E+08,6.41706E+08,6.75544E+08,7.10103E+08,7.4535E+08,7.81249E+08,8.17766E+08,8.54866E+08,8.92516E+08,9.30681E+08,9.69329E+08,1.00843E+09,1.04794E+09,1.08783E+09,1.12808E+09,1.16864E+09,1.20949E+09,1.2506E+09,1.29193E+09,1.33345E+09,1.37513E+09,1.41694E+09,1.45885E+09,1.50082E+09,1.54284E+09,1.58486E+09,1.62685E+09,1.6688E+09,1.71067E+09,1.75244E+09,1.79407E+09,1.83556E+09,1.87687E+09,1.91799E+09,1.9589E+09,1.99959E+09,2.04006E+09,2.0803E+09,2.12033E+09,2.16016E+09,2.19979E+09,2.23922E+09,2.27844E+09,2.31745E+09,2.35624E+09,2.3948E+09,2.43311E+09,2.47118E+09,2.509E+09,2.54658E+09,2.58391E+09,2.62101E+09,2.65786E+09,2.69447E+09,2.73085E+09,2.767E+09,2.8029E+09,2.83858E+09,2.87403E+09,2.90924E+09,2.94423E+09,2.97899E+09,3.01352E+09,3.04784E+09,3.08193E+09,3.11579E+09,3.14944E+09,3.18287E+09,3.21609E+09,3.24909E+09,3.28188E+09,3.31445E+09,3.34682E+09,3.37898E+09,3.41093E+09,3.44268E+09,3.47422E+09,3.50556E+09,3.5367E+09,3.56764E+09,3.59839E+09,3.62893E+09,3.65929E+09,3.68945E+09,3.71942E+09,3.7492E+09,3.77879E+09,3.8082E+09,3.83742E+09,3.86646E+09,3.89532E+09,3.92399E+09,3.95249E+09,3.98081E+09,4.00895E+09,4.03692E+09,4.06471E+09,4.09233E+09,4.11978E+09,4.14706E+09,4.17417E+09,4.20111E+09,4.22789E+09,4.25451E+09,4.28096E+09,4.30724E+09,4.33337E+09,4.35933E+09,4.38514E+09,4.41079E+09,4.43628E+09,4.46162E+09,4.4868E+09,4.51183E+09,4.53671E+09,4.56144E+09,4.58602E+09,4.61045E+09,4.63474E+09,4.65888E+09,4.68288E+09,4.70673E+09,4.73045E+09,4.75403E+09,4.77747E+09,4.80077E+09,4.82393E+09,4.84697E+09,4.86987E+09,4.89264E+09,4.91528E+09,4.93779E+09,4.96017E+09,4.98243E+09,5.00457E+09,5.02658E+09,5.04848E+09,5.07025E+09,5.0919E+09,5.11343E+09,5.13484E+09,5.15614E+09,5.17732E+09,5.19839E+09,5.21934E+09,5.24018E+09,5.2609E+09,5.28152E+09,5.30202E+09,5.32241E+09,5.34269E+09,5.36286E+09,5.38292E+09,5.40287E+09,5.42272E+09,5.44246E+09,5.46209E+09,5.48163E+09,5.50105E+09,5.52038E+09,5.53961E+09,5.55873E+09,5.57776E+09,5.59669E+09,5.61553E+09,5.63427E+09,5.65292E+09,5.67148E+09,5.68995E+09,5.70832E+09,5.72661E+09,5.7448E+09,5.76291E+09,5.78094E+09,5.79888E+09,5.81674E+09,5.83451E+09,5.8522E+09,5.86982E+09,5.88735E+09,5.9048E+09,5.92217E+09,5.93947E+09,5.95669E+09,5.97384E+09,5.99091E+09,6.00791E+09,6.02484E+09,6.04169E+09,6.05848E+09,6.0752E+09,6.09185E+09,6.10844E+09,6.12495E+09,6.14141E+09,6.1578E+09,6.17412E+09,6.19039E+09,6.20659E+09,6.22273E+09,6.23882E+09,6.25484E+09,6.27081E+09,6.28672E+09,6.30258E+09,6.31838E+09,6.33413E+09,6.34982E+09,6.36545E+09,6.38103E+09,6.39656E+09,6.41203E+09,6.42745E+09,6.44281E+09,6.45812E+09,6.47338E+09,6.48858E+09,6.50372E+09,6.51881E+09,6.53384E+09,6.54882E+09,6.56374E+09,6.5786E+09,6.5934E+09,6.60815E+09,6.62284E+09,6.63747E+09,6.65204E+09,6.66655E+09,6.68101E+09,6.69541E+09,6.70975E+09,6.72404E+09,6.73827E+09,6.75245E+09,6.76658E+09,6.78066E+09,6.79468E+09,6.80866E+09,6.8226E+09,6.83651E+09,6.8504E+09,6.86429E+09,6.87818E+09,6.89208E+09,6.906E+09,6.91996E+09,6.93398E+09,6.94805E+09,6.96222E+09,6.97647E+09,6.99083E+09,7.00529E+09,7.01985E+09,7.03451E+09,7.04927E+09,7.06413E+09,7.07909E+09,7.09415E+09,7.10932E+09,7.1246E+09,7.13999E+09,7.1555E+09,7.17114E+09,7.18689E+09,7.20278E+09,7.2188E+09,7.23495E+09,7.25124E+09,7.26768E+09,7.28426E+09,7.301E+09,7.31791E+09,7.335E+09,7.35228E+09,7.36978E+09,7.38752E+09,7.40552E+09,7.42379E+09,7.44236E+09,7.46123E+09,7.48039E+09,7.49984E+09,7.51958E+09,7.5396E+09,7.5599E+09,7.58048E+09,7.60132E+09,7.62241E+09,7.64374E+09,7.66529E+09,7.68704E+09,7.70898E+09,7.7311E+09,7.75338E+09,7.77581E+09,7.79838E+09,7.82107E+09,7.84387E+09,7.86676E+09,7.88972E+09,7.91275E+09,7.93582E+09,7.95892E+09,7.98203E+09,8.00514E+09,8.02824E+09,8.05131E+09,8.07433E+09,8.09728E+09,8.12014E+09,8.1429E+09,8.16555E+09,8.18809E+09,8.21053E+09,8.23286E+09,8.25509E+09,8.27721E+09,8.29922E+09,8.32114E+09,8.34294E+09,8.36465E+09,8.38624E+09,8.40774E+09,8.42912E+09,8.4504E+09,8.47158E+09,8.49265E+09,8.51361E+09,8.53447E+09,8.55522E+09,8.57587E+09,8.5964E+09,8.61683E+09,8.63716E+09,8.65738E+09,8.67749E+09,8.69751E+09,8.71742E+09,8.73724E+09,8.75696E+09,8.77659E+09,8.79612E+09,8.81556E+09,8.8349E+09,8.85415E+09,8.87331E+09,8.89238E+09,8.91135E+09,8.93023E+09,8.94903E+09,8.96773E+09,8.98634E+09,9.00487E+09,9.0233E+09,9.04165E+09,9.05992E+09,9.07809E+09,9.09619E+09,9.1142E+09,9.13212E+09,9.14997E+09,9.16773E+09,9.1854E+09,9.203E+09,9.22052E+09,9.23795E+09,9.25531E+09,9.27258E+09,9.28978E+09,9.30689E+09,9.32393E+09,9.34089E+09,9.35778E+09,9.37458E+09,9.39132E+09,9.40797E+09,9.42455E+09,9.44106E+09,9.45749E+09,9.47385E+09,9.49013E+09,9.50635E+09,9.52249E+09,9.53856E+09,9.55456E+09,9.57049E+09,9.58635E+09,9.60214E+09,9.61787E+09,9.63353E+09,9.64913E+09,9.66466E+09,9.68012E+09,9.69552E+09,9.71086E+09,9.72613E+09,9.74135E+09,9.7565E+09,9.77159E+09,9.78662E+09,9.8016E+09,9.81651E+09,9.83137E+09,9.84617E+09,9.86092E+09,9.87561E+09,9.89024E+09,9.90482E+09,9.91934E+09,9.93381E+09,9.94822E+09,9.96259E+09,9.9769E+09,9.99116E+09,1.00054E+10,1.00195E+10,1.00336E+10,1.00477E+10,1.00617E+10,1.00757E+10,1.00896E+10,1.01035E+10,1.01173E+10,1.01311E+10,1.01448E+10,1.01585E+10,1.01721E+10,1.01857E+10,1.01993E+10,1.02128E+10,1.02262E+10,1.02396E+10,1.0253E+10,1.02663E+10,1.02796E+10,1.02929E+10,1.0306E+10,1.03192E+10,1.03323E+10,1.03454E+10,1.03584E+10,1.03714E+10,1.03843E+10,1.03972E+10,1.041E+10,1.04228E+10,1.04356E+10,1.04483E+10,1.0461E+10,1.04736E+10,1.04862E+10,1.04988E+10,1.05113E+10,1.05237E+10,1.05362E+10,1.05485E+10,1.05609E+10,1.05732E+10,1.05855E+10,1.05977E+10,1.06099E+10,1.06222E+10,1.06344E+10,1.06466E+10,1.06589E+10,1.06712E+10,1.06836E+10,1.0696E+10,1.07085E+10,1.07211E+10,1.07338E+10,1.07467E+10,1.07597E+10,1.07728E+10,1.07861E+10,1.07995E+10,1.08132E+10,1.08271E+10,1.08413E+10,1.08558E+10,1.08705E+10,1.08855E+10,1.09008E+10,1.09165E+10,1.09324E+10,1.09487E+10,1.09653E+10,1.09822E+10,1.09994E+10,1.1017E+10,1.10349E+10,1.10533E+10,1.1072E+10,1.10911E+10,1.11107E+10,1.11307E+10,1.11511E+10,1.1172E+10,1.11933E+10,1.12151E+10,1.12374E+10,1.12602E+10,1.12836E+10,1.13074E+10,1.13317E+10,1.13565E+10,1.13819E+10,1.14077E+10,1.1434E+10,1.14608E+10,1.14881E+10,1.15159E+10,1.15442E+10,1.15729E+10,1.1602E+10,1.16317E+10,1.16617E+10,1.16922E+10,1.17231E+10,1.17544E+10,1.1786E+10,1.1818E+10,1.18503E+10,1.18828E+10,1.19156E+10,1.19487E+10,1.1982E+10,1.20154E+10,1.2049E+10,1.20827E+10,1.21165E+10,1.21504E+10,1.21843E+10,1.22183E+10,1.22523E+10,1.22863E+10,1.23203E+10,1.23542E+10,1.23881E+10,1.2422E+10,1.24557E+10,1.24894E+10,1.2523E+10,1.25564E+10,1.25898E+10,1.2623E+10,1.26561E+10,1.26891E+10,1.27219E+10,1.27546E+10,1.27871E+10,1.28196E+10,1.28518E+10,1.2884E+10,1.2916E+10,1.29479E+10,1.29796E+10,1.30112E+10,1.30426E+10,1.30739E+10,1.3105E+10,1.3136E+10,1.31668E+10,1.31975E+10,1.3228E+10,1.32583E+10,1.32885E+10,1.33185E+10,1.33484E+10,1.33782E+10,1.34078E+10,1.34372E+10,1.34665E+10,1.34957E+10,1.35248E+10,1.35537E+10,1.35825E+10,1.36111E+10,1.36397E+10,1.36681E+10,1.36964E+10,1.37246E+10,1.37527E+10,1.37806E+10,1.38085E+10,1.38363E+10,1.38639E+10,1.38915E+10,1.3919E+10,1.39464E+10,1.39738E+10,1.40012E+10,1.40287E+10,1.40562E+10,1.40837E+10,1.41114E+10,1.41393E+10,1.41674E+10,1.41956E+10,1.42241E+10,1.42528E+10,1.42818E+10,1.4311E+10,1.43404E+10,1.43701E+10,1.44E+10,1.44301E+10,1.44605E+10,1.44911E+10,1.4522E+10,1.45531E+10,1.45844E+10,1.46159E+10,1.46477E+10,1.46797E+10,1.47118E+10,1.47441E+10,1.47766E+10,1.48092E+10,1.4842E+10,1.48748E+10,1.49078E+10,1.49409E+10,1.4974E+10,1.50072E+10,1.50405E+10,1.50738E+10,1.51072E+10,1.51406E+10,1.51741E+10,1.52075E+10,1.5241E+10,1.52745E+10,1.53079E+10,1.53414E+10,1.53748E+10,1.54083E+10,1.54417E+10,1.5475E+10,1.55084E+10,1.55417E+10,1.55749E+10,1.56081E+10,1.56413E+10,1.56744E+10,1.57076E+10,1.57407E+10,1.57737E+10,1.58068E+10,1.58397E+10,1.58727E+10,1.59056E+10,1.59384E+10,1.59712E+10,1.60039E+10,1.60366E+10,1.60691E+10,1.61016E+10,1.6134E+10,1.61664E+10,1.61987E+10,1.62309E+10,1.62631E+10,1.62951E+10,1.63271E+10,1.63591E+10,1.63909E+10,1.64227E+10,1.64544E+10,1.64861E+10,1.65177E+10,1.65492E+10,1.65806E+10,1.6612E+10,1.66433E+10,1.66745E+10,1.67056E+10,1.67368E+10,1.67678E+10,1.67988E+10,1.68298E+10,1.68608E+10,1.68917E+10,1.69226E+10,1.69535E+10,1.69843E+10,1.70151E+10,1.70459E+10,1.70766E+10,1.71073E+10,1.7138E+10,1.71686E+10,1.71992E+10,1.72297E+10,1.72602E+10,1.72906E+10,1.73209E+10,1.73512E+10,1.73814E+10,1.74116E+10,1.74417E+10,1.74717E+10,1.75017E+10,1.75316E+10,1.75615E+10,1.75912E+10,1.76209E+10,1.76505E+10,1.768E+10,1.77095E+10,1.77389E+10,1.77681E+10,1.77973E+10,1.78265E+10,1.78555E+10,1.78845E+10,1.79133E+10,1.79421E+10,1.79708E+10,1.79994E+10,1.80279E+10,1.80563E+10,1.80846E+10,1.81128E+10,1.8141E+10,1.8169E+10,1.81969E+10,1.82248E+10,1.82525E+10,1.82802E+10,1.83077E+10,1.83352E+10,1.83625E+10,1.83898E+10,1.84169E+10,1.8444E+10,1.84709E+10,1.84977E+10,1.85245E+10,1.85511E+10,1.85776E+10,1.8604E+10,1.86303E+10,1.86565E+10,1.86826E+10,1.87086E+10,1.87344E+10,1.87602E+10,1.87858E+10,1.88114E+10,1.88368E+10,1.88622E+10,1.88874E+10,1.89125E+10,1.89375E+10,1.89624E+10,1.89872E+10,1.90119E+10,1.90365E+10,1.9061E+10,1.90853E+10,1.91096E+10,1.91338E+10,1.91579E+10,1.91819E+10,1.92058E+10,1.92296E+10,1.92533E+10,1.9277E+10,1.93006E+10,1.93241E+10,1.93475E+10,1.93709E+10,1.93943E+10,1.94176E+10,1.94408E+10,1.94641E+10,1.94872E+10,1.95104E+10,1.95335E+10,1.95566E+10,1.95797E+10,1.96027E+10,1.96257E+10,1.96487E+10,1.96717E+10,1.96946E+10,1.97176E+10,1.97405E+10,1.97634E+10,1.97863E+10,1.98093E+10,1.98323E+10,1.98553E+10,1.98783E+10,1.99014E+10,1.99245E+10,1.99476E+10,1.99709E+10,1.99941E+10,2.00175E+10,2.00408E+10,2.00642E+10,2.00877E+10,2.01111E+10,2.01346E+10,2.01581E+10,2.01816E+10,2.02052E+10,2.02287E+10,2.02522E+10,2.02757E+10,2.02991E+10,2.03225E+10,2.03459E+10,2.03691E+10,2.03923E+10,2.04155E+10,2.04385E+10,2.04615E+10,2.04844E+10,2.05073E+10,2.05301E+10,2.05528E+10,2.05755E+10,2.05981E+10,2.06207E+10,2.06432E+10,2.06657E+10,2.06881E+10,2.07105E+10,2.07328E+10,2.07551E+10,2.07774E+10,2.07996E+10,2.08218E+10,2.08439E+10,2.0866E+10,2.08881E+10,2.09102E+10,2.09322E+10,2.09542E+10,2.09762E+10,2.09982E+10,2.10201E+10,2.1042E+10,2.10639E+10,2.10858E+10,2.11076E+10,2.11294E+10,2.11512E+10,2.1173E+10,2.11947E+10,2.12165E+10,2.12382E+10,2.12598E+10,2.12815E+10,2.13031E+10,2.13247E+10,2.13463E+10,2.13678E+10,2.13893E+10,2.14108E+10,2.14322E+10,2.14536E+10,2.1475E+10,2.14963E+10,2.15176E+10,2.15388E+10,2.156E+10,2.15812E+10,2.16023E+10,2.16234E+10,2.16445E+10,2.16655E+10,2.16864E+10,2.17073E+10,2.17282E+10,2.1749E+10,2.17697E+10,2.17904E+10,2.18111E+10,2.18317E+10,2.18522E+10,2.18727E+10,2.18931E+10,2.19135E+10,2.19338E+10,2.19541E+10,2.19743E+10,2.19945E+10,2.20146E+10,2.20346E+10,2.20546E+10,2.20746E+10,2.20944E+10,2.21142E+10,2.2134E+10,2.21537E+10,2.21733E+10,2.21929E+10,2.22124E+10,2.22319E+10,2.22513E+10,2.22706E+10,2.22899E+10,2.23091E+10,2.23283E+10,2.23474E+10,2.23664E+10,2.23854E+10,2.24043E+10,2.24232E+10,2.2442E+10,2.24607E+10,2.24794E+10,2.24981E+10,2.25167E+10,2.25352E+10,2.25537E+10,2.25721E+10,2.25905E+10,2.26088E+10,2.26271E+10,2.26453E+10,2.26635E+10,2.26816E+10,2.26996E+10,2.27177E+10,2.27356E+10,2.27536E+10,2.27714E+10,2.27893E+10,2.28071E+10,2.28248E+10
"Cost of GDP Cumulative[California]",0,0,0,0,0,0,0,0,0,0,0,0,0,0,0,0,0,0,0,0,0,9.94845E-41,2.31352E-40,3.95228E-40,1.43076E-39,5.57904E-39,1.13356E-38,1.71095E-38,2.33521E-38,3.02824E-38,4.19502E-38,5.75312E-38,7.30077E-38,0.000214312,0.00442717,0.0271097,0.0994307,0.278916,0.691178,1.68802,4.24769,10.6806,25.4713,56.023,117.713,279.393,630.392,1424.72,3055.79,5815.56,9909.15,15682.2,23584.8,34044.6,47473.6,64265.9,84801.5,109498,139093,174448,216404,265834,323747,391350,470075,561589,667813,790890,933154,1.09738E+06,1.28749E+06,1.53442E+06,1.8762E+06,2.32701E+06,2.89998E+06,3.61484E+06,4.498E+06,5.6241E+06,7.10829E+06,9.06787E+06,1.17301E+07,1.53364E+07,2.01054E+07,2.63673E+07,3.43845E+07,4.43229E+07,5.63001E+07,7.04715E+07,8.72538E+07,1.0704E+08,1.30116E+08,1.57353E+08,1.8981E+08,2.28258E+08,2.73141E+08,3.24668E+08,3.82918E+08,4.47881E+08,5.19517E+08,5.97774E+08,6.8261E+08,7.7405E+08,8.72098E+08,9.76719E+08,1.08785E+09,1.20539E+09,1.32924E+09,1.45926E+09,1.59531E+09,1.73722E+09,1.88485E+09,2.03805E+09,2.19669E+09,2.36078E+09,2.53069E+09,2.71083E+09,2.90735E+09,3.12318E+09,3.35977E+09,3.61789E+09,3.89781E+09,4.19951E+09,4.52369E+09,4.87172E+09,5.24428E+09,5.64147E+09,6.06307E+09,6.50862E+09,6.97753E+09,7.46916E+09,7.98314E+09,8.51926E+09,9.07716E+09,9.65649E+09,1.02568E+10,1.08774E+10,1.15176E+10,1.21765E+10,1.28533E+10,1.35471E+10,1.42572E+10,1.49825E+10,1.57222E+10,1.64756E+10,1.72417E+10,1.80196E+10,1.88086E+10,1.96078E+10,2.04164E+10,2.12335E+10,2.20583E+10,2.289E+10,2.37279E+10,2.4571E+10,2.54187E+10,2.627E+10,2.71244E+10,2.7981E+10,2.8839E+10,2.96979E+10,3.05568E+10,3.14152E+10,3.22724E+10,3.31278E+10,3.39809E+10,3.48311E+10,3.5678E+10,3.65211E+10,3.736E+10,3.81945E+10,3.90243E+10,3.98495E+10,4.06704E+10,4.14875E+10,4.23012E+10,4.31118E+10,4.39193E+10,4.47239E+10,4.55256E+10,4.63242E+10,4.71196E+10,4.79117E+10,4.87003E+10,4.9485E+10,5.02658E+10,5.10422E+10,5.18141E+10,5.2581E+10,5.3343E+10,5.40999E+10,5.48519E+10,5.5599E+10,5.63413E+10,5.70786E+10,5.78112E+10,5.8539E+10,5.92621E+10,5.99804E+10,6.06941E+10,6.14032E+10,6.21076E+10,6.28075E+10,6.35028E+10,6.41936E+10,6.48799E+10,6.55618E+10,6.62393E+10,6.69124E+10,6.75812E+10,6.82456E+10,6.89057E+10,6.95616E+10,7.02132E+10,7.08606E+10,7.15039E+10,7.2143E+10,7.2778E+10,7.34089E+10,7.40357E+10,7.46585E+10,7.52774E+10,7.58922E+10,7.65031E+10,7.71101E+10,7.77132E+10,7.83124E+10,7.89078E+10,7.94994E+10,8.00872E+10,8.06713E+10,8.12516E+10,8.18283E+10,8.24012E+10,8.29706E+10,8.35363E+10,8.40985E+10,8.4657E+10,8.52121E+10,8.57637E+10,8.63117E+10,8.68564E+10,8.73976E+10,8.79354E+10,8.84698E+10,8.90009E+10,8.95287E+10,9.00531E+10,9.05743E+10,9.10923E+10,9.16071E+10,9.21186E+10,9.2627E+10,9.31323E+10,9.36344E+10,9.41334E+10,9.46294E+10,9.51223E+10,9.56122E+10,9.60991E+10,9.6583E+10,9.70639E+10,9.75419E+10,9.80169E+10,9.84891E+10,9.89583E+10,9.94247E+10,9.98883E+10,1.00349E+11,1.00807E+11,1.01262E+11,1.01714E+11,1.02164E+11,1.02611E+11,1.03055E+11,1.03496E+11,1.03935E+11,1.04371E+11,1.04804E+11,1.05235E+11,1.05663E+11,1.06089E+11,1.06512E+11,1.06932E+11,1.0735E+11,1.07765E+11,1.08178E+11,1.08588E+11,1.08996E+11,1.09401E+11,1.09804E+11,1.10204E+11,1.10602E+11,1.10997E+11,1.11391E+11,1.11781E+11,1.12169E+11,1.12555E+11,1.12939E+11,1.1332E+11,1.13699E+11,1.14076E+11,1.1445E+11,1.14822E+11,1.15192E+11,1.15559E+11,1.15924E+11,1.16287E+11,1.16648E+11,1.17006E+11,1.17363E+11,1.17717E+11,1.18069E+11,1.18419E+11,1.18766E+11,1.19112E+11,1.19455E+11,1.19797E+11,1.20136E+11,1.20473E+11,1.20809E+11,1.21142E+11,1.21473E+11,1.21802E+11,1.2213E+11,1.22455E+11,1.22778E+11,1.231E+11,1.23419E+11,1.23737E+11,1.24052E+11,1.24366E+11,1.24678E+11,1.24988E+11,1.25297E+11,1.25603E+11,1.25908E+11,1.26211E+11,1.26512E+11,1.26811E+11,1.27109E+11,1.27405E+11,1.27699E+11,1.27992E+11,1.28282E+11,1.28572E+11,1.28859E+11,1.29145E+11,1.29429E+11,1.29712E+11,1.29993E+11,1.30272E+11,1.3055E+11,1.30826E+11,1.31101E+11,1.31374E+11,1.31646E+11,1.31916E+11,1.32184E+11,1.32451E+11,1.32717E+11,1.32981E+11,1.33244E+11,1.33505E+11,1.33765E+11,1.34023E+11,1.3428E+11,1.34536E+11,1.3479E+11,1.35043E+11,1.35295E+11,1.35545E+11,1.35794E+11,1.36043E+11,1.3629E+11,1.36538E+11,1.36786E+11,1.37035E+11,1.37286E+11,1.37538E+11,1.37793E+11,1.3805E+11,1.38311E+11,1.38576E+11,1.38845E+11,1.3912E+11,1.39401E+11,1.39688E+11,1.39981E+11,1.4028E+11,1.40585E+11,1.40897E+11,1.41214E+11,1.41537E+11,1.41867E+11,1.42203E+11,1.42544E+11,1.42892E+11,1.43246E+11,1.43605E+11,1.4397E+11,1.4434E+11,1.44715E+11,1.45095E+11,1.45479E+11,1.45867E+11,1.46259E+11,1.46654E+11,1.47052E+11,1.47454E+11,1.47858E+11,1.48265E+11,1.48675E+11,1.49087E+11,1.49503E+11,1.49922E+11,1.50344E+11,1.50768E+11,1.51195E+11,1.51624E+11,1.52056E+11,1.52489E+11,1.52925E+11,1.53363E+11,1.53803E+11,1.54245E+11,1.54688E+11,1.55133E+11,1.55579E+11,1.56027E+11,1.56476E+11,1.56927E+11,1.57379E+11,1.57833E+11,1.58289E+11,1.58746E+11,1.59204E+11,1.59663E+11,1.60123E+11,1.60584E+11,1.61045E+11,1.61507E+11,1.61969E+11,1.62431E+11,1.62893E+11,1.63355E+11,1.63815E+11,1.64274E+11,1.64731E+11,1.65187E+11,1.6564E+11,1.66092E+11,1.66541E+11,1.66988E+11,1.67433E+11,1.67875E+11,1.68316E+11,1.68754E+11,1.69191E+11,1.69625E+11,1.70057E+11,1.70487E+11,1.70915E+11,1.7134E+11,1.71764E+11,1.72185E+11,1.72604E+11,1.73021E+11,1.73436E+11,1.73849E+11,1.7426E+11,1.74669E+11,1.75076E+11,1.7548E+11,1.75883E+11,1.76284E+11,1.76683E+11,1.77079E+11,1.77474E+11,1.77867E+11,1.78258E+11,1.78647E+11,1.79033E+11,1.79418E+11,1.79801E+11,1.80183E+11,1.80562E+11,1.80939E+11,1.81314E+11,1.81688E+11,1.8206E+11,1.82429E+11,1.82797E+11,1.83163E+11,1.83527E+11,1.8389E+11,1.8425E+11,1.84609E+11,1.84966E+11,1.85321E+11,1.85674E+11,1.86026E+11,1.86376E+11,1.86724E+11,1.8707E+11,1.87414E+11,1.87757E+11,1.88098E+11,1.88437E+11,1.88775E+11,1.89111E+11,1.89445E+11,1.89778E+11,1.90109E+11,1.90438E+11,1.90765E+11,1.91091E+11,1.91416E+11,1.91738E+11,1.92059E+11,1.92379E+11,1.92697E+11,1.93013E+11,1.93328E+11,1.93641E+11,1.93953E+11,1.94263E+11,1.94572E+11,1.94879E+11,1.95185E+11,1.95489E+11,1.95791E+11,1.96092E+11,1.96392E+11,1.9669E+11,1.96987E+11,1.97282E+11,1.97576E+11,1.97868E+11,1.98159E+11,1.98449E+11,1.98737E+11,1.99024E+11,1.99309E+11,1.99593E+11,1.99875E+11,2.00157E+11,2.00436E+11,2.00715E+11,2.00992E+11,2.01268E+11,2.01542E+11,2.01815E+11,2.02087E+11,2.02357E+11,2.02627E+11,2.02895E+11,2.03161E+11,2.03427E+11,2.03691E+11,2.03953E+11,2.04215E+11,2.04475E+11,2.04734E+11,2.04992E+11,2.05249E+11,2.05505E+11,2.05759E+11,2.06012E+11,2.06264E+11,2.06515E+11,2.06764E+11,2.07013E+11,2.0726E+11,2.07506E+11,2.07751E+11,2.07995E+11,2.08238E+11,2.08479E+11,2.0872E+11,2.08959E+11,2.09197E+11,2.09434E+11,2.0967E+11,2.09905E+11,2.10139E+11,2.10372E+11,2.10603E+11,2.10834E+11,2.11063E+11,2.11292E+11,2.11519E+11,2.11746E+11,2.11973E+11,2.12199E+11,2.12425E+11,2.12652E+11,2.12879E+11,2.13107E+11,2.13336E+11,2.13567E+11,2.138E+11,2.14036E+11,2.14274E+11,2.14516E+11,2.14761E+11,2.1501E+11,2.15261E+11,2.15515E+11,2.15772E+11,2.16032E+11,2.16294E+11,2.16559E+11,2.16827E+11,2.17097E+11,2.1737E+11,2.17645E+11,2.17923E+11,2.18204E+11,2.18488E+11,2.18774E+11,2.19064E+11,2.19356E+11,2.19651E+11,2.1995E+11,2.20252E+11,2.20558E+11,2.20868E+11,2.21184E+11,2.21506E+11,2.21835E+11,2.22171E+11,2.22515E+11,2.22866E+11,2.23226E+11,2.23596E+11,2.23975E+11,2.24365E+11,2.24767E+11,2.25179E+11,2.25603E+11,2.26039E+11,2.26486E+11,2.26947E+11,2.27419E+11,2.27904E+11,2.28402E+11,2.28912E+11,2.29435E+11,2.29971E+11,2.30519E+11,2.31079E+11,2.31652E+11,2.32237E+11,2.32834E+11,2.33443E+11,2.34064E+11,2.34696E+11,2.35338E+11,2.35991E+11,2.36653E+11,2.37324E+11,2.38004E+11,2.38691E+11,2.39385E+11,2.40086E+11,2.40793E+11,2.41505E+11,2.42222E+11,2.42944E+11,2.43669E+11,2.44398E+11,2.4513E+11,2.45865E+11,2.46602E+11,2.47341E+11,2.48081E+11,2.48823E+11,2.49566E+11,2.5031E+11,2.51054E+11,2.51799E+11,2.52544E+11,2.53289E+11,2.54034E+11,2.54778E+11,2.55523E+11,2.56267E+11,2.57011E+11,2.57755E+11,2.58498E+11,2.59241E+11,2.59984E+11,2.60726E+11,2.61468E+11,2.62208E+11,2.62947E+11,2.63685E+11,2.64422E+11,2.65156E+11,2.65889E+11,2.66619E+11,2.67347E+11,2.68071E+11,2.68791E+11,2.69507E+11,2.70219E+11,2.70926E+11,2.7163E+11,2.7233E+11,2.73026E+11,2.73717E+11,2.74405E+11,2.75088E+11,2.75768E+11,2.76444E+11,2.77115E+11,2.77783E+11,2.78447E+11,2.79107E+11,2.79763E+11,2.80416E+11,2.81065E+11,2.81711E+11,2.82356E+11,2.82997E+11,2.83637E+11,2.84275E+11,2.84911E+11,2.85545E+11,2.86177E+11,2.86808E+11,2.87439E+11,2.88069E+11,2.88698E+11,2.89327E+11,2.89956E+11,2.90585E+11,2.91214E+11,2.91843E+11,2.92472E+11,2.93101E+11,2.9373E+11,2.94359E+11,2.94989E+11,2.95619E+11,2.9625E+11,2.96882E+11,2.97514E+11,2.98147E+11,2.98782E+11,2.99416E+11,3.00052E+11,3.00687E+11,3.01323E+11,3.01958E+11,3.02593E+11,3.03228E+11,3.03862E+11,3.04495E+11,3.05127E+11,3.05759E+11,3.0639E+11,3.0702E+11,3.07649E+11,3.08277E+11,3.08904E+11,3.0953E+11,3.10156E+11,3.10781E+11,3.11405E+11,3.1203E+11,3.12655E+11,3.13281E+11,3.13907E+11,3.14533E+11,3.1516E+11,3.15787E+11,3.16414E+11,3.17043E+11,3.17674E+11,3.18307E+11,3.18942E+11,3.19579E+11,3.20219E+11,3.20861E+11,3.21505E+11,3.22151E+11,3.228E+11,3.23451E+11,3.24104E+11,3.24759E+11,3.25416E+11,3.26076E+11,3.26737E+11,3.27399E+11,3.28064E+11,3.2873E+11,3.29398E+11,3.30068E+11,3.3074E+11,3.31413E+11,3.32087E+11,3.32763E+11,3.3344E+11,3.34118E+11,3.34796E+11,3.35476E+11,3.36156E+11,3.36837E+11,3.37518E+11,3.38199E+11,3.3888E+11,3.39561E+11,3.40242E+11,3.40924E+11,3.41605E+11,3.42287E+11,3.42969E+11,3.43651E+11,3.44334E+11,3.45017E+11,3.457E+11,3.46383E+11,3.47066E+11,3.47748E+11,3.48429E+11,3.49109E+11,3.49788E+11,3.50466E+11,3.51141E+11,3.51815E+11,3.52488E+11,3.53158E+11,3.53825E+11,3.54491E+11,3.55154E+11,3.55814E+11,3.56472E+11,3.57127E+11,3.57779E+11,3.58428E+11,3.59074E+11,3.59717E+11,3.60356E+11,3.60993E+11,3.61626E+11,3.62255E+11,3.62882E+11,3.63505E+11,3.64125E+11,3.64741E+11,3.65355E+11,3.65965E+11,3.66572E+11,3.67175E+11,3.67776E+11,3.68373E+11,3.68968E+11,3.69559E+11,3.70147E+11,3.70732E+11,3.71314E+11,3.71892E+11,3.72468E+11,3.73041E+11,3.73611E+11,3.74177E+11,3.74741E+11,3.75302E+11,3.7586E+11,3.76415E+11,3.76967E+11,3.77516E+11,3.78063E+11,3.78607E+11,3.79147E+11,3.79686E+11,3.80221E+11,3.80754E+11,3.81284E+11,3.81811E+11,3.82336E+11,3.82858E+11,3.83377E+11,3.83894E+11,3.84408E+11,3.8492E+11,3.85429E+11,3.85935E+11,3.86439E+11,3.86941E+11,3.8744E+11,3.87936E+11,3.88431E+11,3.88923E+11,3.89412E+11,3.899E+11,3.90385E+11,3.90868E+11,3.91349E+11,3.91828E+11,3.92305E+11,3.9278E+11,3.93252E+11,3.93723E+11,3.94192E+11,3.94659E+11,3.95125E+11,3.9559E+11,3.96054E+11,3.96517E+11,3.96979E+11,3.97441E+11,3.97904E+11,3.98367E+11,3.98831E+11,3.99294E+11,3.99758E+11,4.00223E+11,4.00687E+11,4.01153E+11,4.01618E+11,4.02084E+11,4.02551E+11,4.03019E+11,4.03487E+11,4.03958E+11,4.04429E+11,4.04903E+11,4.05379E+11,4.05856E+11,4.06336E+11,4.06819E+11,4.07304E+11,4.07791E+11,4.08281E+11,4.08773E+11,4.09268E+11,4.09765E+11,4.10264E+11,4.10764E+11,4.11266E+11,4.1177E+11,4.12274E+11,4.12779E+11,4.13285E+11,4.1379E+11,4.14295E+11,4.14799E+11,4.15301E+11,4.15801E+11,4.16299E+11,4.16795E+11,4.17289E+11,4.17781E+11,4.18271E+11,4.18759E+11,4.19245E+11,4.1973E+11,4.20212E+11,4.20693E+11,4.21172E+11,4.21649E+11,4.22124E+11,4.22597E+11,4.23069E+11,4.23539E+11,4.24007E+11,4.24474E+11,4.24939E+11,4.25403E+11,4.25865E+11,4.26325E+11,4.26784E+11,4.27241E+11,4.27697E+11,4.28151E+11,4.28604E+11,4.29056E+11,4.29505E+11,4.29954E+11,4.30401E+11,4.30847E+11,4.31291E+11,4.31734E+11,4.32175E+11,4.32615E+11,4.33053E+11,4.3349E+11,4.33926E+11,4.3436E+11,4.34792E+11,4.35223E+11,4.35653E+11,4.36081E+11,4.36507E+11,4.36932E+11,4.37356E+11,4.37778E+11,4.38198E+11,4.38617E+11,4.39034E+11,4.3945E+11,4.39864E+11,4.40276E+11,4.40687E+11,4.41096E+11,4.41504E+11,4.4191E+11,4.42314E+11,4.42717E+11,4.43118E+11,4.43518E+11,4.43916E+11,4.44312E+11,4.44706E+11,4.45099E+11,4.45491E+11,4.4588E+11,4.46269E+11,4.46655E+11,4.4704E+11,4.47423E+11,4.47805E+11,4.48185E+11,4.48563E+11,4.4894E+11,4.49315E+11,4.49689E+11,4.50061E+11,4.50432E+11,4.508E+11,4.51168E+11,4.51533E+11,4.51898E+11,4.5226E+11,4.52621E+11,4.52981E+11,4.53339E+11,4.53695E+11,4.54051E+11,4.54404E+11,4.54756E+11,4.55107E+11,4.55456E+11,4.55804E+11,4.5615E+11,4.56494E+11,4.56838E+11,4.5718E+11,4.5752E+11,4.57859E+11,4.58197E+11,4.58533E+11,4.58869E+11,4.59202E+11,4.59535E+11,4.59866E+11,4.60196E+11,4.60525E+11,4.60852E+11,4.61178E+11,4.61503E+11,4.61827E+11,4.6215E+11,4.62471E+11,4.62792E+11,4.63111E+11,4.63429E+11,4.63746E+11,4.64062E+11
"Cost of GDP Cumulative[Colorado]",0,0,0,0,0,0,0,0,0,0,0,0,0,0,0,0,0,0,0,0,0,0,0,0,0,1.30126E-41,3.02608E-41,4.73933E-41,6.44108E-41,8.13142E-41,1.06705E-40,1.40498E-40,1.74064E-40,2.32844E-40,3.16304E-40,3.99204E-40,4.76218E-07,1.88789E-05,0.000207841,0.00133356,0.00600123,0.0208234,0.0590068,0.142631,0.318617,0.805069,1.90141,4.44742,9.75706,18.8857,32.6925,52.5678,80.3541,117.999,167.638,231.679,312.927,414.902,542.907,703.679,905.288,1157.76,1474.05,1871.15,2371.3,3003.61,3806.14,4828.34,6134.46,7808.4,9960.75,12815.4,16656.7,21745.9,28407.8,37075.5,48318,63003.6,82320.5,107714,141301,185672,243913,320184,419366,547197,710702,918754,1.32562E+06,3.06887E+06,7.81598E+06,1.64895E+07,2.94228E+07,4.66927E+07,6.82527E+07,9.39952E+07,1.23784E+08,1.57469E+08,1.94896E+08,2.35914E+08,2.80374E+08,3.28139E+08,3.79073E+08,4.33043E+08,4.89919E+08,5.4957E+08,6.11873E+08,6.76706E+08,7.4395E+08,8.13491E+08,8.85219E+08,9.59029E+08,1.03482E+09,1.11251E+09,1.19203E+09,1.27349E+09,1.35703E+09,1.44265E+09,1.53033E+09,1.62002E+09,1.71165E+09,1.80516E+09,1.90051E+09,1.9977E+09,2.0967E+09,2.19747E+09,2.29993E+09,2.40402E+09,2.50968E+09,2.61683E+09,2.72541E+09,2.83537E+09,2.94667E+09,3.05925E+09,3.17306E+09,3.28803E+09,3.40411E+09,3.52123E+09,3.63933E+09,3.75835E+09,3.87823E+09,3.9989E+09,4.12032E+09,4.24241E+09,4.36513E+09,4.48842E+09,4.61222E+09,4.73648E+09,4.86116E+09,4.9862E+09,5.11155E+09,5.23718E+09,5.36304E+09,5.48908E+09,5.61526E+09,5.74154E+09,5.86786E+09,5.9942E+09,6.12049E+09,6.24671E+09,6.37281E+09,6.49874E+09,6.62448E+09,6.74998E+09,6.87521E+09,7.00013E+09,7.12472E+09,7.24894E+09,7.37276E+09,7.49616E+09,7.61911E+09,7.74162E+09,7.86366E+09,7.98526E+09,8.10642E+09,8.22712E+09,8.34738E+09,8.46717E+09,8.58648E+09,8.70531E+09,8.82363E+09,8.94143E+09,9.05868E+09,9.17538E+09,9.29151E+09,9.40704E+09,9.52195E+09,9.63623E+09,9.74986E+09,9.86282E+09,9.97509E+09,1.00867E+10,1.01975E+10,1.03076E+10,1.0417E+10,1.05257E+10,1.06337E+10,1.0741E+10,1.08476E+10,1.09534E+10,1.10586E+10,1.11631E+10,1.12669E+10,1.13701E+10,1.14725E+10,1.15743E+10,1.16755E+10,1.17759E+10,1.18758E+10,1.19749E+10,1.20734E+10,1.21713E+10,1.22685E+10,1.23651E+10,1.24611E+10,1.25564E+10,1.26511E+10,1.27452E+10,1.28387E+10,1.29316E+10,1.30238E+10,1.31155E+10,1.32065E+10,1.3297E+10,1.33868E+10,1.34761E+10,1.35648E+10,1.36529E+10,1.37405E+10,1.38274E+10,1.39138E+10,1.39997E+10,1.40849E+10,1.41697E+10,1.42538E+10,1.43374E+10,1.44205E+10,1.4503E+10,1.4585E+10,1.46665E+10,1.47474E+10,1.48278E+10,1.49077E+10,1.4987E+10,1.50659E+10,1.51442E+10,1.5222E+10,1.52993E+10,1.53762E+10,1.54525E+10,1.55283E+10,1.56036E+10,1.56785E+10,1.57529E+10,1.58268E+10,1.59002E+10,1.59731E+10,1.60456E+10,1.61177E+10,1.61892E+10,1.62603E+10,1.6331E+10,1.64012E+10,1.6471E+10,1.65403E+10,1.66092E+10,1.66777E+10,1.67458E+10,1.68134E+10,1.68806E+10,1.69474E+10,1.70137E+10,1.70797E+10,1.71452E+10,1.72104E+10,1.72752E+10,1.73398E+10,1.74043E+10,1.74686E+10,1.75328E+10,1.75969E+10,1.7661E+10,1.7725E+10,1.77891E+10,1.78531E+10,1.79171E+10,1.79811E+10,1.8045E+10,1.81089E+10,1.81727E+10,1.82364E+10,1.83E+10,1.83635E+10,1.84269E+10,1.84901E+10,1.85532E+10,1.86161E+10,1.86789E+10,1.87415E+10,1.88039E+10,1.88661E+10,1.89281E+10,1.89898E+10,1.90514E+10,1.91127E+10,1.91737E+10,1.92344E+10,1.92947E+10,1.93546E+10,1.94141E+10,1.94732E+10,1.9532E+10,1.95904E+10,1.96484E+10,1.97061E+10,1.97633E+10,1.98202E+10,1.98768E+10,1.9933E+10,1.99888E+10,2.00442E+10,2.00993E+10,2.01541E+10,2.02085E+10,2.02626E+10,2.03163E+10,2.03696E+10,2.04227E+10,2.04753E+10,2.05277E+10,2.05797E+10,2.06314E+10,2.06827E+10,2.07338E+10,2.07845E+10,2.08348E+10,2.08849E+10,2.09346E+10,2.09841E+10,2.10332E+10,2.1082E+10,2.11305E+10,2.11787E+10,2.12266E+10,2.12742E+10,2.13216E+10,2.13686E+10,2.14154E+10,2.14619E+10,2.15081E+10,2.1554E+10,2.15997E+10,2.16451E+10,2.16903E+10,2.17353E+10,2.178E+10,2.18245E+10,2.18688E+10,2.19128E+10,2.19569E+10,2.20014E+10,2.20468E+10,2.20932E+10,2.21408E+10,2.21897E+10,2.22397E+10,2.2291E+10,2.23435E+10,2.23972E+10,2.24521E+10,2.25081E+10,2.25651E+10,2.26233E+10,2.26825E+10,2.27428E+10,2.28041E+10,2.28663E+10,2.29295E+10,2.29937E+10,2.30587E+10,2.31247E+10,2.31915E+10,2.32592E+10,2.33278E+10,2.33972E+10,2.34674E+10,2.35385E+10,2.36104E+10,2.36831E+10,2.37564E+10,2.38305E+10,2.39053E+10,2.39808E+10,2.40568E+10,2.41335E+10,2.42109E+10,2.42887E+10,2.43672E+10,2.44461E+10,2.45256E+10,2.46055E+10,2.46858E+10,2.47666E+10,2.48478E+10,2.49293E+10,2.50111E+10,2.50932E+10,2.51756E+10,2.52583E+10,2.53412E+10,2.54244E+10,2.55077E+10,2.55913E+10,2.56751E+10,2.57591E+10,2.58433E+10,2.59276E+10,2.60121E+10,2.60967E+10,2.61814E+10,2.62663E+10,2.63512E+10,2.64363E+10,2.65214E+10,2.66066E+10,2.66919E+10,2.67772E+10,2.68625E+10,2.69478E+10,2.70332E+10,2.71185E+10,2.72038E+10,2.72892E+10,2.73745E+10,2.74597E+10,2.75449E+10,2.763E+10,2.77151E+10,2.78E+10,2.78848E+10,2.79694E+10,2.80539E+10,2.81383E+10,2.82224E+10,2.83062E+10,2.83898E+10,2.84732E+10,2.85562E+10,2.86388E+10,2.87212E+10,2.88031E+10,2.88847E+10,2.89658E+10,2.90466E+10,2.91268E+10,2.92067E+10,2.9286E+10,2.93649E+10,2.94433E+10,2.95212E+10,2.95987E+10,2.96757E+10,2.97523E+10,2.98284E+10,2.9904E+10,2.99792E+10,3.00539E+10,3.01282E+10,3.0202E+10,3.02754E+10,3.03484E+10,3.04209E+10,3.0493E+10,3.05647E+10,3.06359E+10,3.07067E+10,3.07771E+10,3.08471E+10,3.09167E+10,3.09858E+10,3.10545E+10,3.11229E+10,3.11908E+10,3.12583E+10,3.13254E+10,3.13921E+10,3.14584E+10,3.15244E+10,3.15899E+10,3.1655E+10,3.17198E+10,3.17841E+10,3.18481E+10,3.19117E+10,3.1975E+10,3.20378E+10,3.21003E+10,3.21624E+10,3.22241E+10,3.22855E+10,3.23465E+10,3.24072E+10,3.24674E+10,3.25274E+10,3.2587E+10,3.26462E+10,3.27051E+10,3.27636E+10,3.28218E+10,3.28797E+10,3.29372E+10,3.29944E+10,3.30512E+10,3.31077E+10,3.31639E+10,3.32198E+10,3.32754E+10,3.33306E+10,3.33855E+10,3.34401E+10,3.34944E+10,3.35484E+10,3.3602E+10,3.36554E+10,3.37085E+10,3.37612E+10,3.38137E+10,3.38658E+10,3.39177E+10,3.39693E+10,3.40206E+10,3.40716E+10,3.41223E+10,3.41728E+10,3.4223E+10,3.42729E+10,3.43225E+10,3.43718E+10,3.44209E+10,3.44698E+10,3.45183E+10,3.45666E+10,3.46147E+10,3.46624E+10,3.471E+10,3.47572E+10,3.48043E+10,3.48511E+10,3.48979E+10,3.49448E+10,3.49917E+10,3.50389E+10,3.50863E+10,3.5134E+10,3.5182E+10,3.52302E+10,3.52788E+10,3.53276E+10,3.53768E+10,3.54262E+10,3.54758E+10,3.55256E+10,3.55756E+10,3.56258E+10,3.56761E+10,3.57266E+10,3.57771E+10,3.58278E+10,3.58785E+10,3.59292E+10,3.598E+10,3.60308E+10,3.60815E+10,3.61322E+10,3.61827E+10,3.62332E+10,3.62835E+10,3.63336E+10,3.63836E+10,3.64333E+10,3.64827E+10,3.65318E+10,3.65807E+10,3.66293E+10,3.66775E+10,3.67255E+10,3.67732E+10,3.68207E+10,3.68678E+10,3.69147E+10,3.69613E+10,3.70076E+10,3.70536E+10,3.70994E+10,3.71449E+10,3.71901E+10,3.7235E+10,3.72797E+10,3.73242E+10,3.73683E+10,3.74122E+10,3.74559E+10,3.74993E+10,3.75424E+10,3.75853E+10,3.7628E+10,3.76704E+10,3.77126E+10,3.77545E+10,3.77962E+10,3.78376E+10,3.78788E+10,3.79198E+10,3.79606E+10,3.80011E+10,3.80414E+10,3.80815E+10,3.81214E+10,3.8161E+10,3.82005E+10,3.82398E+10,3.82791E+10,3.83187E+10,3.83588E+10,3.83995E+10,3.84409E+10,3.84833E+10,3.85268E+10,3.85713E+10,3.8617E+10,3.8664E+10,3.87122E+10,3.87617E+10,3.88126E+10,3.8865E+10,3.89187E+10,3.89739E+10,3.90306E+10,3.90887E+10,3.91483E+10,3.92092E+10,3.92715E+10,3.93352E+10,3.94001E+10,3.94663E+10,3.95338E+10,3.96025E+10,3.96724E+10,3.97434E+10,3.98156E+10,3.98888E+10,3.99632E+10,4.00385E+10,4.01149E+10,4.01923E+10,4.02706E+10,4.03499E+10,4.043E+10,4.0511E+10,4.05928E+10,4.06753E+10,4.07586E+10,4.08426E+10,4.09272E+10,4.10125E+10,4.10984E+10,4.11848E+10,4.12717E+10,4.13592E+10,4.14471E+10,4.15355E+10,4.16243E+10,4.17136E+10,4.18032E+10,4.18932E+10,4.19835E+10,4.20741E+10,4.21651E+10,4.22563E+10,4.23479E+10,4.24397E+10,4.25317E+10,4.2624E+10,4.27165E+10,4.28093E+10,4.29023E+10,4.29954E+10,4.30888E+10,4.31824E+10,4.32762E+10,4.33702E+10,4.34644E+10,4.35587E+10,4.36532E+10,4.37478E+10,4.38426E+10,4.39375E+10,4.40326E+10,4.41277E+10,4.42229E+10,4.43182E+10,4.44136E+10,4.4509E+10,4.46044E+10,4.46998E+10,4.47953E+10,4.48907E+10,4.49861E+10,4.50815E+10,4.51769E+10,4.52722E+10,4.53675E+10,4.54627E+10,4.55579E+10,4.5653E+10,4.57481E+10,4.58431E+10,4.59381E+10,4.6033E+10,4.6128E+10,4.6223E+10,4.6318E+10,4.64131E+10,4.65083E+10,4.66035E+10,4.66989E+10,4.67943E+10,4.68898E+10,4.69854E+10,4.70811E+10,4.71769E+10,4.72728E+10,4.73688E+10,4.7465E+10,4.75613E+10,4.76577E+10,4.77543E+10,4.7851E+10,4.79478E+10,4.80447E+10,4.81417E+10,4.82388E+10,4.8336E+10,4.84333E+10,4.85307E+10,4.86282E+10,4.87259E+10,4.88236E+10,4.89214E+10,4.90192E+10,4.91172E+10,4.92152E+10,4.93132E+10,4.94112E+10,4.95093E+10,4.96074E+10,4.97055E+10,4.98036E+10,4.99016E+10,4.99996E+10,5.00976E+10,5.01955E+10,5.02933E+10,5.03911E+10,5.04889E+10,5.05865E+10,5.06841E+10,5.07816E+10,5.0879E+10,5.09764E+10,5.10737E+10,5.11709E+10,5.12681E+10,5.13652E+10,5.14623E+10,5.15592E+10,5.16562E+10,5.1753E+10,5.18499E+10,5.19467E+10,5.20435E+10,5.21403E+10,5.22371E+10,5.23339E+10,5.24307E+10,5.25275E+10,5.26243E+10,5.27211E+10,5.28179E+10,5.29147E+10,5.30114E+10,5.31082E+10,5.3205E+10,5.33017E+10,5.33985E+10,5.34952E+10,5.35919E+10,5.36885E+10,5.37852E+10,5.38818E+10,5.39784E+10,5.4075E+10,5.41715E+10,5.4268E+10,5.43645E+10,5.44609E+10,5.45572E+10,5.46535E+10,5.47497E+10,5.48458E+10,5.49419E+10,5.50379E+10,5.51338E+10,5.52297E+10,5.53254E+10,5.54211E+10,5.55168E+10,5.56123E+10,5.57078E+10,5.58033E+10,5.58987E+10,5.5994E+10,5.60892E+10,5.61843E+10,5.62794E+10,5.63743E+10,5.64691E+10,5.65638E+10,5.66583E+10,5.67528E+10,5.6847E+10,5.69411E+10,5.70351E+10,5.71289E+10,5.72225E+10,5.7316E+10,5.74093E+10,5.75024E+10,5.75953E+10,5.76881E+10,5.77806E+10,5.7873E+10,5.79652E+10,5.80572E+10,5.8149E+10,5.82405E+10,5.83319E+10,5.84231E+10,5.8514E+10,5.86048E+10,5.86954E+10,5.87857E+10,5.88758E+10,5.89657E+10,5.90555E+10,5.91449E+10,5.92342E+10,5.93232E+10,5.94119E+10,5.95005E+10,5.95888E+10,5.96769E+10,5.97648E+10,5.98524E+10,5.99399E+10,6.00271E+10,6.01142E+10,6.02011E+10,6.02877E+10,6.03742E+10,6.04605E+10,6.05466E+10,6.06325E+10,6.07181E+10,6.08036E+10,6.08889E+10,6.0974E+10,6.10589E+10,6.11436E+10,6.12281E+10,6.13124E+10,6.13965E+10,6.14804E+10,6.15641E+10,6.16476E+10,6.17309E+10,6.18139E+10,6.18968E+10,6.19795E+10,6.20619E+10,6.21442E+10,6.22263E+10,6.23082E+10,6.23899E+10,6.24715E+10,6.25528E+10,6.2634E+10,6.27149E+10,6.27957E+10,6.28763E+10,6.29566E+10,6.30368E+10,6.31168E+10,6.31966E+10,6.32761E+10,6.33556E+10,6.34348E+10,6.35138E+10,6.35927E+10,6.36715E+10,6.37501E+10,6.38285E+10,6.39069E+10,6.39851E+10,6.40632E+10,6.41413E+10,6.42193E+10,6.42973E+10,6.43754E+10,6.44536E+10,6.45318E+10,6.46101E+10,6.46885E+10,6.4767E+10,6.48456E+10,6.49244E+10,6.50032E+10,6.50822E+10,6.51614E+10,6.52407E+10,6.53201E+10,6.53997E+10,6.54795E+10,6.55594E+10,6.56396E+10,6.57198E+10,6.58002E+10,6.58808E+10,6.59615E+10,6.60424E+10,6.61233E+10,6.62044E+10,6.62856E+10,6.63669E+10,6.64482E+10,6.65297E+10,6.66112E+10,6.66927E+10,6.67742E+10,6.68557E+10,6.69372E+10,6.70186E+10,6.71E+10,6.71814E+10,6.72626E+10,6.73438E+10,6.74248E+10,6.75056E+10,6.75863E+10,6.76668E+10,6.7747E+10,6.78269E+10,6.79065E+10,6.79858E+10,6.80647E+10,6.81434E+10,6.82216E+10,6.82996E+10,6.83773E+10,6.84546E+10,6.85317E+10,6.86084E+10,6.86849E+10,6.8761E+10,6.88369E+10,6.89125E+10,6.89878E+10,6.90629E+10,6.91377E+10,6.92122E+10,6.92865E+10,6.93605E+10,6.94342E+10,6.95077E+10,6.9581E+10,6.9654E+10,6.97268E+10,6.97993E+10,6.98716E+10,6.99437E+10,7.00156E+10,7.00872E+10,7.01585E+10,7.02297E+10,7.03006E+10,7.03713E+10,7.04417E+10,7.0512E+10,7.0582E+10,7.06518E+10,7.07213E+10,7.07906E+10,7.08597E+10,7.09285E+10,7.09971E+10,7.10654E+10,7.11336E+10,7.12014E+10,7.1269E+10,7.13364E+10,7.14035E+10,7.14703E+10,7.15369E+10,7.16032E+10,7.16692E+10,7.1735E+10,7.18005E+10,7.18657E+10,7.19307E+10,7.19953E+10,7.20597E+10,7.21239E+10,7.21877E+10,7.22513E+10,7.23146E+10,7.23776E+10,7.24403E+10,7.25027E+10,7.25649E+10,7.26267E+10,7.26883E+10,7.27496E+10,7.28106E+10,7.28713E+10,7.29318E+10,7.29919E+10,7.30518E+10,7.31114E+10,7.31708E+10,7.32298E+10,7.32886E+10,7.33471E+10,7.34053E+10,7.34633E+10,7.3521E+10,7.35785E+10,7.36356E+10,7.36926E+10,7.37492E+10,7.38056E+10,7.38618E+10,7.39177E+10,7.39734E+10,7.40288E+10,7.4084E+10,7.4139E+10,7.41937E+10,7.42482E+10,7.43025E+10,7.43566E+10,7.44104E+10,7.44641E+10,7.45175E+10,7.45707E+10,7.46237E+10,7.46766E+10,7.47292E+10,7.47816E+10,7.48339E+10,7.48859E+10,7.49378E+10
"Cost of GDP Cumulative[Connecticut]",0,0,0,0,0,0,0,0,0,0,0,0,0,0,0,0,0,0,0,0,0,9.04419E-42,2.10323E-41,3.59297E-41,1.30049E-40,5.07049E-40,1.0302E-39,1.55493E-39,2.12224E-39,2.75202E-39,3.60139E-39,4.59851E-39,5.59313E-39,7.03403E-39,8.91122E-39,1.07946E-38,1.03248E-05,0.000409282,0.00450554,0.0289066,0.130075,0.451309,1.27878,3.09086,6.89673,17.2892,40.2284,92.7162,201.097,384.894,657.788,1042.87,1570.21,2268.35,3164.76,4285.67,5656.31,7304.44,9279.18,11637.9,14436.8,17733.8,21596.1,26104.1,31353.2,37454.4,44535.5,52739.3,62221.1,73165.7,85834.6,102297,125100,155188,193440,241175,300156,375379,474548,605508,783461,1.02456E+06,1.34343E+06,1.76216E+06,2.29829E+06,2.96292E+06,3.76393E+06,4.71171E+06,5.83413E+06,7.1575E+06,8.70094E+06,1.05228E+07,1.26938E+07,1.52658E+07,1.82684E+07,2.17159E+07,2.56135E+07,2.99607E+07,3.47551E+07,3.99933E+07,4.56728E+07,5.17955E+07,5.83619E+07,6.53703E+07,7.28166E+07,8.06952E+07,8.89993E+07,9.77211E+07,1.06852E+08,1.16382E+08,1.26318E+08,1.36692E+08,1.47544E+08,1.58926E+08,1.70918E+08,1.83784E+08,1.97854E+08,2.13314E+08,2.30286E+08,2.48858E+08,2.69092E+08,2.91029E+08,3.14762E+08,3.40434E+08,3.68134E+08,3.97908E+08,4.29772E+08,4.63725E+08,4.99751E+08,5.37828E+08,5.77952E+08,6.20127E+08,6.64347E+08,7.10602E+08,7.5887E+08,8.09112E+08,8.61279E+08,9.15317E+08,9.71165E+08,1.02876E+09,1.08803E+09,1.14892E+09,1.21136E+09,1.27527E+09,1.34059E+09,1.40725E+09,1.47518E+09,1.5443E+09,1.61455E+09,1.68585E+09,1.75813E+09,1.83132E+09,1.90535E+09,1.98014E+09,2.05563E+09,2.13175E+09,2.20842E+09,2.28557E+09,2.36315E+09,2.44107E+09,2.51929E+09,2.59773E+09,2.67633E+09,2.75505E+09,2.83382E+09,2.9126E+09,2.99134E+09,3.06998E+09,3.1485E+09,3.22686E+09,3.30503E+09,3.38302E+09,3.46083E+09,3.53851E+09,3.61607E+09,3.69354E+09,3.77092E+09,3.84821E+09,3.9254E+09,4.00247E+09,4.07941E+09,4.1562E+09,4.23281E+09,4.30922E+09,4.3854E+09,4.46133E+09,4.53696E+09,4.61228E+09,4.68725E+09,4.76184E+09,4.83602E+09,4.90977E+09,4.98305E+09,5.05586E+09,5.1282E+09,5.20009E+09,5.27151E+09,5.34248E+09,5.41299E+09,5.48304E+09,5.55265E+09,5.6218E+09,5.69051E+09,5.75878E+09,5.8266E+09,5.89398E+09,5.96092E+09,6.02743E+09,6.09351E+09,6.15916E+09,6.22438E+09,6.28918E+09,6.35356E+09,6.41752E+09,6.48106E+09,6.54419E+09,6.6069E+09,6.66921E+09,6.73111E+09,6.7926E+09,6.8537E+09,6.91439E+09,6.97469E+09,7.03459E+09,7.0941E+09,7.15321E+09,7.21194E+09,7.27028E+09,7.32824E+09,7.38582E+09,7.44302E+09,7.49984E+09,7.55629E+09,7.61237E+09,7.66808E+09,7.72342E+09,7.7784E+09,7.83302E+09,7.88728E+09,7.94118E+09,7.99472E+09,8.04792E+09,8.10076E+09,8.15326E+09,8.20542E+09,8.25723E+09,8.3087E+09,8.35983E+09,8.41063E+09,8.46109E+09,8.51122E+09,8.56103E+09,8.61051E+09,8.65966E+09,8.70849E+09,8.75701E+09,8.8052E+09,8.85309E+09,8.90066E+09,8.94792E+09,8.99487E+09,9.04151E+09,9.08786E+09,9.1339E+09,9.17964E+09,9.22508E+09,9.27023E+09,9.31508E+09,9.35964E+09,9.40392E+09,9.4479E+09,9.4916E+09,9.53501E+09,9.57814E+09,9.621E+09,9.66357E+09,9.70587E+09,9.74789E+09,9.78965E+09,9.83113E+09,9.87234E+09,9.91329E+09,9.95398E+09,9.9944E+09,1.00346E+10,1.00745E+10,1.01141E+10,1.01535E+10,1.01927E+10,1.02316E+10,1.02702E+10,1.03086E+10,1.03468E+10,1.03847E+10,1.04224E+10,1.04598E+10,1.0497E+10,1.05339E+10,1.05707E+10,1.06072E+10,1.06434E+10,1.06795E+10,1.07153E+10,1.07508E+10,1.07862E+10,1.08213E+10,1.08562E+10,1.08909E+10,1.09254E+10,1.09596E+10,1.09936E+10,1.10275E+10,1.10611E+10,1.10944E+10,1.11276E+10,1.11606E+10,1.11934E+10,1.12259E+10,1.12583E+10,1.12904E+10,1.13224E+10,1.13541E+10,1.13856E+10,1.1417E+10,1.14481E+10,1.14791E+10,1.15099E+10,1.15404E+10,1.15708E+10,1.1601E+10,1.1631E+10,1.16608E+10,1.16905E+10,1.17199E+10,1.17492E+10,1.17783E+10,1.18072E+10,1.1836E+10,1.18645E+10,1.18929E+10,1.19212E+10,1.19492E+10,1.19771E+10,1.20048E+10,1.20324E+10,1.20598E+10,1.20871E+10,1.21141E+10,1.21411E+10,1.21678E+10,1.21944E+10,1.22209E+10,1.22472E+10,1.22734E+10,1.22994E+10,1.23252E+10,1.2351E+10,1.23765E+10,1.2402E+10,1.24273E+10,1.24524E+10,1.24775E+10,1.25024E+10,1.25271E+10,1.25517E+10,1.25762E+10,1.26006E+10,1.26249E+10,1.2649E+10,1.2673E+10,1.26969E+10,1.27207E+10,1.27443E+10,1.27679E+10,1.27915E+10,1.2815E+10,1.28387E+10,1.28625E+10,1.28864E+10,1.29105E+10,1.29349E+10,1.29597E+10,1.29847E+10,1.30103E+10,1.30362E+10,1.30628E+10,1.30898E+10,1.31175E+10,1.31457E+10,1.31745E+10,1.32039E+10,1.32338E+10,1.32643E+10,1.32954E+10,1.33271E+10,1.33594E+10,1.33923E+10,1.34257E+10,1.34597E+10,1.34942E+10,1.35293E+10,1.35648E+10,1.36008E+10,1.36372E+10,1.36741E+10,1.37113E+10,1.37489E+10,1.37868E+10,1.3825E+10,1.38635E+10,1.39023E+10,1.39414E+10,1.39808E+10,1.40206E+10,1.40606E+10,1.41008E+10,1.41414E+10,1.41822E+10,1.42232E+10,1.42645E+10,1.43059E+10,1.43476E+10,1.43894E+10,1.44315E+10,1.44737E+10,1.45161E+10,1.45586E+10,1.46012E+10,1.46439E+10,1.46868E+10,1.47297E+10,1.47727E+10,1.48157E+10,1.48589E+10,1.4902E+10,1.49452E+10,1.49884E+10,1.50316E+10,1.50748E+10,1.51179E+10,1.5161E+10,1.5204E+10,1.52468E+10,1.52896E+10,1.53322E+10,1.53746E+10,1.54168E+10,1.54588E+10,1.55006E+10,1.55422E+10,1.55836E+10,1.56247E+10,1.56657E+10,1.57065E+10,1.5747E+10,1.57874E+10,1.58276E+10,1.58675E+10,1.59073E+10,1.59469E+10,1.59863E+10,1.60255E+10,1.60645E+10,1.61033E+10,1.61419E+10,1.61804E+10,1.62187E+10,1.62568E+10,1.62947E+10,1.63324E+10,1.637E+10,1.64074E+10,1.64446E+10,1.64816E+10,1.65185E+10,1.65552E+10,1.65917E+10,1.66281E+10,1.66643E+10,1.67003E+10,1.67362E+10,1.67719E+10,1.68074E+10,1.68428E+10,1.6878E+10,1.69131E+10,1.6948E+10,1.69827E+10,1.70173E+10,1.70517E+10,1.7086E+10,1.71201E+10,1.7154E+10,1.71878E+10,1.72215E+10,1.7255E+10,1.72883E+10,1.73215E+10,1.73545E+10,1.73874E+10,1.74201E+10,1.74527E+10,1.74851E+10,1.75174E+10,1.75495E+10,1.75815E+10,1.76133E+10,1.7645E+10,1.76766E+10,1.7708E+10,1.77392E+10,1.77703E+10,1.78013E+10,1.78321E+10,1.78628E+10,1.78933E+10,1.79237E+10,1.7954E+10,1.79841E+10,1.8014E+10,1.80439E+10,1.80736E+10,1.81031E+10,1.81326E+10,1.81618E+10,1.8191E+10,1.822E+10,1.82489E+10,1.82776E+10,1.83062E+10,1.83347E+10,1.8363E+10,1.83912E+10,1.84193E+10,1.84472E+10,1.8475E+10,1.85027E+10,1.85303E+10,1.85577E+10,1.8585E+10,1.86122E+10,1.86392E+10,1.86661E+10,1.86929E+10,1.87196E+10,1.87461E+10,1.87725E+10,1.87988E+10,1.8825E+10,1.8851E+10,1.88769E+10,1.89027E+10,1.89284E+10,1.8954E+10,1.89794E+10,1.90047E+10,1.90299E+10,1.9055E+10,1.908E+10,1.91048E+10,1.91295E+10,1.91541E+10,1.91786E+10,1.9203E+10,1.92272E+10,1.92514E+10,1.92754E+10,1.92993E+10,1.9323E+10,1.93467E+10,1.93702E+10,1.93937E+10,1.9417E+10,1.94402E+10,1.94632E+10,1.94862E+10,1.95091E+10,1.95318E+10,1.95545E+10,1.9577E+10,1.95994E+10,1.96217E+10,1.96439E+10,1.9666E+10,1.96879E+10,1.97098E+10,1.97316E+10,1.97532E+10,1.97747E+10,1.97962E+10,1.98175E+10,1.98387E+10,1.98598E+10,1.98808E+10,1.99018E+10,1.99226E+10,1.99433E+10,1.9964E+10,1.99847E+10,2.00054E+10,2.00261E+10,2.00469E+10,2.00678E+10,2.00887E+10,2.01098E+10,2.01309E+10,2.01522E+10,2.01735E+10,2.01949E+10,2.02164E+10,2.0238E+10,2.02596E+10,2.02814E+10,2.03032E+10,2.03252E+10,2.03473E+10,2.03694E+10,2.03917E+10,2.04142E+10,2.04367E+10,2.04594E+10,2.04823E+10,2.05054E+10,2.05287E+10,2.05522E+10,2.0576E+10,2.06001E+10,2.06247E+10,2.06498E+10,2.06754E+10,2.07017E+10,2.07287E+10,2.07563E+10,2.07848E+10,2.0814E+10,2.08442E+10,2.08753E+10,2.09074E+10,2.09404E+10,2.09745E+10,2.10097E+10,2.10459E+10,2.10832E+10,2.11216E+10,2.1161E+10,2.12016E+10,2.12433E+10,2.12861E+10,2.133E+10,2.1375E+10,2.1421E+10,2.14682E+10,2.15164E+10,2.15657E+10,2.16161E+10,2.16675E+10,2.17198E+10,2.17731E+10,2.18273E+10,2.18823E+10,2.19382E+10,2.19948E+10,2.20521E+10,2.21101E+10,2.21687E+10,2.22278E+10,2.22875E+10,2.23477E+10,2.24084E+10,2.24695E+10,2.2531E+10,2.25928E+10,2.26549E+10,2.27174E+10,2.27801E+10,2.28431E+10,2.29062E+10,2.29696E+10,2.30331E+10,2.30968E+10,2.31607E+10,2.32247E+10,2.32887E+10,2.33529E+10,2.34172E+10,2.34815E+10,2.3546E+10,2.36105E+10,2.36752E+10,2.37399E+10,2.38047E+10,2.38696E+10,2.39345E+10,2.39996E+10,2.40646E+10,2.41297E+10,2.41948E+10,2.42599E+10,2.43249E+10,2.43899E+10,2.44549E+10,2.45197E+10,2.45845E+10,2.4649E+10,2.47134E+10,2.47777E+10,2.48417E+10,2.49055E+10,2.49691E+10,2.50325E+10,2.50956E+10,2.51584E+10,2.5221E+10,2.52834E+10,2.53456E+10,2.54075E+10,2.54691E+10,2.55305E+10,2.55917E+10,2.56527E+10,2.57136E+10,2.57744E+10,2.58351E+10,2.58957E+10,2.59564E+10,2.6017E+10,2.60776E+10,2.61381E+10,2.61987E+10,2.62592E+10,2.63198E+10,2.63805E+10,2.64412E+10,2.65021E+10,2.6563E+10,2.66241E+10,2.66852E+10,2.67465E+10,2.68079E+10,2.68694E+10,2.6931E+10,2.69928E+10,2.70546E+10,2.71167E+10,2.71788E+10,2.72412E+10,2.73037E+10,2.73664E+10,2.74293E+10,2.74923E+10,2.75555E+10,2.76189E+10,2.76824E+10,2.7746E+10,2.78097E+10,2.78735E+10,2.79374E+10,2.80013E+10,2.80652E+10,2.81291E+10,2.8193E+10,2.82569E+10,2.83208E+10,2.83847E+10,2.84486E+10,2.85124E+10,2.85762E+10,2.864E+10,2.87038E+10,2.87675E+10,2.88313E+10,2.88951E+10,2.89589E+10,2.90228E+10,2.90866E+10,2.91505E+10,2.92143E+10,2.92782E+10,2.93422E+10,2.94062E+10,2.94704E+10,2.95346E+10,2.9599E+10,2.96635E+10,2.97282E+10,2.97929E+10,2.98578E+10,2.99228E+10,2.99878E+10,3.00529E+10,3.0118E+10,3.01833E+10,3.02485E+10,3.03138E+10,3.03792E+10,3.04446E+10,3.051E+10,3.05754E+10,3.06409E+10,3.07065E+10,3.0772E+10,3.08375E+10,3.09031E+10,3.09686E+10,3.10341E+10,3.10995E+10,3.1165E+10,3.12303E+10,3.12956E+10,3.13609E+10,3.14261E+10,3.14911E+10,3.15561E+10,3.1621E+10,3.16858E+10,3.17506E+10,3.18152E+10,3.18798E+10,3.19443E+10,3.20088E+10,3.20731E+10,3.21374E+10,3.22015E+10,3.22654E+10,3.23292E+10,3.23928E+10,3.24562E+10,3.25193E+10,3.25822E+10,3.26448E+10,3.27071E+10,3.27691E+10,3.28308E+10,3.28922E+10,3.29533E+10,3.30142E+10,3.30747E+10,3.3135E+10,3.3195E+10,3.32547E+10,3.33141E+10,3.33732E+10,3.3432E+10,3.34906E+10,3.35489E+10,3.36069E+10,3.36646E+10,3.3722E+10,3.37792E+10,3.38361E+10,3.38927E+10,3.39491E+10,3.40052E+10,3.4061E+10,3.41165E+10,3.41718E+10,3.42268E+10,3.42815E+10,3.4336E+10,3.43902E+10,3.44442E+10,3.44979E+10,3.45513E+10,3.46045E+10,3.46574E+10,3.47101E+10,3.47625E+10,3.48147E+10,3.48666E+10,3.49183E+10,3.49698E+10,3.5021E+10,3.5072E+10,3.51227E+10,3.51732E+10,3.52235E+10,3.52735E+10,3.53233E+10,3.53729E+10,3.54223E+10,3.54714E+10,3.55203E+10,3.55691E+10,3.56175E+10,3.56658E+10,3.57139E+10,3.57617E+10,3.58093E+10,3.58567E+10,3.59039E+10,3.59509E+10,3.59977E+10,3.60442E+10,3.60906E+10,3.61367E+10,3.61827E+10,3.62284E+10,3.6274E+10,3.63193E+10,3.63645E+10,3.64095E+10,3.64542E+10,3.64988E+10,3.65433E+10,3.65875E+10,3.66315E+10,3.66754E+10,3.67192E+10,3.67628E+10,3.68063E+10,3.68497E+10,3.6893E+10,3.69363E+10,3.69795E+10,3.70227E+10,3.70658E+10,3.71089E+10,3.7152E+10,3.7195E+10,3.7238E+10,3.7281E+10,3.7324E+10,3.73671E+10,3.74101E+10,3.74532E+10,3.74963E+10,3.75396E+10,3.75829E+10,3.76264E+10,3.767E+10,3.77138E+10,3.77578E+10,3.7802E+10,3.78463E+10,3.78909E+10,3.79357E+10,3.79808E+10,3.8026E+10,3.80714E+10,3.8117E+10,3.81627E+10,3.82085E+10,3.82543E+10,3.83003E+10,3.83462E+10,3.83921E+10,3.84379E+10,3.84836E+10,3.85292E+10,3.85745E+10,3.86197E+10,3.86647E+10,3.87095E+10,3.87542E+10,3.87987E+10,3.88431E+10,3.88872E+10,3.89313E+10,3.89752E+10,3.90189E+10,3.90625E+10,3.9106E+10,3.91493E+10,3.91925E+10,3.92356E+10,3.92786E+10,3.93215E+10,3.93643E+10,3.9407E+10,3.94496E+10,3.94922E+10,3.95346E+10,3.9577E+10,3.96193E+10,3.96616E+10,3.97038E+10,3.97459E+10,3.97879E+10,3.98299E+10,3.98718E+10,3.99137E+10,3.99555E+10,3.99972E+10,4.00388E+10,4.00804E+10,4.01219E+10,4.01634E+10,4.02048E+10,4.02461E+10,4.02873E+10,4.03284E+10,4.03694E+10,4.04104E+10,4.04512E+10,4.0492E+10,4.05326E+10,4.05731E+10,4.06135E+10,4.06538E+10,4.0694E+10,4.07341E+10,4.0774E+10,4.08138E+10,4.08535E+10,4.08931E+10,4.09325E+10,4.09717E+10,4.10109E+10,4.10499E+10,4.10887E+10,4.11274E+10,4.1166E+10,4.12044E+10,4.12427E+10,4.12808E+10,4.13188E+10,4.13566E+10,4.13943E+10,4.14319E+10,4.14693E+10,4.15065E+10,4.15436E+10,4.15805E+10,4.16173E+10,4.1654E+10,4.16905E+10,4.17269E+10,4.17631E+10,4.17991E+10,4.18351E+10,4.18709E+10,4.19065E+10,4.1942E+10,4.19774E+10,4.20126E+10,4.20477E+10,4.20827E+10,4.21175E+10,4.21522E+10,4.21868E+10,4.22212E+10,4.22555E+10,4.22897E+10,4.23238E+10,4.23577E+10,4.23916E+10,4.24253E+10,4.24589E+10,4.24923E+10,4.25257E+10,4.25589E+10,4.25921E+10,4.26251E+10,4.2658E+10,4.26908E+10,4.27236E+10,4.27562E+10,4.27887E+10,4.28211E+10,4.28534E+10,4.28856E+10,4.29178E+10,4.29498E+10,4.29817E+10,4.30136E+10,4.30454E+10,4.30771E+10,4.31086E+10,4.31402E+10,4.31716E+10,4.32029E+10
"Cost of GDP Cumulative[District of Columbia]",0,0,0,0,0,0,0,0,0,0,0,0,0,0,0,0,0,0,0,0,0,4.53206E-42,1.05393E-41,1.80046E-41,6.51727E-41,2.54114E-40,5.16305E-40,7.79285E-40,1.06361E-39,0.00711747,0.0961885,0.509525,1.74726,4.65675,10.5334,21.247,39.4088,68.5915,113.614,180.904,278.936,418.792,614.858,885.736,1255.63,1758.28,2436.71,3353.52,4591.87,6244.57,8418.69,11253.6,14926,19652.8,25703.7,33417.6,43222.9,55666.4,71461.2,91514.5,116958,149181,189867,241018,304972,384418,482399,602291,747763,922771,1.13158E+06,1.38022E+06,1.67535E+06,2.02242E+06,2.427E+06,2.89513E+06,3.43336E+06,4.05103E+06,4.75978E+06,5.57132E+06,6.50348E+06,7.57471E+06,8.80191E+06,1.02081E+07,1.18123E+07,1.36273E+07,1.56634E+07,1.79325E+07,2.04609E+07,2.32736E+07,2.63889E+07,2.98584E+07,3.37437E+07,3.80899E+07,4.29232E+07,4.82562E+07,5.40941E+07,6.04364E+07,6.72813E+07,7.46257E+07,8.24671E+07,9.08066E+07,9.96435E+07,1.08975E+08,1.18797E+08,1.29102E+08,1.39882E+08,1.51129E+08,1.62833E+08,1.74981E+08,1.87564E+08,2.00572E+08,2.13993E+08,2.27826E+08,2.42084E+08,2.56898E+08,2.72449E+08,2.88816E+08,3.06036E+08,3.24129E+08,3.431E+08,3.62948E+08,3.83704E+08,4.05439E+08,4.28186E+08,4.51959E+08,4.76754E+08,5.02558E+08,5.29349E+08,5.57107E+08,5.85821E+08,6.15489E+08,6.46101E+08,6.77649E+08,7.10119E+08,7.43484E+08,7.77717E+08,8.12786E+08,8.48655E+08,8.85289E+08,9.22654E+08,9.60711E+08,9.99425E+08,1.03876E+09,1.07868E+09,1.11915E+09,1.16013E+09,1.20158E+09,1.24347E+09,1.28576E+09,1.32842E+09,1.3714E+09,1.41468E+09,1.45821E+09,1.50196E+09,1.54589E+09,1.58997E+09,1.63416E+09,1.67843E+09,1.72274E+09,1.76707E+09,1.81138E+09,1.85564E+09,1.89983E+09,1.94391E+09,1.98787E+09,2.03169E+09,2.07533E+09,2.11878E+09,2.16203E+09,2.20506E+09,2.24789E+09,2.29053E+09,2.33299E+09,2.3753E+09,2.41748E+09,2.45953E+09,2.50145E+09,2.54324E+09,2.58489E+09,2.62641E+09,2.66778E+09,2.70899E+09,2.75003E+09,2.79089E+09,2.83155E+09,2.87199E+09,2.91221E+09,2.95219E+09,2.99192E+09,3.03141E+09,3.07066E+09,3.10966E+09,3.14842E+09,3.18694E+09,3.22523E+09,3.26328E+09,3.30109E+09,3.33866E+09,3.376E+09,3.41311E+09,3.44999E+09,3.48664E+09,3.52306E+09,3.55924E+09,3.59521E+09,3.63094E+09,3.66646E+09,3.70175E+09,3.73682E+09,3.77166E+09,3.80629E+09,3.8407E+09,3.8749E+09,3.90888E+09,3.94264E+09,3.97619E+09,4.00953E+09,4.04267E+09,4.07559E+09,4.1083E+09,4.14081E+09,4.17312E+09,4.20521E+09,4.23711E+09,4.26881E+09,4.3003E+09,4.3316E+09,4.3627E+09,4.3936E+09,4.4243E+09,4.45482E+09,4.48513E+09,4.51526E+09,4.54519E+09,4.57494E+09,4.6045E+09,4.63387E+09,4.66305E+09,4.69204E+09,4.72086E+09,4.74948E+09,4.77793E+09,4.80619E+09,4.83428E+09,4.86218E+09,4.88991E+09,4.91746E+09,4.94483E+09,4.97203E+09,4.99905E+09,5.0259E+09,5.05257E+09,5.07908E+09,5.10541E+09,5.13158E+09,5.15757E+09,5.1834E+09,5.20906E+09,5.23456E+09,5.25989E+09,5.28506E+09,5.31007E+09,5.33491E+09,5.3596E+09,5.38412E+09,5.40849E+09,5.4327E+09,5.45675E+09,5.48065E+09,5.50439E+09,5.52799E+09,5.55143E+09,5.57472E+09,5.59786E+09,5.62085E+09,5.6437E+09,5.6664E+09,5.68895E+09,5.71137E+09,5.73363E+09,5.75576E+09,5.77775E+09,5.7996E+09,5.82131E+09,5.84288E+09,5.86432E+09,5.88562E+09,5.90679E+09,5.92782E+09,5.94873E+09,5.9695E+09,5.99015E+09,6.01067E+09,6.03106E+09,6.05132E+09,6.07146E+09,6.09148E+09,6.11137E+09,6.13115E+09,6.1508E+09,6.17033E+09,6.18975E+09,6.20905E+09,6.22823E+09,6.2473E+09,6.26626E+09,6.2851E+09,6.30382E+09,6.32244E+09,6.34094E+09,6.35934E+09,6.37762E+09,6.3958E+09,6.41387E+09,6.43184E+09,6.4497E+09,6.46745E+09,6.48511E+09,6.50265E+09,6.5201E+09,6.53744E+09,6.55468E+09,6.57183E+09,6.58887E+09,6.60581E+09,6.62266E+09,6.6394E+09,6.65605E+09,6.67261E+09,6.68907E+09,6.70543E+09,6.7217E+09,6.73787E+09,6.75395E+09,6.76994E+09,6.78583E+09,6.80163E+09,6.81734E+09,6.83297E+09,6.8485E+09,6.86394E+09,6.87929E+09,6.89456E+09,6.90974E+09,6.92483E+09,6.93984E+09,6.95476E+09,6.96959E+09,6.98435E+09,6.99902E+09,7.01361E+09,7.02812E+09,7.04254E+09,7.05689E+09,7.07116E+09,7.08535E+09,7.09947E+09,7.1135E+09,7.12746E+09,7.14135E+09,7.15516E+09,7.1689E+09,7.18257E+09,7.19617E+09,7.2097E+09,7.22316E+09,7.23655E+09,7.24988E+09,7.26314E+09,7.27634E+09,7.28948E+09,7.30257E+09,7.31563E+09,7.3287E+09,7.3418E+09,7.35495E+09,7.36816E+09,7.38147E+09,7.39489E+09,7.40845E+09,7.42216E+09,7.43606E+09,7.45018E+09,7.46454E+09,7.47916E+09,7.49406E+09,7.50925E+09,7.52472E+09,7.54047E+09,7.5565E+09,7.57281E+09,7.5894E+09,7.60627E+09,7.62343E+09,7.64088E+09,7.6586E+09,7.67661E+09,7.69488E+09,7.71342E+09,7.7322E+09,7.75122E+09,7.77046E+09,7.78991E+09,7.80954E+09,7.82936E+09,7.84934E+09,7.86948E+09,7.88975E+09,7.91017E+09,7.93073E+09,7.95143E+09,7.97228E+09,7.99327E+09,8.01442E+09,8.03571E+09,8.05713E+09,8.07867E+09,8.10033E+09,8.1221E+09,8.14397E+09,8.16596E+09,8.18805E+09,8.21024E+09,8.23252E+09,8.25488E+09,8.27731E+09,8.29981E+09,8.32239E+09,8.34505E+09,8.36779E+09,8.3906E+09,8.41349E+09,8.43646E+09,8.45949E+09,8.4826E+09,8.50575E+09,8.52896E+09,8.55221E+09,8.5755E+09,8.59881E+09,8.62216E+09,8.64551E+09,8.66885E+09,8.69217E+09,8.71545E+09,8.73867E+09,8.76183E+09,8.78491E+09,8.8079E+09,8.83081E+09,8.85363E+09,8.87637E+09,8.89902E+09,8.92158E+09,8.94406E+09,8.96646E+09,8.98877E+09,9.011E+09,9.03314E+09,9.0552E+09,9.07718E+09,9.09907E+09,9.12088E+09,9.14261E+09,9.16425E+09,9.18581E+09,9.20728E+09,9.22867E+09,9.24997E+09,9.2712E+09,9.29233E+09,9.31338E+09,9.33435E+09,9.35524E+09,9.37604E+09,9.39676E+09,9.41739E+09,9.43794E+09,9.45841E+09,9.47879E+09,9.49908E+09,9.5193E+09,9.53942E+09,9.55947E+09,9.57943E+09,9.5993E+09,9.61909E+09,9.63879E+09,9.65841E+09,9.67794E+09,9.69739E+09,9.71675E+09,9.73603E+09,9.75522E+09,9.77432E+09,9.79334E+09,9.81228E+09,9.83113E+09,9.8499E+09,9.86858E+09,9.88717E+09,9.90568E+09,9.92411E+09,9.94245E+09,9.96071E+09,9.97888E+09,9.99697E+09,1.0015E+10,1.00329E+10,1.00507E+10,1.00685E+10,1.00862E+10,1.01038E+10,1.01213E+10,1.01387E+10,1.01561E+10,1.01734E+10,1.01906E+10,1.02077E+10,1.02248E+10,1.02417E+10,1.02586E+10,1.02754E+10,1.02922E+10,1.03089E+10,1.03255E+10,1.0342E+10,1.03584E+10,1.03748E+10,1.03911E+10,1.04074E+10,1.04235E+10,1.04397E+10,1.04557E+10,1.04717E+10,1.04876E+10,1.05034E+10,1.05192E+10,1.05349E+10,1.05506E+10,1.05662E+10,1.05817E+10,1.05972E+10,1.06126E+10,1.0628E+10,1.06433E+10,1.06585E+10,1.06737E+10,1.06888E+10,1.07038E+10,1.07188E+10,1.07338E+10,1.07487E+10,1.07635E+10,1.07783E+10,1.0793E+10,1.08077E+10,1.08223E+10,1.08368E+10,1.08513E+10,1.08658E+10,1.08802E+10,1.08945E+10,1.09088E+10,1.0923E+10,1.09372E+10,1.09513E+10,1.09653E+10,1.09793E+10,1.09933E+10,1.10072E+10,1.1021E+10,1.10348E+10,1.10485E+10,1.10622E+10,1.10758E+10,1.10893E+10,1.11028E+10,1.11163E+10,1.11297E+10,1.1143E+10,1.11563E+10,1.11695E+10,1.11827E+10,1.11958E+10,1.12089E+10,1.12219E+10,1.12349E+10,1.12478E+10,1.12607E+10,1.12735E+10,1.12863E+10,1.12991E+10,1.13119E+10,1.13247E+10,1.13374E+10,1.13502E+10,1.13631E+10,1.1376E+10,1.1389E+10,1.1402E+10,1.14152E+10,1.14284E+10,1.14418E+10,1.14552E+10,1.14688E+10,1.14824E+10,1.14961E+10,1.15098E+10,1.15236E+10,1.15375E+10,1.15514E+10,1.15654E+10,1.15795E+10,1.15936E+10,1.16077E+10,1.1622E+10,1.16362E+10,1.16506E+10,1.1665E+10,1.16794E+10,1.16939E+10,1.17085E+10,1.17232E+10,1.1738E+10,1.1753E+10,1.17681E+10,1.17834E+10,1.1799E+10,1.18149E+10,1.18311E+10,1.18475E+10,1.18644E+10,1.18816E+10,1.18992E+10,1.19173E+10,1.19359E+10,1.19549E+10,1.19744E+10,1.19945E+10,1.20151E+10,1.20363E+10,1.2058E+10,1.20803E+10,1.21031E+10,1.21266E+10,1.21506E+10,1.21753E+10,1.22005E+10,1.22263E+10,1.22528E+10,1.22798E+10,1.23075E+10,1.23358E+10,1.23646E+10,1.2394E+10,1.2424E+10,1.24545E+10,1.24856E+10,1.25171E+10,1.25491E+10,1.25815E+10,1.26144E+10,1.26477E+10,1.26813E+10,1.27153E+10,1.27497E+10,1.27844E+10,1.28194E+10,1.28546E+10,1.28902E+10,1.2926E+10,1.29621E+10,1.29984E+10,1.3035E+10,1.30718E+10,1.31087E+10,1.31459E+10,1.31833E+10,1.32208E+10,1.32586E+10,1.32965E+10,1.33346E+10,1.33728E+10,1.34112E+10,1.34497E+10,1.34885E+10,1.35273E+10,1.35664E+10,1.36056E+10,1.36449E+10,1.36844E+10,1.37241E+10,1.37638E+10,1.38037E+10,1.38436E+10,1.38837E+10,1.39238E+10,1.3964E+10,1.40043E+10,1.40446E+10,1.40849E+10,1.41251E+10,1.41654E+10,1.42056E+10,1.42458E+10,1.4286E+10,1.43261E+10,1.43662E+10,1.44062E+10,1.44462E+10,1.44861E+10,1.4526E+10,1.45658E+10,1.46056E+10,1.46453E+10,1.46849E+10,1.47245E+10,1.47641E+10,1.48036E+10,1.48431E+10,1.48826E+10,1.49222E+10,1.49617E+10,1.50013E+10,1.50409E+10,1.50806E+10,1.51203E+10,1.516E+10,1.51998E+10,1.52396E+10,1.52796E+10,1.53196E+10,1.53597E+10,1.53999E+10,1.54402E+10,1.54806E+10,1.5521E+10,1.55616E+10,1.56022E+10,1.5643E+10,1.56838E+10,1.57247E+10,1.57656E+10,1.58067E+10,1.58479E+10,1.58892E+10,1.59305E+10,1.59719E+10,1.60134E+10,1.6055E+10,1.60965E+10,1.61381E+10,1.61798E+10,1.62214E+10,1.6263E+10,1.63046E+10,1.63462E+10,1.63877E+10,1.64292E+10,1.64707E+10,1.65121E+10,1.65535E+10,1.65948E+10,1.66361E+10,1.66773E+10,1.67185E+10,1.67596E+10,1.68006E+10,1.68416E+10,1.68826E+10,1.69236E+10,1.69645E+10,1.70054E+10,1.70463E+10,1.70871E+10,1.71279E+10,1.71687E+10,1.72095E+10,1.72504E+10,1.72912E+10,1.73321E+10,1.73731E+10,1.74141E+10,1.74551E+10,1.74961E+10,1.75372E+10,1.75783E+10,1.76194E+10,1.76605E+10,1.77017E+10,1.77428E+10,1.7784E+10,1.78252E+10,1.78665E+10,1.79078E+10,1.79491E+10,1.79904E+10,1.80318E+10,1.80731E+10,1.81146E+10,1.8156E+10,1.81975E+10,1.8239E+10,1.82805E+10,1.8322E+10,1.83636E+10,1.84051E+10,1.84467E+10,1.84883E+10,1.85299E+10,1.85716E+10,1.86132E+10,1.86549E+10,1.86966E+10,1.87383E+10,1.878E+10,1.88218E+10,1.88636E+10,1.89054E+10,1.89473E+10,1.89891E+10,1.90309E+10,1.90727E+10,1.91145E+10,1.91562E+10,1.91979E+10,1.92395E+10,1.9281E+10,1.93224E+10,1.93637E+10,1.9405E+10,1.94461E+10,1.94871E+10,1.9528E+10,1.95687E+10,1.96093E+10,1.96498E+10,1.96901E+10,1.97303E+10,1.97703E+10,1.98101E+10,1.98498E+10,1.98894E+10,1.99288E+10,1.9968E+10,2.00071E+10,2.0046E+10,2.00848E+10,2.01234E+10,2.01618E+10,2.02001E+10,2.02383E+10,2.02762E+10,2.03141E+10,2.03517E+10,2.03892E+10,2.04266E+10,2.04638E+10,2.05009E+10,2.05378E+10,2.05745E+10,2.06111E+10,2.06476E+10,2.06839E+10,2.07201E+10,2.07561E+10,2.0792E+10,2.08278E+10,2.08634E+10,2.08989E+10,2.09343E+10,2.09695E+10,2.10047E+10,2.10397E+10,2.10745E+10,2.11093E+10,2.11439E+10,2.11784E+10,2.12128E+10,2.12471E+10,2.12813E+10,2.13154E+10,2.13493E+10,2.13831E+10,2.14168E+10,2.14504E+10,2.14839E+10,2.15172E+10,2.15505E+10,2.15836E+10,2.16166E+10,2.16494E+10,2.16822E+10,2.17149E+10,2.17474E+10,2.17798E+10,2.18122E+10,2.18444E+10,2.18765E+10,2.19084E+10,2.19403E+10,2.19721E+10,2.20037E+10,2.20353E+10,2.20668E+10,2.20981E+10,2.21295E+10,2.21607E+10,2.21919E+10,2.2223E+10,2.22541E+10,2.22851E+10,2.23161E+10,2.23471E+10,2.2378E+10,2.2409E+10,2.24399E+10,2.24707E+10,2.25016E+10,2.25324E+10,2.25632E+10,2.2594E+10,2.26248E+10,2.26556E+10,2.26864E+10,2.27173E+10,2.27482E+10,2.27792E+10,2.28102E+10,2.28413E+10,2.28725E+10,2.29037E+10,2.29351E+10,2.29665E+10,2.2998E+10,2.30295E+10,2.30612E+10,2.30929E+10,2.31246E+10,2.31564E+10,2.31882E+10,2.322E+10,2.32518E+10,2.32837E+10,2.33155E+10,2.33473E+10,2.3379E+10,2.34106E+10,2.34422E+10,2.34736E+10,2.3505E+10,2.35362E+10,2.35674E+10,2.35985E+10,2.36294E+10,2.36603E+10,2.36911E+10,2.37219E+10,2.37525E+10,2.37831E+10,2.38136E+10,2.38441E+10,2.38745E+10,2.39048E+10,2.39351E+10,2.39654E+10,2.39956E+10,2.40258E+10,2.4056E+10,2.40862E+10,2.41163E+10,2.41465E+10,2.41766E+10,2.42068E+10,2.42369E+10,2.4267E+10,2.42971E+10,2.43273E+10,2.43574E+10,2.43875E+10,2.44176E+10,2.44477E+10,2.44778E+10,2.45078E+10,2.45378E+10,2.45678E+10,2.45978E+10,2.46277E+10,2.46576E+10,2.46874E+10,2.47172E+10,2.47469E+10,2.47766E+10,2.48062E+10,2.48357E+10,2.48651E+10,2.48945E+10,2.49238E+10,2.49529E+10,2.4982E+10,2.5011E+10,2.50399E+10,2.50687E+10,2.50974E+10,2.51259E+10,2.51544E+10,2.51828E+10,2.5211E+10,2.52392E+10,2.52672E+10,2.52951E+10,2.53229E+10,2.53506E+10,2.53782E+10,2.54057E+10,2.5433E+10,2.54603E+10,2.54875E+10,2.55145E+10,2.55415E+10,2.55683E+10,2.5595E+10,2.56217E+10,2.56482E+10,2.56746E+10,2.5701E+10,2.57272E+10,2.57534E+10,2.57794E+10,2.58054E+10,2.58312E+10,2.5857E+10,2.58827E+10,2.59083E+10,2.59338E+10,2.59592E+10,2.59846E+10,2.60099E+10,2.6035E+10,2.60602E+10,2.60852E+10,2.61101E+10,2.6135E+10,2.61598E+10,2.61845E+10,2.62091E+10,2.62337E+10,2.62582E+10,2.62826E+10,2.63069E+10,2.63312E+10,2.63554E+10,2.63795E+10,2.64035E+10,2.64275E+10,2.64514E+10,2.64752E+10,2.6499E+10,2.65226E+10,2.65462E+10,2.65698E+10,2.65932E+10,2.66166E+10,2.66399E+10,2.66631E+10,2.66863E+10,2.67094E+10,2.67324E+10,2.67554E+10
"Cost of GDP Cumulative[Delaware]",0,0,0,0,0,0,0,0,0,0,0,0,0,0,0,0,0,0,0,0,0,2.32793E-42,0.00126582,0.0168401,0.0877111,0.295226,0.770572,1.7026,3.34475,6.02229,10.1408,16.1967,24.7913,36.6507,52.65,73.8448,101.507,137.165,182.653,240.164,312.32,402.248,513.674,651.037,819.733,1027.42,1283.28,1601.95,2002.94,2504.63,3124.87,3887.08,4819.82,5953.89,7323.27,8965.68,10923.6,13246.5,15999.4,19258.2,23108.3,27646.7,32987.2,39265.2,46641.4,55306.5,65486.3,77445.6,91492.2,107989,127385,150888,179963,215257,257180,306427,364125,433237,518155,623551,757454,928425,1.1444E+06,1.41663E+06,1.75437E+06,2.16391E+06,2.64997E+06,3.2183E+06,3.88225E+06,4.65433E+06,5.54378E+06,6.57679E+06,7.78462E+06,9.19001E+06,1.0806E+07,1.2639E+07,1.46913E+07,1.69629E+07,1.94528E+07,2.21594E+07,2.50815E+07,2.82198E+07,3.15739E+07,3.51427E+07,3.89239E+07,4.29143E+07,4.71105E+07,5.15082E+07,5.61025E+07,6.08884E+07,6.58606E+07,7.10143E+07,7.63447E+07,8.18511E+07,8.75418E+07,9.34891E+07,9.97875E+07,1.0648E+08,1.13587E+08,1.21123E+08,1.2909E+08,1.3749E+08,1.46339E+08,1.55674E+08,1.65512E+08,1.75862E+08,1.8672E+08,1.98081E+08,2.09936E+08,2.22272E+08,2.35087E+08,2.48377E+08,2.62139E+08,2.76369E+08,2.91058E+08,3.06196E+08,3.21766E+08,3.37754E+08,3.54143E+08,3.70915E+08,3.88052E+08,4.05538E+08,4.23353E+08,4.41482E+08,4.59905E+08,4.78605E+08,4.97564E+08,5.16764E+08,5.36186E+08,5.55812E+08,5.75625E+08,5.95607E+08,6.15739E+08,6.36003E+08,6.56383E+08,6.7686E+08,6.97416E+08,7.18035E+08,7.38699E+08,7.59392E+08,7.801E+08,8.00806E+08,8.21495E+08,8.42155E+08,8.62772E+08,8.83333E+08,9.03828E+08,9.24246E+08,9.44578E+08,9.64815E+08,9.84956E+08,1.005E+09,1.02495E+09,1.04483E+09,1.06464E+09,1.08439E+09,1.10408E+09,1.12371E+09,1.14329E+09,1.1628E+09,1.18226E+09,1.20164E+09,1.22096E+09,1.24019E+09,1.25934E+09,1.2784E+09,1.29736E+09,1.31622E+09,1.33496E+09,1.35358E+09,1.37208E+09,1.39047E+09,1.40873E+09,1.42689E+09,1.44492E+09,1.46284E+09,1.48065E+09,1.49835E+09,1.51593E+09,1.53339E+09,1.55075E+09,1.568E+09,1.58513E+09,1.60216E+09,1.61907E+09,1.63588E+09,1.65258E+09,1.66918E+09,1.68566E+09,1.70204E+09,1.71831E+09,1.73448E+09,1.75055E+09,1.76651E+09,1.78237E+09,1.79813E+09,1.81378E+09,1.82934E+09,1.84479E+09,1.86015E+09,1.8754E+09,1.89056E+09,1.90562E+09,1.92059E+09,1.93545E+09,1.95022E+09,1.9649E+09,1.97948E+09,1.99397E+09,2.00836E+09,2.02266E+09,2.03687E+09,2.05099E+09,2.06501E+09,2.07895E+09,2.0928E+09,2.10655E+09,2.12022E+09,2.1338E+09,2.1473E+09,2.1607E+09,2.17402E+09,2.18726E+09,2.20041E+09,2.21347E+09,2.22645E+09,2.23935E+09,2.25217E+09,2.2649E+09,2.27756E+09,2.29013E+09,2.30262E+09,2.31503E+09,2.32737E+09,2.33962E+09,2.3518E+09,2.3639E+09,2.37593E+09,2.38787E+09,2.39975E+09,2.41155E+09,2.42327E+09,2.43492E+09,2.4465E+09,2.458E+09,2.46944E+09,2.4808E+09,2.49209E+09,2.50331E+09,2.51446E+09,2.52555E+09,2.53656E+09,2.54751E+09,2.55839E+09,2.5692E+09,2.57995E+09,2.59063E+09,2.60124E+09,2.61179E+09,2.62228E+09,2.6327E+09,2.64306E+09,2.65336E+09,2.66359E+09,2.67376E+09,2.68387E+09,2.69392E+09,2.70391E+09,2.71383E+09,2.7237E+09,2.73351E+09,2.74326E+09,2.75295E+09,2.76259E+09,2.77216E+09,2.78168E+09,2.79115E+09,2.80055E+09,2.8099E+09,2.8192E+09,2.82844E+09,2.83762E+09,2.84675E+09,2.85583E+09,2.86485E+09,2.87382E+09,2.88274E+09,2.8916E+09,2.90041E+09,2.90917E+09,2.91787E+09,2.92653E+09,2.93513E+09,2.94368E+09,2.95218E+09,2.96063E+09,2.96903E+09,2.97738E+09,2.98568E+09,2.99393E+09,3.00213E+09,3.01029E+09,3.01839E+09,3.02645E+09,3.03446E+09,3.04242E+09,3.05034E+09,3.05821E+09,3.06603E+09,3.07381E+09,3.08154E+09,3.08922E+09,3.09686E+09,3.10445E+09,3.112E+09,3.11951E+09,3.12697E+09,3.13439E+09,3.14176E+09,3.14909E+09,3.15638E+09,3.16362E+09,3.17083E+09,3.17799E+09,3.18511E+09,3.19219E+09,3.19923E+09,3.20623E+09,3.21319E+09,3.22011E+09,3.227E+09,3.23384E+09,3.24065E+09,3.24742E+09,3.25415E+09,3.26085E+09,3.26751E+09,3.27414E+09,3.28073E+09,3.28729E+09,3.29381E+09,3.3003E+09,3.30676E+09,3.31319E+09,3.31958E+09,3.32595E+09,3.33228E+09,3.33859E+09,3.34486E+09,3.35111E+09,3.35734E+09,3.36353E+09,3.36971E+09,3.37586E+09,3.38201E+09,3.38817E+09,3.39435E+09,3.40057E+09,3.40683E+09,3.41315E+09,3.41955E+09,3.42602E+09,3.4326E+09,3.43929E+09,3.4461E+09,3.45306E+09,3.46017E+09,3.46743E+09,3.47484E+09,3.48239E+09,3.4901E+09,3.49796E+09,3.50598E+09,3.51415E+09,3.52247E+09,3.53095E+09,3.53958E+09,3.54837E+09,3.5573E+09,3.56638E+09,3.5756E+09,3.58494E+09,3.59441E+09,3.60399E+09,3.61369E+09,3.62348E+09,3.63337E+09,3.64334E+09,3.65339E+09,3.66353E+09,3.67374E+09,3.68403E+09,3.6944E+09,3.70486E+09,3.71539E+09,3.72601E+09,3.73669E+09,3.74744E+09,3.75826E+09,3.76913E+09,3.78006E+09,3.79104E+09,3.80209E+09,3.81318E+09,3.82432E+09,3.83551E+09,3.84673E+09,3.85799E+09,3.86929E+09,3.88062E+09,3.892E+09,3.90341E+09,3.91486E+09,3.92634E+09,3.93786E+09,3.9494E+09,3.96097E+09,3.97257E+09,3.98417E+09,3.99579E+09,4.00742E+09,4.01906E+09,4.0307E+09,4.04232E+09,4.05393E+09,4.0655E+09,4.07705E+09,4.08855E+09,4.1E+09,4.1114E+09,4.12274E+09,4.13403E+09,4.14527E+09,4.15644E+09,4.16757E+09,4.17863E+09,4.18965E+09,4.2006E+09,4.2115E+09,4.22235E+09,4.23314E+09,4.24388E+09,4.25457E+09,4.26519E+09,4.27577E+09,4.28629E+09,4.29675E+09,4.30716E+09,4.31752E+09,4.32782E+09,4.33807E+09,4.34826E+09,4.35841E+09,4.36849E+09,4.37853E+09,4.38851E+09,4.39844E+09,4.40831E+09,4.41813E+09,4.4279E+09,4.43762E+09,4.44728E+09,4.4569E+09,4.46645E+09,4.47596E+09,4.48542E+09,4.49482E+09,4.50418E+09,4.51348E+09,4.52273E+09,4.53193E+09,4.54108E+09,4.55018E+09,4.55922E+09,4.56822E+09,4.57717E+09,4.58607E+09,4.59492E+09,4.60372E+09,4.61247E+09,4.62117E+09,4.62983E+09,4.63843E+09,4.64699E+09,4.6555E+09,4.66397E+09,4.67239E+09,4.68076E+09,4.68908E+09,4.69736E+09,4.70559E+09,4.71378E+09,4.72193E+09,4.73002E+09,4.73808E+09,4.74609E+09,4.75406E+09,4.76198E+09,4.76986E+09,4.7777E+09,4.7855E+09,4.79326E+09,4.80097E+09,4.80865E+09,4.81628E+09,4.82387E+09,4.83143E+09,4.83894E+09,4.84642E+09,4.85386E+09,4.86126E+09,4.86862E+09,4.87595E+09,4.88324E+09,4.89049E+09,4.89771E+09,4.90489E+09,4.91203E+09,4.91915E+09,4.92622E+09,4.93326E+09,4.94027E+09,4.94725E+09,4.95419E+09,4.9611E+09,4.96797E+09,4.97481E+09,4.98163E+09,4.9884E+09,4.99515E+09,5.00187E+09,5.00855E+09,5.01521E+09,5.02183E+09,5.02842E+09,5.03498E+09,5.04152E+09,5.04802E+09,5.05449E+09,5.06093E+09,5.06734E+09,5.07372E+09,5.08008E+09,5.0864E+09,5.09269E+09,5.09896E+09,5.10519E+09,5.1114E+09,5.11757E+09,5.12372E+09,5.12984E+09,5.13592E+09,5.14198E+09,5.14801E+09,5.15401E+09,5.15998E+09,5.16592E+09,5.17183E+09,5.17771E+09,5.18357E+09,5.18939E+09,5.19519E+09,5.20096E+09,5.2067E+09,5.21241E+09,5.21809E+09,5.22374E+09,5.22937E+09,5.23496E+09,5.24053E+09,5.24607E+09,5.2516E+09,5.2571E+09,5.2626E+09,5.26808E+09,5.27355E+09,5.27904E+09,5.28453E+09,5.29004E+09,5.29557E+09,5.30114E+09,5.30673E+09,5.31238E+09,5.31806E+09,5.32379E+09,5.32956E+09,5.33537E+09,5.34121E+09,5.34708E+09,5.35298E+09,5.3589E+09,5.36483E+09,5.37079E+09,5.37677E+09,5.38277E+09,5.38878E+09,5.3948E+09,5.40084E+09,5.40689E+09,5.41296E+09,5.41904E+09,5.42513E+09,5.43124E+09,5.43737E+09,5.44352E+09,5.4497E+09,5.45593E+09,5.46223E+09,5.46862E+09,5.47511E+09,5.48171E+09,5.48843E+09,5.49529E+09,5.50229E+09,5.50947E+09,5.51683E+09,5.5244E+09,5.53219E+09,5.5402E+09,5.54845E+09,5.55696E+09,5.56572E+09,5.57475E+09,5.58406E+09,5.59365E+09,5.60354E+09,5.61373E+09,5.62422E+09,5.635E+09,5.6461E+09,5.6575E+09,5.66921E+09,5.68124E+09,5.69358E+09,5.70622E+09,5.71916E+09,5.7324E+09,5.74592E+09,5.75972E+09,5.77378E+09,5.78808E+09,5.80262E+09,5.81739E+09,5.83236E+09,5.84753E+09,5.86289E+09,5.87843E+09,5.89412E+09,5.90998E+09,5.92597E+09,5.9421E+09,5.95835E+09,5.97472E+09,5.9912E+09,6.00778E+09,6.02446E+09,6.04122E+09,6.05807E+09,6.07499E+09,6.09198E+09,6.10903E+09,6.12615E+09,6.14333E+09,6.16056E+09,6.17785E+09,6.19518E+09,6.21257E+09,6.23E+09,6.24749E+09,6.26502E+09,6.28259E+09,6.30021E+09,6.31786E+09,6.33555E+09,6.35327E+09,6.371E+09,6.38875E+09,6.40651E+09,6.42427E+09,6.44203E+09,6.45978E+09,6.4775E+09,6.49519E+09,6.51285E+09,6.53046E+09,6.54802E+09,6.56552E+09,6.58297E+09,6.60035E+09,6.61767E+09,6.63492E+09,6.65212E+09,6.66925E+09,6.68631E+09,6.70331E+09,6.72025E+09,6.73712E+09,6.75392E+09,6.77066E+09,6.78734E+09,6.80397E+09,6.82057E+09,6.83715E+09,6.85371E+09,6.87026E+09,6.8868E+09,6.90332E+09,6.91984E+09,6.93634E+09,6.95285E+09,6.96935E+09,6.98587E+09,7.00241E+09,7.01897E+09,7.03555E+09,7.05216E+09,7.06879E+09,7.08545E+09,7.10213E+09,7.11884E+09,7.13557E+09,7.15232E+09,7.1691E+09,7.18591E+09,7.20276E+09,7.21963E+09,7.23655E+09,7.2535E+09,7.27048E+09,7.2875E+09,7.30454E+09,7.3216E+09,7.33868E+09,7.35577E+09,7.37286E+09,7.38995E+09,7.40703E+09,7.4241E+09,7.44116E+09,7.45819E+09,7.47521E+09,7.4922E+09,7.50917E+09,7.52611E+09,7.54302E+09,7.55991E+09,7.57677E+09,7.5936E+09,7.6104E+09,7.62718E+09,7.64394E+09,7.66068E+09,7.67741E+09,7.69412E+09,7.71081E+09,7.72748E+09,7.74413E+09,7.76077E+09,7.77741E+09,7.79405E+09,7.8107E+09,7.82737E+09,7.84406E+09,7.86076E+09,7.87748E+09,7.89421E+09,7.91095E+09,7.92771E+09,7.94448E+09,7.96126E+09,7.97805E+09,7.99484E+09,8.01164E+09,8.02844E+09,8.04525E+09,8.06206E+09,8.07888E+09,8.09571E+09,8.11254E+09,8.12937E+09,8.14621E+09,8.16305E+09,8.17989E+09,8.19673E+09,8.21357E+09,8.2304E+09,8.24724E+09,8.26407E+09,8.28091E+09,8.29773E+09,8.31455E+09,8.33137E+09,8.34818E+09,8.36499E+09,8.3818E+09,8.39861E+09,8.41542E+09,8.43225E+09,8.44908E+09,8.46593E+09,8.48278E+09,8.49963E+09,8.51648E+09,8.53332E+09,8.55015E+09,8.56696E+09,8.58375E+09,8.60052E+09,8.61725E+09,8.63395E+09,8.65061E+09,8.66723E+09,8.6838E+09,8.70033E+09,8.7168E+09,8.73322E+09,8.74959E+09,8.76591E+09,8.78216E+09,8.79835E+09,8.81448E+09,8.83055E+09,8.84655E+09,8.86248E+09,8.87835E+09,8.89415E+09,8.90988E+09,8.92555E+09,8.94114E+09,8.95667E+09,8.97213E+09,8.98752E+09,9.00284E+09,9.01809E+09,9.03327E+09,9.04839E+09,9.06343E+09,9.07841E+09,9.09332E+09,9.10815E+09,9.12292E+09,9.13762E+09,9.15226E+09,9.16682E+09,9.18132E+09,9.19574E+09,9.2101E+09,9.22439E+09,9.23862E+09,9.25277E+09,9.26686E+09,9.28087E+09,9.29482E+09,9.3087E+09,9.32252E+09,9.33626E+09,9.34994E+09,9.36355E+09,9.3771E+09,9.39057E+09,9.40398E+09,9.41733E+09,9.4306E+09,9.44381E+09,9.45696E+09,9.47004E+09,9.48305E+09,9.496E+09,9.50888E+09,9.5217E+09,9.53446E+09,9.54715E+09,9.55977E+09,9.57233E+09,9.58483E+09,9.59726E+09,9.60962E+09,9.62193E+09,9.63417E+09,9.64635E+09,9.65846E+09,9.67052E+09,9.68252E+09,9.69446E+09,9.70635E+09,9.71819E+09,9.72998E+09,9.74174E+09,9.75345E+09,9.76513E+09,9.77678E+09,9.7884E+09,9.8E+09,9.81158E+09,9.82314E+09,9.83469E+09,9.84622E+09,9.85773E+09,9.86923E+09,9.88072E+09,9.89219E+09,9.90364E+09,9.91509E+09,9.92653E+09,9.93798E+09,9.94943E+09,9.96089E+09,9.97238E+09,9.98389E+09,9.99542E+09,1.0007E+10,1.00186E+10,1.00302E+10,1.00419E+10,1.00537E+10,1.00655E+10,1.00773E+10,1.00891E+10,1.01011E+10,1.0113E+10,1.0125E+10,1.0137E+10,1.0149E+10,1.0161E+10,1.01731E+10,1.01851E+10,1.01972E+10,1.02092E+10,1.02212E+10,1.02332E+10,1.02451E+10,1.0257E+10,1.02689E+10,1.02807E+10,1.02925E+10,1.03042E+10,1.03159E+10,1.03275E+10,1.03391E+10,1.03507E+10,1.03622E+10,1.03737E+10,1.03851E+10,1.03966E+10,1.0408E+10,1.04193E+10,1.04307E+10,1.0442E+10,1.04533E+10,1.04645E+10,1.04758E+10,1.0487E+10,1.04982E+10,1.05094E+10,1.05206E+10,1.05318E+10,1.05429E+10,1.05541E+10,1.05653E+10,1.05764E+10,1.05876E+10,1.05987E+10,1.06099E+10,1.0621E+10,1.06322E+10,1.06433E+10,1.06544E+10,1.06655E+10,1.06767E+10,1.06878E+10,1.06989E+10,1.07099E+10,1.0721E+10,1.07321E+10,1.07431E+10,1.07541E+10,1.07651E+10,1.07761E+10,1.0787E+10,1.0798E+10,1.08089E+10,1.08197E+10,1.08306E+10,1.08414E+10,1.08522E+10,1.08629E+10,1.08736E+10,1.08843E+10,1.08949E+10,1.09055E+10,1.09161E+10,1.09266E+10,1.0937E+10,1.09475E+10,1.09579E+10,1.09682E+10,1.09785E+10,1.09888E+10,1.0999E+10,1.10091E+10,1.10193E+10,1.10293E+10,1.10394E+10,1.10494E+10,1.10593E+10,1.10692E+10,1.10791E+10,1.10889E+10,1.10986E+10,1.11084E+10,1.11181E+10,1.11277E+10,1.11373E+10,1.11469E+10,1.11564E+10,1.11659E+10,1.11753E+10,1.11847E+10,1.11941E+10,1.12034E+10,1.12127E+10,1.1222E+10,1.12312E+10,1.12404E+10,1.12496E+10,1.12587E+10,1.12678E+10,1.12769E+10,1.12859E+10,1.12949E+10,1.13039E+10,1.13129E+10,1.13218E+10,1.13307E+10,1.13396E+10,1.13485E+10,1.13573E+10,1.13661E+10,1.13749E+10,1.13837E+10,1.13924E+10,1.14012E+10,1.14099E+10,1.14186E+10,1.14272E+10,1.14359E+10,1.14445E+10,1.14531E+10,1.14616E+10,1.14702E+10,1.14787E+10
"Cost of GDP Cumulative[Florida]",0,0,0,0,0,0,0,0,0,0,0,0,0,0,0,0,0,0,0,0,0,3.51788E-41,8.18083E-41,1.39756E-40,2.66576E-40,7.08825E-40,1.29087E-39,1.89979E-39,9.1509E-06,0.00107342,0.0102269,0.0459928,0.14191,0.348762,0.736103,1.39359,2.43271,3.98987,6.23592,9.40772,13.8854,20.3268,29.8287,44.0687,66.2553,109.636,191.338,359.321,687.665,1231.56,2030.03,3148.48,4671.89,6681.13,9254.28,12466.2,16389.2,21102.8,26746.5,33483.1,41471.9,50878.4,61893.2,74745,89704.3,107086,127252,150608,177593,208732,244763,291469,355964,440902,548746,683190,849176,1.06066E+06,1.33917E+06,1.70662E+06,2.20549E+06,2.88089E+06,3.77371E+06,4.94568E+06,6.44583E+06,8.30522E+06,1.05459E+07,1.31971E+07,1.63365E+07,2.0038E+07,2.43549E+07,2.94506E+07,3.5523E+07,4.2717E+07,5.1116E+07,6.07598E+07,7.16635E+07,8.38258E+07,9.72397E+07,1.11896E+08,1.27787E+08,1.44918E+08,1.63291E+08,1.82899E+08,2.0373E+08,2.25767E+08,2.4899E+08,2.73376E+08,2.98896E+08,3.25521E+08,3.53222E+08,3.81974E+08,4.11752E+08,4.42558E+08,4.74454E+08,5.07933E+08,5.43639E+08,5.81874E+08,6.228E+08,6.66511E+08,7.13056E+08,7.62467E+08,8.15741E+08,8.75013E+08,9.41898E+08,1.01749E+09,1.1025E+09,1.19735E+09,1.30227E+09,1.41735E+09,1.54265E+09,1.67822E+09,1.824E+09,1.9799E+09,2.14578E+09,2.32139E+09,2.50646E+09,2.70067E+09,2.9037E+09,3.1152E+09,3.33481E+09,3.56219E+09,3.79698E+09,4.03882E+09,4.28736E+09,4.54225E+09,4.80313E+09,5.06958E+09,5.34115E+09,5.61737E+09,5.89777E+09,6.18186E+09,6.46913E+09,6.75908E+09,7.05115E+09,7.34478E+09,7.63944E+09,7.93458E+09,8.22968E+09,8.52424E+09,8.81776E+09,9.10979E+09,9.39998E+09,9.68833E+09,9.97483E+09,1.02595E+10,1.05424E+10,1.08234E+10,1.11027E+10,1.13803E+10,1.16561E+10,1.19302E+10,1.22025E+10,1.24732E+10,1.27424E+10,1.30109E+10,1.32791E+10,1.35474E+10,1.38162E+10,1.40855E+10,1.43556E+10,1.46264E+10,1.48979E+10,1.51702E+10,1.54431E+10,1.57166E+10,1.59906E+10,1.62649E+10,1.65394E+10,1.6814E+10,1.70885E+10,1.73629E+10,1.76368E+10,1.79103E+10,1.8183E+10,1.84546E+10,1.87248E+10,1.89933E+10,1.92602E+10,1.95254E+10,1.9789E+10,2.00509E+10,2.03112E+10,2.05698E+10,2.08269E+10,2.10822E+10,2.1336E+10,2.15882E+10,2.18388E+10,2.20878E+10,2.23352E+10,2.25811E+10,2.28254E+10,2.30681E+10,2.33094E+10,2.35491E+10,2.37874E+10,2.40241E+10,2.42594E+10,2.44932E+10,2.47255E+10,2.49565E+10,2.5186E+10,2.54141E+10,2.56408E+10,2.58661E+10,2.60901E+10,2.63127E+10,2.6534E+10,2.6754E+10,2.69727E+10,2.719E+10,2.74061E+10,2.7621E+10,2.78346E+10,2.80469E+10,2.82581E+10,2.8468E+10,2.86767E+10,2.88842E+10,2.90906E+10,2.92958E+10,2.94998E+10,2.97027E+10,2.99045E+10,3.01052E+10,3.03047E+10,3.05032E+10,3.07006E+10,3.08969E+10,3.10921E+10,3.12863E+10,3.14794E+10,3.16715E+10,3.18625E+10,3.20526E+10,3.22416E+10,3.24297E+10,3.26167E+10,3.28027E+10,3.29878E+10,3.31719E+10,3.3355E+10,3.35371E+10,3.37183E+10,3.38985E+10,3.40777E+10,3.4256E+10,3.44332E+10,3.46096E+10,3.47849E+10,3.49593E+10,3.51327E+10,3.53052E+10,3.54767E+10,3.56472E+10,3.58168E+10,3.59854E+10,3.6153E+10,3.63197E+10,3.64854E+10,3.66501E+10,3.68139E+10,3.69768E+10,3.71387E+10,3.72997E+10,3.74597E+10,3.76188E+10,3.77769E+10,3.79342E+10,3.80905E+10,3.82459E+10,3.84004E+10,3.8554E+10,3.87067E+10,3.88585E+10,3.90094E+10,3.91594E+10,3.93086E+10,3.94569E+10,3.96043E+10,3.97509E+10,3.98966E+10,4.00415E+10,4.01855E+10,4.03288E+10,4.04711E+10,4.06127E+10,4.07534E+10,4.08933E+10,4.10324E+10,4.11707E+10,4.13083E+10,4.1445E+10,4.15809E+10,4.17161E+10,4.18505E+10,4.19841E+10,4.2117E+10,4.22491E+10,4.23804E+10,4.2511E+10,4.26409E+10,4.277E+10,4.28984E+10,4.30261E+10,4.3153E+10,4.32793E+10,4.34048E+10,4.35296E+10,4.36537E+10,4.37771E+10,4.38999E+10,4.40219E+10,4.41433E+10,4.4264E+10,4.43841E+10,4.45034E+10,4.46222E+10,4.47402E+10,4.48576E+10,4.49744E+10,4.50906E+10,4.52061E+10,4.5321E+10,4.54352E+10,4.55489E+10,4.56619E+10,4.57744E+10,4.58862E+10,4.59975E+10,4.61081E+10,4.62182E+10,4.63278E+10,4.64367E+10,4.65451E+10,4.66529E+10,4.67602E+10,4.68669E+10,4.69731E+10,4.70787E+10,4.71838E+10,4.72883E+10,4.73924E+10,4.74959E+10,4.75989E+10,4.77014E+10,4.78034E+10,4.79049E+10,4.80059E+10,4.81065E+10,4.82066E+10,4.83062E+10,4.84054E+10,4.85041E+10,4.86024E+10,4.87003E+10,4.87978E+10,4.88949E+10,4.89916E+10,4.9088E+10,4.91839E+10,4.92795E+10,4.93748E+10,4.94699E+10,4.95654E+10,4.96618E+10,4.97593E+10,4.9858E+10,4.99579E+10,5.00594E+10,5.01625E+10,5.02676E+10,5.03749E+10,5.04845E+10,5.05966E+10,5.07112E+10,5.08283E+10,5.09477E+10,5.10694E+10,5.1193E+10,5.13183E+10,5.14449E+10,5.15727E+10,5.17011E+10,5.18301E+10,5.19593E+10,5.20886E+10,5.22177E+10,5.23467E+10,5.24753E+10,5.26037E+10,5.27318E+10,5.28596E+10,5.29872E+10,5.31145E+10,5.32415E+10,5.33682E+10,5.34945E+10,5.36206E+10,5.37465E+10,5.38723E+10,5.39982E+10,5.41241E+10,5.42498E+10,5.43755E+10,5.45012E+10,5.46272E+10,5.47538E+10,5.48814E+10,5.50101E+10,5.51405E+10,5.52725E+10,5.54066E+10,5.55426E+10,5.56808E+10,5.58212E+10,5.59635E+10,5.61078E+10,5.62538E+10,5.64012E+10,5.65497E+10,5.6699E+10,5.68487E+10,5.69985E+10,5.71481E+10,5.72971E+10,5.74455E+10,5.75931E+10,5.77401E+10,5.78863E+10,5.80318E+10,5.81766E+10,5.83208E+10,5.84642E+10,5.86069E+10,5.87489E+10,5.88902E+10,5.90309E+10,5.91709E+10,5.93101E+10,5.94488E+10,5.95867E+10,5.9724E+10,5.98606E+10,5.99966E+10,6.0132E+10,6.02667E+10,6.04007E+10,6.05342E+10,6.0667E+10,6.07992E+10,6.09308E+10,6.10618E+10,6.11922E+10,6.1322E+10,6.14512E+10,6.15799E+10,6.1708E+10,6.18355E+10,6.19625E+10,6.20889E+10,6.22148E+10,6.23401E+10,6.24649E+10,6.25893E+10,6.2713E+10,6.28363E+10,6.29591E+10,6.30815E+10,6.32036E+10,6.33254E+10,6.34472E+10,6.35689E+10,6.36907E+10,6.38124E+10,6.39341E+10,6.40556E+10,6.41768E+10,6.42976E+10,6.44179E+10,6.45377E+10,6.4657E+10,6.47758E+10,6.48941E+10,6.5012E+10,6.51293E+10,6.52461E+10,6.53625E+10,6.54784E+10,6.55938E+10,6.57088E+10,6.58233E+10,6.59373E+10,6.60509E+10,6.61641E+10,6.62768E+10,6.63891E+10,6.65011E+10,6.66126E+10,6.67238E+10,6.68345E+10,6.6945E+10,6.7055E+10,6.71647E+10,6.72741E+10,6.73832E+10,6.74919E+10,6.76003E+10,6.77084E+10,6.78162E+10,6.79236E+10,6.80307E+10,6.81375E+10,6.8244E+10,6.83502E+10,6.8456E+10,6.85615E+10,6.86666E+10,6.87714E+10,6.88759E+10,6.898E+10,6.90837E+10,6.91871E+10,6.92902E+10,6.93928E+10,6.94951E+10,6.95971E+10,6.96986E+10,6.97998E+10,6.99006E+10,7.0001E+10,7.01011E+10,7.02008E+10,7.03001E+10,7.0399E+10,7.04976E+10,7.05958E+10,7.06937E+10,7.07912E+10,7.08883E+10,7.09851E+10,7.10815E+10,7.11776E+10,7.12734E+10,7.13688E+10,7.14638E+10,7.15585E+10,7.16529E+10,7.17469E+10,7.18406E+10,7.19339E+10,7.20269E+10,7.21196E+10,7.22119E+10,7.23039E+10,7.23956E+10,7.24869E+10,7.2578E+10,7.26687E+10,7.2759E+10,7.28491E+10,7.29389E+10,7.30284E+10,7.31175E+10,7.32064E+10,7.32951E+10,7.33835E+10,7.3472E+10,7.35609E+10,7.36504E+10,7.37405E+10,7.38315E+10,7.39234E+10,7.40163E+10,7.41106E+10,7.4207E+10,7.43057E+10,7.4407E+10,7.45112E+10,7.46183E+10,7.47284E+10,7.48417E+10,7.49581E+10,7.50775E+10,7.51999E+10,7.53252E+10,7.54533E+10,7.5584E+10,7.57173E+10,7.5853E+10,7.59909E+10,7.6131E+10,7.62732E+10,7.64173E+10,7.65633E+10,7.67109E+10,7.686E+10,7.70105E+10,7.71621E+10,7.73147E+10,7.7468E+10,7.76218E+10,7.77759E+10,7.79302E+10,7.80846E+10,7.82392E+10,7.83941E+10,7.85493E+10,7.8705E+10,7.88611E+10,7.90177E+10,7.91749E+10,7.93332E+10,7.9493E+10,7.96547E+10,7.98187E+10,7.99854E+10,8.01553E+10,8.03286E+10,8.05059E+10,8.06874E+10,8.08733E+10,8.10637E+10,8.12587E+10,8.14585E+10,8.16631E+10,8.18724E+10,8.20864E+10,8.23051E+10,8.25285E+10,8.27564E+10,8.29889E+10,8.32257E+10,8.34666E+10,8.37115E+10,8.396E+10,8.42119E+10,8.44668E+10,8.47245E+10,8.49844E+10,8.52462E+10,8.55094E+10,8.57737E+10,8.60387E+10,8.63041E+10,8.65697E+10,8.68351E+10,8.71002E+10,8.73647E+10,8.76284E+10,8.78912E+10,8.8153E+10,8.84136E+10,8.8673E+10,8.89311E+10,8.9188E+10,8.94436E+10,8.96979E+10,8.99511E+10,9.0203E+10,9.04538E+10,9.07033E+10,9.09518E+10,9.11991E+10,9.14458E+10,9.16921E+10,9.19386E+10,9.21856E+10,9.24333E+10,9.26821E+10,9.2932E+10,9.31832E+10,9.34358E+10,9.36897E+10,9.39449E+10,9.42012E+10,9.44586E+10,9.4717E+10,9.49761E+10,9.52358E+10,9.5496E+10,9.57563E+10,9.60165E+10,9.62764E+10,9.65356E+10,9.67938E+10,9.70509E+10,9.73067E+10,9.75613E+10,9.78145E+10,9.80665E+10,9.83173E+10,9.85667E+10,9.8815E+10,9.9062E+10,9.93078E+10,9.95523E+10,9.97956E+10,1.00038E+11,1.00279E+11,1.00519E+11,1.00757E+11,1.00995E+11,1.01231E+11,1.01466E+11,1.017E+11,1.01933E+11,1.02165E+11,1.02397E+11,1.02628E+11,1.02859E+11,1.03091E+11,1.03324E+11,1.03559E+11,1.03795E+11,1.04033E+11,1.04273E+11,1.04514E+11,1.04757E+11,1.05002E+11,1.05249E+11,1.05497E+11,1.05747E+11,1.05999E+11,1.06252E+11,1.06508E+11,1.06764E+11,1.07023E+11,1.07283E+11,1.07544E+11,1.07805E+11,1.08068E+11,1.0833E+11,1.08592E+11,1.08854E+11,1.09115E+11,1.09375E+11,1.09634E+11,1.09892E+11,1.10149E+11,1.10404E+11,1.10658E+11,1.10911E+11,1.11163E+11,1.11414E+11,1.11663E+11,1.11912E+11,1.12159E+11,1.12406E+11,1.12651E+11,1.12896E+11,1.1314E+11,1.13383E+11,1.13625E+11,1.13867E+11,1.14107E+11,1.14348E+11,1.14588E+11,1.1483E+11,1.15072E+11,1.15317E+11,1.15563E+11,1.15812E+11,1.16062E+11,1.16315E+11,1.16571E+11,1.16829E+11,1.17089E+11,1.17351E+11,1.17616E+11,1.17882E+11,1.18151E+11,1.18422E+11,1.18695E+11,1.18969E+11,1.19246E+11,1.19524E+11,1.19803E+11,1.20084E+11,1.20366E+11,1.2065E+11,1.20935E+11,1.21221E+11,1.21508E+11,1.21796E+11,1.22085E+11,1.22374E+11,1.22664E+11,1.22955E+11,1.23247E+11,1.23538E+11,1.23831E+11,1.24124E+11,1.24417E+11,1.2471E+11,1.25004E+11,1.25297E+11,1.25591E+11,1.25884E+11,1.26177E+11,1.26468E+11,1.26759E+11,1.27049E+11,1.27337E+11,1.27624E+11,1.2791E+11,1.28195E+11,1.28478E+11,1.2876E+11,1.29041E+11,1.29321E+11,1.29599E+11,1.29876E+11,1.30152E+11,1.30426E+11,1.307E+11,1.30972E+11,1.31243E+11,1.31512E+11,1.31781E+11,1.32048E+11,1.32315E+11,1.3258E+11,1.32844E+11,1.33107E+11,1.33369E+11,1.3363E+11,1.33889E+11,1.34148E+11,1.34406E+11,1.34662E+11,1.34918E+11,1.35173E+11,1.35427E+11,1.35679E+11,1.35931E+11,1.36182E+11,1.36432E+11,1.36681E+11,1.3693E+11,1.37177E+11,1.37423E+11,1.37669E+11,1.37914E+11,1.38157E+11,1.38401E+11,1.38643E+11,1.38885E+11,1.39126E+11,1.39366E+11,1.39606E+11,1.39845E+11,1.40083E+11,1.4032E+11,1.40556E+11,1.40791E+11,1.41026E+11,1.41259E+11,1.41492E+11,1.41724E+11,1.41955E+11,1.42184E+11,1.42414E+11,1.42642E+11,1.42869E+11,1.43095E+11,1.43321E+11,1.43546E+11,1.4377E+11,1.43993E+11,1.44215E+11,1.44437E+11,1.44657E+11,1.44877E+11,1.45097E+11,1.45315E+11,1.45533E+11,1.4575E+11,1.45966E+11,1.46182E+11,1.46397E+11,1.46611E+11,1.46825E+11,1.47038E+11,1.47251E+11,1.47464E+11,1.47676E+11,1.47889E+11,1.48102E+11,1.48315E+11,1.48529E+11,1.48742E+11,1.48955E+11,1.49168E+11,1.4938E+11,1.49592E+11,1.49804E+11,1.50015E+11,1.50225E+11,1.50435E+11,1.50645E+11,1.50853E+11,1.51061E+11,1.51269E+11,1.51476E+11,1.51683E+11,1.5189E+11,1.52096E+11,1.52302E+11,1.52508E+11,1.52714E+11,1.5292E+11,1.53126E+11,1.53332E+11,1.53538E+11,1.53744E+11,1.5395E+11,1.54156E+11,1.54362E+11,1.54567E+11,1.54773E+11,1.54978E+11,1.55183E+11,1.55388E+11,1.55592E+11,1.55796E+11,1.55999E+11,1.56202E+11,1.56403E+11,1.56605E+11,1.56805E+11,1.57005E+11,1.57204E+11,1.57402E+11,1.576E+11,1.57797E+11,1.57994E+11,1.5819E+11,1.58386E+11,1.58581E+11,1.58775E+11,1.58969E+11,1.59162E+11,1.59355E+11,1.59547E+11,1.59739E+11,1.5993E+11,1.60121E+11,1.60312E+11,1.60502E+11,1.60691E+11,1.60881E+11,1.61069E+11,1.61258E+11,1.61446E+11,1.61633E+11,1.6182E+11,1.62007E+11,1.62194E+11,1.6238E+11,1.62565E+11,1.62751E+11,1.62936E+11,1.6312E+11,1.63305E+11,1.63489E+11,1.63672E+11,1.63855E+11,1.64038E+11,1.64221E+11,1.64403E+11,1.64584E+11,1.64766E+11,1.64946E+11,1.65127E+11,1.65307E+11,1.65487E+11,1.65666E+11,1.65845E+11,1.66023E+11,1.66201E+11,1.66378E+11,1.66555E+11,1.66732E+11,1.66908E+11,1.67083E+11,1.67258E+11,1.67433E+11,1.67607E+11,1.67781E+11,1.67954E+11,1.68126E+11,1.68298E+11,1.6847E+11,1.68641E+11,1.68811E+11,1.68981E+11,1.69151E+11,1.6932E+11,1.69488E+11,1.69656E+11,1.69824E+11,1.69991E+11,1.70157E+11,1.70323E+11,1.70488E+11,1.70653E+11,1.70817E+11,1.70981E+11,1.71144E+11,1.71307E+11,1.71469E+11,1.7163E+11,1.71792E+11,1.71952E+11,1.72112E+11,1.72272E+11,1.72431E+11,1.7259E+11,1.72748E+11,1.72905E+11,1.73062E+11,1.73219E+11,1.73375E+11,1.73531E+11,1.73686E+11,1.73841E+11,1.73995E+11,1.74149E+11,1.74302E+11,1.74455E+11,1.74608E+11,1.7476E+11,1.74911E+11,1.75062E+11,1.75213E+11,1.75363E+11,1.75513E+11,1.75663E+11,1.75812E+11,1.75961E+11,1.76109E+11,1.76257E+11,1.76405E+11,1.76552E+11,1.76699E+11,1.76846E+11,1.76992E+11,1.77138E+11,1.77284E+11
"Cost of GDP Cumulative[Georgia]",0,0,0,0,0,0,0,0,0,0,0,0,0,0,0,0,0,0,0,0,0,2.02418E-41,4.70724E-41,8.04154E-41,2.91102E-40,1.13507E-39,2.30625E-39,0.000783071,0.0164139,0.10197,0.378959,1.05787,2.4615,5.05206,9.4649,16.5536,27.4533,43.6669,67.1812,100.627,147.511,212.521,301.901,423.873,589.816,821.652,1147.59,1624.65,2335.89,3355.64,4753.32,6629.42,9112.29,12342,16475.5,21691.5,28198.7,36252.8,46211.4,58518.6,73698.3,92379.8,115338,143535,178168,220730,273079,337534,416974,515009,636235,790281,989011,1.24206E+06,1.56048E+06,1.95807E+06,2.45164E+06,3.06737E+06,3.83972E+06,4.82002E+06,6.21055E+06,8.26029E+06,1.11666E+07,1.51262E+07,2.02837E+07,2.673E+07,3.45253E+07,4.37309E+07,5.44855E+07,6.69098E+07,8.10822E+07,9.72507E+07,1.15704E+08,1.36634E+08,1.60136E+08,1.86237E+08,2.14927E+08,2.4617E+08,2.79924E+08,3.16142E+08,3.54781E+08,3.95816E+08,4.39215E+08,4.84938E+08,5.32937E+08,5.83156E+08,6.3554E+08,6.90023E+08,7.46542E+08,8.05026E+08,8.65408E+08,9.27625E+08,9.91616E+08,1.05736E+09,1.1249E+09,1.19486E+09,1.26802E+09,1.34471E+09,1.42509E+09,1.50923E+09,1.59716E+09,1.68886E+09,1.78444E+09,1.88417E+09,1.98816E+09,2.09645E+09,2.20901E+09,2.32576E+09,2.44662E+09,2.57146E+09,2.70025E+09,2.83294E+09,2.9695E+09,3.10986E+09,3.25396E+09,3.40169E+09,3.5529E+09,3.70748E+09,3.86528E+09,4.02614E+09,4.18991E+09,4.35645E+09,4.5256E+09,4.69722E+09,4.87115E+09,5.04726E+09,5.22537E+09,5.40536E+09,5.58706E+09,5.77033E+09,5.95502E+09,6.141E+09,6.3281E+09,6.5162E+09,6.70514E+09,6.89478E+09,7.08498E+09,7.27561E+09,7.46652E+09,7.65758E+09,7.84868E+09,8.03968E+09,8.23047E+09,8.42094E+09,8.61098E+09,8.80048E+09,8.98937E+09,9.17755E+09,9.36495E+09,9.5515E+09,9.73718E+09,9.922E+09,1.0106E+10,1.02893E+10,1.04719E+10,1.06539E+10,1.08354E+10,1.10162E+10,1.11965E+10,1.13761E+10,1.15549E+10,1.1733E+10,1.19101E+10,1.20864E+10,1.22615E+10,1.24355E+10,1.26085E+10,1.27803E+10,1.2951E+10,1.31206E+10,1.32891E+10,1.34566E+10,1.36229E+10,1.37883E+10,1.39525E+10,1.41157E+10,1.42779E+10,1.4439E+10,1.45991E+10,1.47582E+10,1.49163E+10,1.50733E+10,1.52294E+10,1.53844E+10,1.55385E+10,1.56916E+10,1.58437E+10,1.59948E+10,1.6145E+10,1.62942E+10,1.64425E+10,1.65899E+10,1.67363E+10,1.68818E+10,1.70264E+10,1.71701E+10,1.73129E+10,1.74549E+10,1.75959E+10,1.77361E+10,1.78754E+10,1.80139E+10,1.81515E+10,1.82883E+10,1.84243E+10,1.85595E+10,1.86938E+10,1.88274E+10,1.89602E+10,1.90922E+10,1.92234E+10,1.93539E+10,1.94837E+10,1.96126E+10,1.97409E+10,1.98684E+10,1.99952E+10,2.01212E+10,2.02465E+10,2.03711E+10,2.0495E+10,2.06182E+10,2.07406E+10,2.08624E+10,2.09834E+10,2.11038E+10,2.12234E+10,2.13423E+10,2.14606E+10,2.15781E+10,2.1695E+10,2.18111E+10,2.19266E+10,2.20414E+10,2.21555E+10,2.22689E+10,2.23817E+10,2.24938E+10,2.26052E+10,2.27159E+10,2.2826E+10,2.29355E+10,2.30443E+10,2.31524E+10,2.32599E+10,2.33668E+10,2.3473E+10,2.35786E+10,2.36837E+10,2.37881E+10,2.38919E+10,2.39951E+10,2.40977E+10,2.41997E+10,2.43011E+10,2.4402E+10,2.45023E+10,2.4602E+10,2.47012E+10,2.47998E+10,2.48978E+10,2.49953E+10,2.50923E+10,2.51887E+10,2.52845E+10,2.53798E+10,2.54746E+10,2.55689E+10,2.56626E+10,2.57559E+10,2.58486E+10,2.59407E+10,2.60324E+10,2.61236E+10,2.62143E+10,2.63045E+10,2.63942E+10,2.64835E+10,2.65722E+10,2.66605E+10,2.67483E+10,2.68356E+10,2.69224E+10,2.70088E+10,2.70947E+10,2.71802E+10,2.72652E+10,2.73497E+10,2.74337E+10,2.75173E+10,2.76004E+10,2.76831E+10,2.77653E+10,2.7847E+10,2.79283E+10,2.80091E+10,2.80894E+10,2.81693E+10,2.82487E+10,2.83277E+10,2.84062E+10,2.84843E+10,2.85618E+10,2.8639E+10,2.87157E+10,2.87919E+10,2.88677E+10,2.89431E+10,2.9018E+10,2.90925E+10,2.91665E+10,2.92402E+10,2.93134E+10,2.93862E+10,2.94585E+10,2.95305E+10,2.9602E+10,2.96732E+10,2.97439E+10,2.98142E+10,2.98842E+10,2.99538E+10,3.00229E+10,3.00917E+10,3.01602E+10,3.02283E+10,3.0296E+10,3.03633E+10,3.04303E+10,3.0497E+10,3.05633E+10,3.06293E+10,3.0695E+10,3.07603E+10,3.08253E+10,3.089E+10,3.09544E+10,3.10186E+10,3.10824E+10,3.11459E+10,3.12091E+10,3.12721E+10,3.13348E+10,3.13973E+10,3.14595E+10,3.15215E+10,3.15833E+10,3.16448E+10,3.17062E+10,3.17677E+10,3.18294E+10,3.18914E+10,3.19538E+10,3.20167E+10,3.20803E+10,3.21445E+10,3.22096E+10,3.22755E+10,3.23422E+10,3.241E+10,3.24787E+10,3.25486E+10,3.26196E+10,3.26918E+10,3.27655E+10,3.28405E+10,3.2917E+10,3.29949E+10,3.30742E+10,3.31549E+10,3.32368E+10,3.33199E+10,3.34043E+10,3.34897E+10,3.35762E+10,3.36637E+10,3.37521E+10,3.38415E+10,3.39316E+10,3.40224E+10,3.41138E+10,3.42058E+10,3.42982E+10,3.43909E+10,3.4484E+10,3.45773E+10,3.46707E+10,3.47642E+10,3.48578E+10,3.49514E+10,3.50451E+10,3.51389E+10,3.52327E+10,3.53266E+10,3.54207E+10,3.55149E+10,3.56091E+10,3.57034E+10,3.57978E+10,3.58923E+10,3.5987E+10,3.60822E+10,3.61781E+10,3.62746E+10,3.63719E+10,3.64698E+10,3.65685E+10,3.66679E+10,3.6768E+10,3.68687E+10,3.69701E+10,3.70721E+10,3.71745E+10,3.72775E+10,3.73808E+10,3.74845E+10,3.75885E+10,3.76928E+10,3.77972E+10,3.79018E+10,3.80065E+10,3.81113E+10,3.8216E+10,3.83205E+10,3.84247E+10,3.85286E+10,3.86321E+10,3.87351E+10,3.88376E+10,3.89396E+10,3.90412E+10,3.91423E+10,3.9243E+10,3.93432E+10,3.9443E+10,3.95423E+10,3.96412E+10,3.97396E+10,3.98376E+10,3.99353E+10,4.00326E+10,4.01295E+10,4.02261E+10,4.03225E+10,4.04188E+10,4.0515E+10,4.06111E+10,4.07071E+10,4.08029E+10,4.08986E+10,4.09941E+10,4.10892E+10,4.1184E+10,4.12784E+10,4.13723E+10,4.14658E+10,4.15588E+10,4.16514E+10,4.17435E+10,4.18352E+10,4.19264E+10,4.20172E+10,4.21075E+10,4.21974E+10,4.22868E+10,4.23758E+10,4.24644E+10,4.25525E+10,4.26402E+10,4.27275E+10,4.28144E+10,4.29008E+10,4.29868E+10,4.30724E+10,4.31576E+10,4.32423E+10,4.33267E+10,4.34107E+10,4.34942E+10,4.35774E+10,4.36601E+10,4.37425E+10,4.38245E+10,4.3906E+10,4.39872E+10,4.40681E+10,4.41485E+10,4.42285E+10,4.43082E+10,4.43875E+10,4.44664E+10,4.4545E+10,4.46232E+10,4.47011E+10,4.47785E+10,4.48557E+10,4.49324E+10,4.50088E+10,4.50849E+10,4.51606E+10,4.5236E+10,4.53111E+10,4.53858E+10,4.54602E+10,4.55343E+10,4.56081E+10,4.56816E+10,4.57548E+10,4.58277E+10,4.59003E+10,4.59726E+10,4.60447E+10,4.61164E+10,4.61879E+10,4.62592E+10,4.63301E+10,4.64008E+10,4.64713E+10,4.65415E+10,4.66114E+10,4.66811E+10,4.67506E+10,4.68198E+10,4.68887E+10,4.69574E+10,4.70259E+10,4.7094E+10,4.7162E+10,4.72297E+10,4.72971E+10,4.73643E+10,4.74312E+10,4.74978E+10,4.75642E+10,4.76303E+10,4.76962E+10,4.77618E+10,4.78271E+10,4.78921E+10,4.79569E+10,4.80214E+10,4.80856E+10,4.81496E+10,4.82133E+10,4.82767E+10,4.83398E+10,4.84027E+10,4.84653E+10,4.85276E+10,4.85896E+10,4.86513E+10,4.87128E+10,4.8774E+10,4.88349E+10,4.88956E+10,4.89559E+10,4.9016E+10,4.90759E+10,4.91354E+10,4.91948E+10,4.92538E+10,4.93126E+10,4.93711E+10,4.94294E+10,4.94875E+10,4.95453E+10,4.96028E+10,4.96602E+10,4.97173E+10,4.97742E+10,4.9831E+10,4.98877E+10,4.99443E+10,5.0001E+10,5.00575E+10,5.01142E+10,5.01709E+10,5.02279E+10,5.0285E+10,5.03424E+10,5.04001E+10,5.04582E+10,5.05167E+10,5.05756E+10,5.0635E+10,5.06948E+10,5.07549E+10,5.08155E+10,5.08763E+10,5.09375E+10,5.0999E+10,5.10608E+10,5.11229E+10,5.11853E+10,5.12479E+10,5.13109E+10,5.13742E+10,5.14377E+10,5.15016E+10,5.15657E+10,5.16303E+10,5.16951E+10,5.17605E+10,5.18262E+10,5.18926E+10,5.19598E+10,5.20282E+10,5.20979E+10,5.21693E+10,5.22424E+10,5.23173E+10,5.23941E+10,5.24728E+10,5.25537E+10,5.26367E+10,5.27221E+10,5.28099E+10,5.29002E+10,5.2993E+10,5.30884E+10,5.31863E+10,5.32869E+10,5.33901E+10,5.34959E+10,5.36043E+10,5.37155E+10,5.38293E+10,5.39457E+10,5.40647E+10,5.41863E+10,5.43105E+10,5.44373E+10,5.45667E+10,5.46985E+10,5.48328E+10,5.49694E+10,5.51084E+10,5.52495E+10,5.53927E+10,5.55379E+10,5.5685E+10,5.58338E+10,5.59842E+10,5.61361E+10,5.62894E+10,5.64439E+10,5.65997E+10,5.67566E+10,5.69144E+10,5.70732E+10,5.72328E+10,5.73931E+10,5.75541E+10,5.77157E+10,5.78778E+10,5.80403E+10,5.82033E+10,5.83666E+10,5.85302E+10,5.86941E+10,5.88581E+10,5.90224E+10,5.91868E+10,5.93513E+10,5.95159E+10,5.96806E+10,5.98454E+10,6.00102E+10,6.01751E+10,6.034E+10,6.05049E+10,6.06697E+10,6.08345E+10,6.09992E+10,6.11636E+10,6.13279E+10,6.14918E+10,6.16555E+10,6.18187E+10,6.19816E+10,6.2144E+10,6.23058E+10,6.24671E+10,6.26277E+10,6.27876E+10,6.29469E+10,6.31054E+10,6.32633E+10,6.34205E+10,6.3577E+10,6.37329E+10,6.38881E+10,6.40428E+10,6.41968E+10,6.43502E+10,6.4503E+10,6.46553E+10,6.48071E+10,6.49585E+10,6.51096E+10,6.52604E+10,6.54112E+10,6.5562E+10,6.57129E+10,6.58638E+10,6.60148E+10,6.6166E+10,6.63172E+10,6.64686E+10,6.66201E+10,6.67719E+10,6.6924E+10,6.70764E+10,6.72293E+10,6.73825E+10,6.75362E+10,6.76903E+10,6.78448E+10,6.79998E+10,6.81552E+10,6.8311E+10,6.84672E+10,6.86239E+10,6.8781E+10,6.89385E+10,6.90966E+10,6.92551E+10,6.9414E+10,6.95735E+10,6.97333E+10,6.98936E+10,7.00543E+10,7.02152E+10,7.03765E+10,7.05379E+10,7.06996E+10,7.08614E+10,7.10233E+10,7.11852E+10,7.13473E+10,7.15094E+10,7.16716E+10,7.18339E+10,7.19962E+10,7.21586E+10,7.23211E+10,7.24836E+10,7.26462E+10,7.28089E+10,7.29718E+10,7.31348E+10,7.32981E+10,7.34616E+10,7.36254E+10,7.37894E+10,7.39537E+10,7.41182E+10,7.42831E+10,7.44484E+10,7.46142E+10,7.47805E+10,7.49474E+10,7.51149E+10,7.5283E+10,7.54517E+10,7.5621E+10,7.57909E+10,7.59613E+10,7.61323E+10,7.63037E+10,7.64757E+10,7.66481E+10,7.68211E+10,7.69945E+10,7.71683E+10,7.73426E+10,7.75173E+10,7.76924E+10,7.7868E+10,7.8044E+10,7.82204E+10,7.83971E+10,7.85742E+10,7.87517E+10,7.89295E+10,7.91077E+10,7.92863E+10,7.94651E+10,7.96443E+10,7.98237E+10,8.00034E+10,8.01834E+10,8.03635E+10,8.05439E+10,8.07246E+10,8.09054E+10,8.10864E+10,8.12677E+10,8.14492E+10,8.16309E+10,8.18128E+10,8.19947E+10,8.21767E+10,8.23587E+10,8.25407E+10,8.27226E+10,8.29043E+10,8.30858E+10,8.32671E+10,8.3448E+10,8.36287E+10,8.38089E+10,8.39887E+10,8.41681E+10,8.4347E+10,8.45253E+10,8.47032E+10,8.48804E+10,8.50571E+10,8.52332E+10,8.54086E+10,8.55835E+10,8.57577E+10,8.59312E+10,8.61041E+10,8.62764E+10,8.6448E+10,8.6619E+10,8.67893E+10,8.6959E+10,8.7128E+10,8.72964E+10,8.7464E+10,8.7631E+10,8.77973E+10,8.7963E+10,8.81279E+10,8.82922E+10,8.84558E+10,8.86187E+10,8.8781E+10,8.89425E+10,8.91034E+10,8.92636E+10,8.94231E+10,8.95819E+10,8.97401E+10,8.98975E+10,9.00543E+10,9.02103E+10,9.03657E+10,9.05204E+10,9.06744E+10,9.08278E+10,9.09805E+10,9.11325E+10,9.12839E+10,9.14346E+10,9.15846E+10,9.1734E+10,9.18826E+10,9.20307E+10,9.2178E+10,9.23247E+10,9.24708E+10,9.26162E+10,9.2761E+10,9.29051E+10,9.30486E+10,9.31914E+10,9.33337E+10,9.34753E+10,9.36162E+10,9.37566E+10,9.38963E+10,9.40354E+10,9.41739E+10,9.43118E+10,9.44491E+10,9.45859E+10,9.4722E+10,9.48576E+10,9.49927E+10,9.51272E+10,9.52613E+10,9.5395E+10,9.55282E+10,9.56611E+10,9.57937E+10,9.5926E+10,9.60579E+10,9.61897E+10,9.63212E+10,9.64526E+10,9.65839E+10,9.6715E+10,9.6846E+10,9.69769E+10,9.71077E+10,9.72383E+10,9.73689E+10,9.74994E+10,9.76298E+10,9.77602E+10,9.78906E+10,9.8021E+10,9.81517E+10,9.82824E+10,9.84134E+10,9.85446E+10,9.86761E+10,9.88079E+10,9.894E+10,9.90725E+10,9.92053E+10,9.93385E+10,9.94721E+10,9.9606E+10,9.97401E+10,9.98746E+10,1.00009E+11,1.00144E+11,1.00279E+11,1.00414E+11,1.00549E+11,1.00685E+11,1.0082E+11,1.00955E+11,1.0109E+11,1.01224E+11,1.01358E+11,1.01492E+11,1.01626E+11,1.01759E+11,1.01892E+11,1.02024E+11,1.02156E+11,1.02288E+11,1.02419E+11,1.0255E+11,1.02681E+11,1.02811E+11,1.02941E+11,1.03071E+11,1.032E+11,1.03329E+11,1.03458E+11,1.03587E+11,1.03715E+11,1.03843E+11,1.0397E+11,1.04098E+11,1.04225E+11,1.04352E+11,1.04478E+11,1.04605E+11,1.04731E+11,1.04857E+11,1.04983E+11,1.05108E+11,1.05233E+11,1.05358E+11,1.05483E+11,1.05608E+11,1.05732E+11,1.05857E+11,1.05981E+11,1.06104E+11,1.06228E+11,1.06351E+11,1.06474E+11,1.06597E+11,1.0672E+11,1.06843E+11,1.06965E+11,1.07087E+11,1.07208E+11,1.0733E+11,1.07451E+11,1.07572E+11,1.07693E+11,1.07813E+11,1.07933E+11,1.08053E+11,1.08173E+11,1.08292E+11,1.08411E+11,1.0853E+11,1.08649E+11,1.08767E+11,1.08885E+11,1.09002E+11,1.0912E+11,1.09237E+11,1.09353E+11,1.0947E+11,1.09586E+11,1.09701E+11,1.09817E+11,1.09932E+11,1.10047E+11,1.10161E+11,1.10275E+11,1.10389E+11,1.10502E+11,1.10615E+11,1.10728E+11,1.1084E+11,1.10952E+11,1.11063E+11,1.11175E+11,1.11285E+11,1.11396E+11,1.11506E+11,1.11616E+11,1.11725E+11,1.11834E+11,1.11943E+11,1.12051E+11,1.12159E+11,1.12266E+11,1.12373E+11,1.1248E+11,1.12586E+11,1.12692E+11,1.12798E+11,1.12903E+11,1.13008E+11,1.13113E+11,1.13217E+11,1.13321E+11,1.13425E+11,1.13528E+11,1.13631E+11,1.13733E+11,1.13835E+11,1.13937E+11,1.14039E+11,1.1414E+11,1.14241E+11,1.14341E+11,1.14442E+11,1.14542E+11,1.14641E+11,1.14741E+11,1.1484E+11,1.14939E+11,1.15037E+11,1.15135E+11,1.15233E+11,1.15331E+11
"Cost of GDP Cumulative[Hawaii]",0,0,0,0,0,0,0,0,0,0,0,0,0,0,0,0,0,0,0,0,0,2.86278E-42,6.6574E-42,1.13729E-41,4.11643E-41,1.60495E-40,3.26086E-40,4.92176E-40,6.71744E-40,0.000299483,0.00607975,0.0365294,0.130997,0.351786,0.784818,1.53907,2.74545,4.55578,7.14317,10.7071,15.4874,21.7896,30.0148,40.6865,54.6341,74.641,104.25,152.989,235.453,362.586,542.216,787.284,1114.54,1539.95,2078.97,2746.41,3556.64,4525.46,5680.28,7053.1,8675.27,10579.4,12803,15390.9,18396.2,21880.6,25914.9,30578.2,35956.3,42151.3,49306.7,58541.5,71231.6,87890.1,108993,135253,167625,208805,262948,334288,431025,561869,734704,961435,1.25151E+06,1.61091E+06,2.04385E+06,2.55592E+06,3.16211E+06,3.87657E+06,4.70954E+06,5.69242E+06,6.86321E+06,8.24967E+06,9.86764E+06,1.17246E+07,1.38232E+07,1.61629E+07,1.87423E+07,2.15593E+07,2.46121E+07,2.79017E+07,3.14279E+07,3.51892E+07,3.91833E+07,4.34063E+07,4.78543E+07,5.25222E+07,5.74045E+07,6.24953E+07,6.77885E+07,7.32788E+07,7.89609E+07,8.48344E+07,9.09105E+07,9.72817E+07,1.04069E+08,1.11328E+08,1.19088E+08,1.27365E+08,1.36165E+08,1.4549E+08,1.55363E+08,1.65831E+08,1.76917E+08,1.88631E+08,2.00973E+08,2.13935E+08,2.27506E+08,2.41673E+08,2.56432E+08,2.71782E+08,2.8772E+08,3.0424E+08,3.21336E+08,3.38992E+08,3.57192E+08,3.75917E+08,3.95146E+08,4.14858E+08,4.3503E+08,4.55642E+08,4.76671E+08,4.98095E+08,5.19891E+08,5.42036E+08,5.64508E+08,5.87283E+08,6.10338E+08,6.3365E+08,6.57197E+08,6.80955E+08,7.04902E+08,7.29015E+08,7.53271E+08,7.77647E+08,8.02122E+08,8.26673E+08,8.51278E+08,8.75918E+08,9.00572E+08,9.2522E+08,9.49844E+08,9.74427E+08,9.98951E+08,1.0234E+09,1.04776E+09,1.07202E+09,1.09617E+09,1.12019E+09,1.14409E+09,1.16786E+09,1.19151E+09,1.21506E+09,1.23853E+09,1.26191E+09,1.28522E+09,1.30846E+09,1.33162E+09,1.35471E+09,1.37771E+09,1.40063E+09,1.42346E+09,1.44619E+09,1.4688E+09,1.49131E+09,1.51368E+09,1.53592E+09,1.55802E+09,1.57997E+09,1.60177E+09,1.62343E+09,1.64494E+09,1.66631E+09,1.68754E+09,1.70863E+09,1.72957E+09,1.75038E+09,1.77105E+09,1.79157E+09,1.81197E+09,1.83222E+09,1.85234E+09,1.87233E+09,1.89218E+09,1.9119E+09,1.93149E+09,1.95095E+09,1.97028E+09,1.98948E+09,2.00855E+09,2.0275E+09,2.04632E+09,2.06501E+09,2.08358E+09,2.10202E+09,2.12035E+09,2.13855E+09,2.15662E+09,2.17458E+09,2.19242E+09,2.21014E+09,2.22774E+09,2.24523E+09,2.2626E+09,2.27985E+09,2.29699E+09,2.31401E+09,2.33093E+09,2.34773E+09,2.36442E+09,2.38099E+09,2.39746E+09,2.41382E+09,2.43008E+09,2.44622E+09,2.46226E+09,2.47819E+09,2.49402E+09,2.50975E+09,2.52537E+09,2.54089E+09,2.55631E+09,2.57163E+09,2.58685E+09,2.60197E+09,2.617E+09,2.63193E+09,2.64676E+09,2.6615E+09,2.67614E+09,2.69069E+09,2.70515E+09,2.71952E+09,2.7338E+09,2.74799E+09,2.7621E+09,2.77611E+09,2.79004E+09,2.80389E+09,2.81765E+09,2.83132E+09,2.84492E+09,2.85843E+09,2.87186E+09,2.88521E+09,2.89849E+09,2.91168E+09,2.92479E+09,2.93783E+09,2.95079E+09,2.96367E+09,2.97647E+09,2.9892E+09,3.00185E+09,3.01443E+09,3.02693E+09,3.03936E+09,3.05171E+09,3.06399E+09,3.07619E+09,3.08832E+09,3.10037E+09,3.11236E+09,3.12427E+09,3.13611E+09,3.14787E+09,3.15957E+09,3.17119E+09,3.18274E+09,3.19423E+09,3.20564E+09,3.21698E+09,3.22825E+09,3.23945E+09,3.25059E+09,3.26166E+09,3.27265E+09,3.28358E+09,3.29445E+09,3.30525E+09,3.31598E+09,3.32664E+09,3.33724E+09,3.34777E+09,3.35824E+09,3.36865E+09,3.37899E+09,3.38926E+09,3.39948E+09,3.40963E+09,3.41971E+09,3.42974E+09,3.4397E+09,3.44961E+09,3.45945E+09,3.46923E+09,3.47895E+09,3.48861E+09,3.49821E+09,3.50775E+09,3.51724E+09,3.52666E+09,3.53603E+09,3.54534E+09,3.55459E+09,3.56379E+09,3.57292E+09,3.58201E+09,3.59103E+09,3.6E+09,3.60891E+09,3.61777E+09,3.62658E+09,3.63533E+09,3.64402E+09,3.65267E+09,3.66125E+09,3.66979E+09,3.67827E+09,3.6867E+09,3.69508E+09,3.70341E+09,3.71169E+09,3.71992E+09,3.72809E+09,3.73622E+09,3.7443E+09,3.75233E+09,3.76031E+09,3.76824E+09,3.77612E+09,3.78396E+09,3.79175E+09,3.79949E+09,3.80718E+09,3.81483E+09,3.82244E+09,3.82999E+09,3.83751E+09,3.84498E+09,3.8524E+09,3.85978E+09,3.86711E+09,3.8744E+09,3.88165E+09,3.88885E+09,3.89602E+09,3.90314E+09,3.91021E+09,3.91725E+09,3.92424E+09,3.9312E+09,3.93814E+09,3.94508E+09,3.95204E+09,3.95901E+09,3.96603E+09,3.9731E+09,3.98023E+09,3.98744E+09,3.99474E+09,4.00215E+09,4.00969E+09,4.01737E+09,4.02521E+09,4.03322E+09,4.04139E+09,4.04973E+09,4.05823E+09,4.0669E+09,4.07574E+09,4.08474E+09,4.0939E+09,4.10324E+09,4.11274E+09,4.1224E+09,4.13223E+09,4.14221E+09,4.15235E+09,4.16262E+09,4.17303E+09,4.18356E+09,4.19421E+09,4.20496E+09,4.21581E+09,4.22674E+09,4.23776E+09,4.24885E+09,4.26001E+09,4.27123E+09,4.28254E+09,4.29391E+09,4.30536E+09,4.31689E+09,4.32849E+09,4.34015E+09,4.35187E+09,4.36365E+09,4.37547E+09,4.38735E+09,4.39927E+09,4.41125E+09,4.42326E+09,4.43531E+09,4.4474E+09,4.45951E+09,4.47165E+09,4.48382E+09,4.49601E+09,4.50823E+09,4.52049E+09,4.53277E+09,4.54508E+09,4.55741E+09,4.56976E+09,4.58213E+09,4.5945E+09,4.60688E+09,4.61927E+09,4.63165E+09,4.64402E+09,4.65638E+09,4.66871E+09,4.681E+09,4.69325E+09,4.70544E+09,4.71756E+09,4.72961E+09,4.74159E+09,4.75349E+09,4.76532E+09,4.77707E+09,4.78874E+09,4.80035E+09,4.81188E+09,4.82333E+09,4.83472E+09,4.84603E+09,4.85727E+09,4.86844E+09,4.87954E+09,4.89057E+09,4.90152E+09,4.91241E+09,4.92324E+09,4.93399E+09,4.94468E+09,4.9553E+09,4.96585E+09,4.97634E+09,4.98676E+09,4.99711E+09,5.00741E+09,5.01763E+09,5.0278E+09,5.0379E+09,5.04794E+09,5.05792E+09,5.06783E+09,5.07769E+09,5.08748E+09,5.09722E+09,5.1069E+09,5.11651E+09,5.12607E+09,5.13558E+09,5.14502E+09,5.15442E+09,5.16375E+09,5.17303E+09,5.18226E+09,5.19144E+09,5.20056E+09,5.20963E+09,5.21865E+09,5.22762E+09,5.23654E+09,5.24541E+09,5.25423E+09,5.26301E+09,5.27174E+09,5.28042E+09,5.28906E+09,5.29766E+09,5.30621E+09,5.31472E+09,5.32318E+09,5.3316E+09,5.33998E+09,5.34831E+09,5.3566E+09,5.36485E+09,5.37306E+09,5.38123E+09,5.38935E+09,5.39743E+09,5.40547E+09,5.41347E+09,5.42142E+09,5.42934E+09,5.43721E+09,5.44504E+09,5.45283E+09,5.46058E+09,5.46829E+09,5.47595E+09,5.48358E+09,5.49116E+09,5.49871E+09,5.50621E+09,5.51367E+09,5.5211E+09,5.52848E+09,5.53582E+09,5.54312E+09,5.55039E+09,5.55761E+09,5.5648E+09,5.57195E+09,5.57906E+09,5.58613E+09,5.59316E+09,5.60016E+09,5.60712E+09,5.61404E+09,5.62093E+09,5.62778E+09,5.63459E+09,5.64136E+09,5.6481E+09,5.65481E+09,5.66148E+09,5.66811E+09,5.67471E+09,5.68127E+09,5.6878E+09,5.6943E+09,5.70076E+09,5.70719E+09,5.71358E+09,5.71995E+09,5.72628E+09,5.73257E+09,5.73884E+09,5.74507E+09,5.75128E+09,5.75745E+09,5.76359E+09,5.7697E+09,5.77578E+09,5.78183E+09,5.78785E+09,5.79385E+09,5.79981E+09,5.80575E+09,5.81165E+09,5.81753E+09,5.82339E+09,5.82921E+09,5.83501E+09,5.84078E+09,5.84653E+09,5.85225E+09,5.85794E+09,5.86361E+09,5.86925E+09,5.87487E+09,5.88046E+09,5.88602E+09,5.89156E+09,5.89708E+09,5.90259E+09,5.90809E+09,5.91358E+09,5.91908E+09,5.92459E+09,5.93012E+09,5.93569E+09,5.9413E+09,5.94695E+09,5.95266E+09,5.95843E+09,5.96427E+09,5.97018E+09,5.97615E+09,5.98218E+09,5.98827E+09,5.99441E+09,6.00059E+09,6.00682E+09,6.0131E+09,6.01941E+09,6.02577E+09,6.03216E+09,6.0386E+09,6.04508E+09,6.05159E+09,6.05814E+09,6.06472E+09,6.07135E+09,6.07802E+09,6.08473E+09,6.09149E+09,6.0983E+09,6.10516E+09,6.11212E+09,6.11918E+09,6.12637E+09,6.13371E+09,6.14121E+09,6.14887E+09,6.15672E+09,6.16477E+09,6.17303E+09,6.18154E+09,6.1903E+09,6.19934E+09,6.20865E+09,6.21825E+09,6.22814E+09,6.23834E+09,6.24885E+09,6.25967E+09,6.27082E+09,6.2823E+09,6.29411E+09,6.30626E+09,6.31874E+09,6.33155E+09,6.34471E+09,6.3582E+09,6.37203E+09,6.3862E+09,6.40069E+09,6.41551E+09,6.43064E+09,6.44605E+09,6.46175E+09,6.47772E+09,6.49392E+09,6.51036E+09,6.52701E+09,6.54385E+09,6.56087E+09,6.57805E+09,6.59538E+09,6.61284E+09,6.63043E+09,6.64811E+09,6.6659E+09,6.68376E+09,6.7017E+09,6.71969E+09,6.73774E+09,6.75583E+09,6.77395E+09,6.79209E+09,6.81025E+09,6.82843E+09,6.84661E+09,6.8648E+09,6.88298E+09,6.90117E+09,6.91934E+09,6.93751E+09,6.95567E+09,6.97384E+09,6.99199E+09,7.01015E+09,7.0283E+09,7.04644E+09,7.06456E+09,7.08268E+09,7.10076E+09,7.11882E+09,7.13685E+09,7.15484E+09,7.17278E+09,7.19067E+09,7.2085E+09,7.22626E+09,7.24394E+09,7.26153E+09,7.27902E+09,7.29641E+09,7.3137E+09,7.33088E+09,7.34796E+09,7.36493E+09,7.3818E+09,7.39856E+09,7.41522E+09,7.43179E+09,7.44824E+09,7.4646E+09,7.48086E+09,7.49702E+09,7.51308E+09,7.52905E+09,7.54493E+09,7.56076E+09,7.57653E+09,7.59227E+09,7.60797E+09,7.62364E+09,7.63929E+09,7.6549E+09,7.67049E+09,7.68606E+09,7.70163E+09,7.7172E+09,7.73278E+09,7.74838E+09,7.764E+09,7.77964E+09,7.79531E+09,7.811E+09,7.82672E+09,7.84246E+09,7.85823E+09,7.87402E+09,7.88985E+09,7.90571E+09,7.92161E+09,7.93755E+09,7.95354E+09,7.96958E+09,7.98566E+09,8.00179E+09,8.01795E+09,8.03414E+09,8.05036E+09,8.06659E+09,8.08284E+09,8.09908E+09,8.11532E+09,8.13156E+09,8.14778E+09,8.16398E+09,8.18017E+09,8.19633E+09,8.21247E+09,8.22859E+09,8.24469E+09,8.26076E+09,8.27681E+09,8.29283E+09,8.30882E+09,8.3248E+09,8.34076E+09,8.35671E+09,8.37265E+09,8.38858E+09,8.4045E+09,8.4204E+09,8.43629E+09,8.45218E+09,8.46807E+09,8.48399E+09,8.49993E+09,8.5159E+09,8.5319E+09,8.54793E+09,8.56399E+09,8.58007E+09,8.59619E+09,8.61233E+09,8.62849E+09,8.64468E+09,8.6609E+09,8.67713E+09,8.69339E+09,8.70967E+09,8.72598E+09,8.74231E+09,8.75866E+09,8.77504E+09,8.79145E+09,8.80787E+09,8.8243E+09,8.84076E+09,8.85722E+09,8.87369E+09,8.89016E+09,8.90664E+09,8.9231E+09,8.93956E+09,8.95601E+09,8.97245E+09,8.98887E+09,9.00528E+09,9.02168E+09,9.03807E+09,9.05445E+09,9.07082E+09,9.08718E+09,9.10355E+09,9.11993E+09,9.1363E+09,9.15267E+09,9.16903E+09,9.18538E+09,9.20171E+09,9.218E+09,9.23427E+09,9.2505E+09,9.26669E+09,9.28282E+09,9.29891E+09,9.31493E+09,9.33089E+09,9.34679E+09,9.36261E+09,9.37837E+09,9.39405E+09,9.40965E+09,9.42518E+09,9.44062E+09,9.45599E+09,9.47127E+09,9.48646E+09,9.50157E+09,9.5166E+09,9.53155E+09,9.54641E+09,9.56118E+09,9.57588E+09,9.59049E+09,9.60502E+09,9.61947E+09,9.63384E+09,9.64813E+09,9.66233E+09,9.67646E+09,9.69051E+09,9.70448E+09,9.71837E+09,9.73219E+09,9.74593E+09,9.75959E+09,9.77318E+09,9.78669E+09,9.80013E+09,9.8135E+09,9.8268E+09,9.84003E+09,9.85319E+09,9.86628E+09,9.8793E+09,9.89226E+09,9.90515E+09,9.91798E+09,9.93074E+09,9.94344E+09,9.95608E+09,9.96867E+09,9.98119E+09,9.99366E+09,1.00061E+10,1.00184E+10,1.00307E+10,1.0043E+10,1.00552E+10,1.00673E+10,1.00794E+10,1.00915E+10,1.01035E+10,1.01155E+10,1.01274E+10,1.01392E+10,1.0151E+10,1.01628E+10,1.01745E+10,1.01862E+10,1.01979E+10,1.02095E+10,1.0221E+10,1.02325E+10,1.0244E+10,1.02554E+10,1.02668E+10,1.02782E+10,1.02895E+10,1.03007E+10,1.0312E+10,1.03232E+10,1.03344E+10,1.03456E+10,1.03568E+10,1.0368E+10,1.03791E+10,1.03903E+10,1.04015E+10,1.04127E+10,1.04239E+10,1.04351E+10,1.04464E+10,1.04576E+10,1.04689E+10,1.04801E+10,1.04914E+10,1.05027E+10,1.05141E+10,1.05254E+10,1.05368E+10,1.05482E+10,1.05597E+10,1.05713E+10,1.05829E+10,1.05946E+10,1.06063E+10,1.06181E+10,1.063E+10,1.0642E+10,1.0654E+10,1.06661E+10,1.06783E+10,1.06906E+10,1.07029E+10,1.07152E+10,1.07276E+10,1.07401E+10,1.07525E+10,1.0765E+10,1.07775E+10,1.07901E+10,1.08026E+10,1.08151E+10,1.08275E+10,1.084E+10,1.08523E+10,1.08647E+10,1.0877E+10,1.08892E+10,1.09014E+10,1.09135E+10,1.09256E+10,1.09377E+10,1.09497E+10,1.09616E+10,1.09735E+10,1.09854E+10,1.09973E+10,1.1009E+10,1.10208E+10,1.10325E+10,1.10442E+10,1.10558E+10,1.10674E+10,1.1079E+10,1.10905E+10,1.1102E+10,1.11135E+10,1.11249E+10,1.11363E+10,1.11477E+10,1.11591E+10,1.11704E+10,1.11817E+10,1.1193E+10,1.12043E+10,1.12156E+10,1.12268E+10,1.12381E+10,1.12493E+10,1.12605E+10,1.12717E+10,1.12829E+10,1.12941E+10,1.13052E+10,1.13164E+10,1.13275E+10,1.13387E+10,1.13498E+10,1.13609E+10,1.13721E+10,1.13832E+10,1.13943E+10,1.14054E+10,1.14165E+10,1.14275E+10,1.14386E+10,1.14496E+10,1.14606E+10,1.14717E+10,1.14826E+10,1.14936E+10,1.15046E+10,1.15155E+10,1.15264E+10,1.15373E+10,1.15482E+10,1.15591E+10,1.15699E+10,1.15807E+10,1.15915E+10,1.16022E+10,1.1613E+10,1.16237E+10,1.16343E+10,1.1645E+10,1.16556E+10,1.16661E+10,1.16767E+10,1.16872E+10,1.16977E+10,1.17081E+10,1.17185E+10,1.17289E+10,1.17392E+10,1.17495E+10,1.17598E+10,1.177E+10,1.17802E+10,1.17903E+10,1.18004E+10,1.18105E+10,1.18205E+10,1.18305E+10,1.18405E+10,1.18504E+10,1.18603E+10,1.18701E+10,1.188E+10,1.18897E+10,1.18994E+10,1.19091E+10,1.19188E+10,1.19284E+10,1.1938E+10,1.19475E+10,1.1957E+10,1.19665E+10,1.19759E+10,1.19853E+10,1.19947E+10,1.2004E+10,1.20133E+10,1.20225E+10,1.20317E+10,1.20409E+10,1.20501E+10,1.20592E+10,1.20683E+10,1.20773E+10,1.20864E+10,1.20954E+10,1.21043E+10,1.21133E+10,1.21222E+10
"Cost of GDP Cumulative[Idaho]",0,0,0,0,0,0,0,0,0,0,0,0,0,0,0,0,0,0,0,0,0,2.68516E-42,6.24436E-42,1.06676E-41,3.86195E-41,1.50596E-40,3.05986E-40,4.61844E-40,6.30356E-40,8.17432E-40,1.13241E-39,1.55304E-39,1.97084E-39,2.70567E-39,3.62568E-39,4.54417E-39,5.23628E-06,0.000207588,0.00228541,0.0146641,0.065992,0.228987,0.648887,1.56852,3.50022,8.7772,20.4361,47.1398,102.325,196.003,335.267,532.054,801.933,1159.8,1620.17,2197.11,2904.46,3757.7,4783.66,6014.05,7480.78,9218.01,11266.1,13674.4,16503.1,19824,23723.3,28301.7,33675.9,39990.4,47445.6,57184.1,70619.5,88388.5,111140,139807,175627,221578,282136,361993,469772,614790,805843,1.05582E+06,1.3756E+06,1.77314E+06,2.25512E+06,2.82987E+06,3.51488E+06,4.32686E+06,5.27875E+06,6.4031E+06,7.73841E+06,9.31301E+06,1.11436E+07,1.32383E+07,1.56007E+07,1.82305E+07,2.11266E+07,2.42865E+07,2.77084E+07,3.13921E+07,3.53366E+07,3.95394E+07,4.39968E+07,4.87039E+07,5.36554E+07,5.88449E+07,6.42656E+07,6.99101E+07,7.57713E+07,8.18422E+07,8.81164E+07,9.45919E+07,1.01278E+08,1.0826E+08,1.15651E+08,1.23502E+08,1.31839E+08,1.40676E+08,1.50018E+08,1.59864E+08,1.70236E+08,1.81176E+08,1.92706E+08,2.04833E+08,2.17555E+08,2.30866E+08,2.44752E+08,2.59201E+08,2.74209E+08,2.89772E+08,3.05888E+08,3.22551E+08,3.39752E+08,3.57478E+08,3.75711E+08,3.94433E+08,4.13624E+08,4.33263E+08,4.53328E+08,4.738E+08,4.94656E+08,5.15875E+08,5.37436E+08,5.59318E+08,5.81498E+08,6.03955E+08,6.26667E+08,6.49612E+08,6.7277E+08,6.96118E+08,7.19637E+08,7.43303E+08,7.67097E+08,7.90996E+08,8.14979E+08,8.39027E+08,8.63119E+08,8.87235E+08,9.11358E+08,9.35468E+08,9.59549E+08,9.83583E+08,1.00756E+09,1.03145E+09,1.05526E+09,1.07896E+09,1.10255E+09,1.12602E+09,1.14936E+09,1.17257E+09,1.19567E+09,1.21867E+09,1.24158E+09,1.26442E+09,1.28717E+09,1.30985E+09,1.33246E+09,1.35499E+09,1.37743E+09,1.3998E+09,1.42207E+09,1.44424E+09,1.46631E+09,1.48826E+09,1.51009E+09,1.53178E+09,1.55334E+09,1.57475E+09,1.59602E+09,1.61714E+09,1.63813E+09,1.65898E+09,1.67969E+09,1.70026E+09,1.72069E+09,1.74099E+09,1.76115E+09,1.78118E+09,1.80108E+09,1.82084E+09,1.84048E+09,1.85998E+09,1.87935E+09,1.8986E+09,1.91772E+09,1.93671E+09,1.95557E+09,1.97431E+09,1.99293E+09,2.01142E+09,2.02979E+09,2.04804E+09,2.06617E+09,2.08418E+09,2.10207E+09,2.11985E+09,2.1375E+09,2.15504E+09,2.17247E+09,2.18978E+09,2.20698E+09,2.22407E+09,2.24104E+09,2.25791E+09,2.27466E+09,2.29131E+09,2.30785E+09,2.32428E+09,2.3406E+09,2.35683E+09,2.37294E+09,2.38896E+09,2.40487E+09,2.42068E+09,2.43639E+09,2.45201E+09,2.46752E+09,2.48294E+09,2.49826E+09,2.51348E+09,2.52861E+09,2.54365E+09,2.55859E+09,2.57344E+09,2.5882E+09,2.60288E+09,2.61746E+09,2.63196E+09,2.64637E+09,2.66069E+09,2.67493E+09,2.68909E+09,2.70317E+09,2.71716E+09,2.73108E+09,2.74492E+09,2.75868E+09,2.77236E+09,2.78597E+09,2.79951E+09,2.81297E+09,2.82636E+09,2.83967E+09,2.85292E+09,2.86609E+09,2.8792E+09,2.89223E+09,2.9052E+09,2.91809E+09,2.93092E+09,2.94368E+09,2.95637E+09,2.96899E+09,2.98154E+09,2.99402E+09,3.00643E+09,3.01877E+09,3.03105E+09,3.04325E+09,3.05539E+09,3.06745E+09,3.07945E+09,3.09138E+09,3.10324E+09,3.11503E+09,3.12675E+09,3.13841E+09,3.14999E+09,3.16151E+09,3.17296E+09,3.18434E+09,3.19566E+09,3.20691E+09,3.21809E+09,3.2292E+09,3.24025E+09,3.25124E+09,3.26216E+09,3.27302E+09,3.28381E+09,3.29453E+09,3.3052E+09,3.3158E+09,3.32634E+09,3.33682E+09,3.34723E+09,3.35759E+09,3.36788E+09,3.37812E+09,3.38829E+09,3.39841E+09,3.40847E+09,3.41847E+09,3.42842E+09,3.43831E+09,3.44814E+09,3.45792E+09,3.46765E+09,3.47732E+09,3.48694E+09,3.4965E+09,3.50602E+09,3.51548E+09,3.52489E+09,3.53425E+09,3.54357E+09,3.55283E+09,3.56205E+09,3.57122E+09,3.58034E+09,3.58942E+09,3.59845E+09,3.60744E+09,3.61639E+09,3.62529E+09,3.63415E+09,3.64298E+09,3.65176E+09,3.66051E+09,3.66922E+09,3.67789E+09,3.68652E+09,3.69513E+09,3.70369E+09,3.71223E+09,3.72073E+09,3.7292E+09,3.73764E+09,3.74605E+09,3.75443E+09,3.76278E+09,3.77109E+09,3.77938E+09,3.78764E+09,3.79586E+09,3.80406E+09,3.81222E+09,3.82035E+09,3.82846E+09,3.83653E+09,3.84456E+09,3.85257E+09,3.86055E+09,3.86849E+09,3.8764E+09,3.88428E+09,3.89212E+09,3.89994E+09,3.90772E+09,3.91546E+09,3.92318E+09,3.9309E+09,3.93861E+09,3.94635E+09,3.95412E+09,3.96193E+09,3.9698E+09,3.97774E+09,3.98576E+09,3.99388E+09,4.00211E+09,4.01046E+09,4.01897E+09,4.02763E+09,4.03647E+09,4.04547E+09,4.05464E+09,4.06399E+09,4.0735E+09,4.08318E+09,4.09303E+09,4.10305E+09,4.11325E+09,4.12362E+09,4.13416E+09,4.14488E+09,4.15575E+09,4.16679E+09,4.17798E+09,4.18931E+09,4.20078E+09,4.21238E+09,4.2241E+09,4.23592E+09,4.24785E+09,4.25987E+09,4.27198E+09,4.28417E+09,4.29644E+09,4.3088E+09,4.32124E+09,4.33377E+09,4.34638E+09,4.35908E+09,4.37184E+09,4.38468E+09,4.39757E+09,4.41052E+09,4.42352E+09,4.43658E+09,4.44969E+09,4.46284E+09,4.47604E+09,4.48927E+09,4.50253E+09,4.51582E+09,4.52914E+09,4.54248E+09,4.55586E+09,4.56927E+09,4.5827E+09,4.59616E+09,4.60964E+09,4.62315E+09,4.63666E+09,4.65019E+09,4.66371E+09,4.67724E+09,4.69077E+09,4.70429E+09,4.71779E+09,4.73126E+09,4.7447E+09,4.75809E+09,4.77142E+09,4.78469E+09,4.79789E+09,4.81102E+09,4.82406E+09,4.83704E+09,4.84994E+09,4.86277E+09,4.87552E+09,4.8882E+09,4.90081E+09,4.91335E+09,4.92582E+09,4.93822E+09,4.95055E+09,4.96282E+09,4.97501E+09,4.98713E+09,4.99919E+09,5.01119E+09,5.02311E+09,5.03497E+09,5.04677E+09,5.0585E+09,5.07017E+09,5.08178E+09,5.09332E+09,5.10481E+09,5.11623E+09,5.12759E+09,5.1389E+09,5.15014E+09,5.16133E+09,5.17246E+09,5.18353E+09,5.19454E+09,5.2055E+09,5.2164E+09,5.22725E+09,5.23804E+09,5.24878E+09,5.25946E+09,5.27009E+09,5.28067E+09,5.29119E+09,5.30166E+09,5.31208E+09,5.32244E+09,5.33276E+09,5.34302E+09,5.35324E+09,5.3634E+09,5.37351E+09,5.38358E+09,5.39359E+09,5.40356E+09,5.41347E+09,5.42334E+09,5.43316E+09,5.44293E+09,5.45265E+09,5.46232E+09,5.47195E+09,5.48153E+09,5.49107E+09,5.50055E+09,5.51E+09,5.51939E+09,5.52874E+09,5.53805E+09,5.54731E+09,5.55652E+09,5.56569E+09,5.57482E+09,5.58391E+09,5.59295E+09,5.60194E+09,5.6109E+09,5.61981E+09,5.62868E+09,5.63751E+09,5.6463E+09,5.65504E+09,5.66375E+09,5.67241E+09,5.68103E+09,5.68961E+09,5.69816E+09,5.70666E+09,5.71512E+09,5.72354E+09,5.73193E+09,5.74027E+09,5.74858E+09,5.75685E+09,5.76508E+09,5.77327E+09,5.78142E+09,5.78954E+09,5.79761E+09,5.80565E+09,5.81366E+09,5.82162E+09,5.82955E+09,5.83744E+09,5.8453E+09,5.85311E+09,5.8609E+09,5.86864E+09,5.87635E+09,5.88403E+09,5.89167E+09,5.89927E+09,5.90684E+09,5.91437E+09,5.92187E+09,5.92934E+09,5.93677E+09,5.94416E+09,5.95152E+09,5.95885E+09,5.96615E+09,5.97341E+09,5.98064E+09,5.98783E+09,5.99499E+09,6.00212E+09,6.00922E+09,6.01628E+09,6.02332E+09,6.03032E+09,6.03728E+09,6.04422E+09,6.05113E+09,6.058E+09,6.06485E+09,6.07166E+09,6.07845E+09,6.0852E+09,6.09193E+09,6.09862E+09,6.10529E+09,6.11192E+09,6.11853E+09,6.12511E+09,6.13168E+09,6.13822E+09,6.14476E+09,6.15128E+09,6.15781E+09,6.16435E+09,6.17092E+09,6.17751E+09,6.18415E+09,6.19083E+09,6.19756E+09,6.20437E+09,6.21124E+09,6.21818E+09,6.22518E+09,6.23224E+09,6.23936E+09,6.24654E+09,6.25377E+09,6.26104E+09,6.26835E+09,6.27572E+09,6.28312E+09,6.29057E+09,6.29807E+09,6.30561E+09,6.31318E+09,6.3208E+09,6.32847E+09,6.33617E+09,6.34393E+09,6.35173E+09,6.35959E+09,6.3675E+09,6.37548E+09,6.38355E+09,6.39174E+09,6.40006E+09,6.40855E+09,6.4172E+09,6.42602E+09,6.43504E+09,6.44426E+09,6.45372E+09,6.46343E+09,6.47341E+09,6.48367E+09,6.49422E+09,6.50506E+09,6.51622E+09,6.52769E+09,6.53948E+09,6.5516E+09,6.56406E+09,6.57685E+09,6.58998E+09,6.60345E+09,6.61727E+09,6.63142E+09,6.64591E+09,6.66074E+09,6.67591E+09,6.69141E+09,6.70724E+09,6.72338E+09,6.73983E+09,6.75657E+09,6.77357E+09,6.79084E+09,6.80834E+09,6.82607E+09,6.84399E+09,6.8621E+09,6.88038E+09,6.89881E+09,6.91739E+09,6.93608E+09,6.95489E+09,6.9738E+09,6.99279E+09,7.01186E+09,7.031E+09,7.05018E+09,7.06942E+09,7.08869E+09,7.10799E+09,7.12731E+09,7.14664E+09,7.16599E+09,7.18535E+09,7.2047E+09,7.22406E+09,7.24342E+09,7.26276E+09,7.28211E+09,7.30145E+09,7.3208E+09,7.34014E+09,7.35949E+09,7.37884E+09,7.39819E+09,7.41753E+09,7.43687E+09,7.4562E+09,7.47551E+09,7.4948E+09,7.51407E+09,7.53331E+09,7.55251E+09,7.57167E+09,7.59078E+09,7.60983E+09,7.62881E+09,7.64772E+09,7.66655E+09,7.6853E+09,7.70397E+09,7.72255E+09,7.74106E+09,7.75949E+09,7.77784E+09,7.79611E+09,7.81431E+09,7.83242E+09,7.85046E+09,7.86841E+09,7.88629E+09,7.90409E+09,7.9218E+09,7.93946E+09,7.95707E+09,7.97464E+09,7.99219E+09,8.00972E+09,8.02722E+09,8.04471E+09,8.06218E+09,8.07964E+09,8.09708E+09,8.11453E+09,8.13199E+09,8.14947E+09,8.16697E+09,8.1845E+09,8.20206E+09,8.21965E+09,8.23726E+09,8.25491E+09,8.27259E+09,8.29029E+09,8.30803E+09,8.3258E+09,8.3436E+09,8.36145E+09,8.37935E+09,8.3973E+09,8.4153E+09,8.43335E+09,8.45145E+09,8.46959E+09,8.48777E+09,8.50598E+09,8.52421E+09,8.54245E+09,8.56071E+09,8.57898E+09,8.59724E+09,8.61551E+09,8.63376E+09,8.65201E+09,8.67026E+09,8.68849E+09,8.70671E+09,8.72492E+09,8.74312E+09,8.76131E+09,8.77949E+09,8.79765E+09,8.81581E+09,8.83396E+09,8.85212E+09,8.87028E+09,8.88843E+09,8.90658E+09,8.92473E+09,8.94286E+09,8.96099E+09,8.97913E+09,8.99729E+09,9.01548E+09,9.03369E+09,9.05193E+09,9.0702E+09,9.08849E+09,9.1068E+09,9.12513E+09,9.14348E+09,9.16184E+09,9.1802E+09,9.19858E+09,9.21695E+09,9.23532E+09,9.2537E+09,9.27207E+09,9.29044E+09,9.30881E+09,9.32718E+09,9.34555E+09,9.36391E+09,9.38227E+09,9.40063E+09,9.41898E+09,9.43733E+09,9.45567E+09,9.474E+09,9.49232E+09,9.51063E+09,9.52893E+09,9.54722E+09,9.5655E+09,9.58377E+09,9.60204E+09,9.62029E+09,9.63854E+09,9.65679E+09,9.67505E+09,9.69332E+09,9.7116E+09,9.7299E+09,9.74821E+09,9.76652E+09,9.78484E+09,9.80315E+09,9.82145E+09,9.83974E+09,9.858E+09,9.87624E+09,9.89445E+09,9.91262E+09,9.93076E+09,9.94884E+09,9.96688E+09,9.98486E+09,1.00028E+10,1.00207E+10,1.00385E+10,1.00562E+10,1.00739E+10,1.00915E+10,1.0109E+10,1.01265E+10,1.01439E+10,1.01612E+10,1.01784E+10,1.01956E+10,1.02127E+10,1.02297E+10,1.02466E+10,1.02635E+10,1.02802E+10,1.02969E+10,1.03136E+10,1.03301E+10,1.03466E+10,1.03629E+10,1.03792E+10,1.03955E+10,1.04116E+10,1.04277E+10,1.04437E+10,1.04596E+10,1.04754E+10,1.04911E+10,1.05068E+10,1.05224E+10,1.05379E+10,1.05534E+10,1.05687E+10,1.0584E+10,1.05992E+10,1.06143E+10,1.06293E+10,1.06443E+10,1.06592E+10,1.0674E+10,1.06887E+10,1.07034E+10,1.0718E+10,1.07325E+10,1.07469E+10,1.07612E+10,1.07755E+10,1.07897E+10,1.08038E+10,1.08178E+10,1.08318E+10,1.08457E+10,1.08595E+10,1.08732E+10,1.08869E+10,1.09005E+10,1.0914E+10,1.09275E+10,1.09408E+10,1.09541E+10,1.09674E+10,1.09805E+10,1.09936E+10,1.10066E+10,1.10196E+10,1.10325E+10,1.10453E+10,1.1058E+10,1.10707E+10,1.10833E+10,1.10959E+10,1.11084E+10,1.11209E+10,1.11333E+10,1.11457E+10,1.1158E+10,1.11704E+10,1.11827E+10,1.1195E+10,1.12073E+10,1.12195E+10,1.12318E+10,1.1244E+10,1.12563E+10,1.12685E+10,1.12807E+10,1.12929E+10,1.13051E+10,1.13173E+10,1.13295E+10,1.13417E+10,1.1354E+10,1.13663E+10,1.13786E+10,1.1391E+10,1.14034E+10,1.14159E+10,1.14284E+10,1.1441E+10,1.14537E+10,1.14664E+10,1.14791E+10,1.1492E+10,1.15048E+10,1.15177E+10,1.15306E+10,1.15436E+10,1.15565E+10,1.15695E+10,1.15825E+10,1.15955E+10,1.16085E+10,1.16214E+10,1.16343E+10,1.16471E+10,1.16599E+10,1.16726E+10,1.16853E+10,1.16979E+10,1.17104E+10,1.17229E+10,1.17354E+10,1.17478E+10,1.17601E+10,1.17724E+10,1.17847E+10,1.17969E+10,1.1809E+10,1.18211E+10,1.18332E+10,1.18452E+10,1.18572E+10,1.18691E+10,1.1881E+10,1.18928E+10,1.19047E+10,1.19164E+10,1.19282E+10,1.19399E+10,1.19516E+10,1.19632E+10,1.19748E+10,1.19864E+10,1.1998E+10,1.20095E+10,1.2021E+10,1.20324E+10,1.20439E+10,1.20553E+10,1.20666E+10,1.2078E+10,1.20893E+10,1.21006E+10,1.21119E+10,1.21231E+10,1.21343E+10,1.21455E+10,1.21566E+10,1.21677E+10,1.21788E+10,1.21899E+10,1.22009E+10,1.22119E+10,1.22228E+10,1.22338E+10,1.22447E+10,1.22555E+10,1.22664E+10,1.22772E+10,1.2288E+10,1.22987E+10,1.23094E+10,1.23201E+10,1.23307E+10,1.23413E+10,1.23519E+10,1.23624E+10,1.23729E+10,1.23834E+10,1.23938E+10,1.24042E+10,1.24145E+10,1.24248E+10,1.24351E+10,1.24453E+10,1.24555E+10,1.24657E+10,1.24758E+10,1.24859E+10,1.24959E+10,1.25059E+10,1.25159E+10,1.25258E+10,1.25357E+10,1.25456E+10,1.25554E+10,1.25651E+10,1.25749E+10,1.25846E+10,1.25942E+10,1.26038E+10,1.26134E+10,1.26229E+10,1.26324E+10,1.26419E+10,1.26513E+10,1.26607E+10,1.267E+10,1.26793E+10,1.26886E+10,1.26978E+10,1.2707E+10,1.27161E+10,1.27253E+10,1.27343E+10,1.27434E+10,1.27524E+10,1.27613E+10,1.27702E+10,1.27791E+10,1.2788E+10,1.27968E+10,1.28056E+10,1.28143E+10,1.2823E+10,1.28317E+10,1.28403E+10,1.2849E+10,1.28575E+10,1.28661E+10,1.28746E+10,1.28831E+10,1.28915E+10,1.28999E+10,1.29083E+10
"Cost of GDP Cumulative[Illinois]",0,0,0,0,0,0,0,0,0,0,0,0,0,0,0,0,0,0,0,0,0,2.80406E-41,6.52085E-41,1.11397E-40,4.03228E-40,1.57221E-39,3.19438E-39,4.82143E-39,6.58054E-39,8.53338E-39,1.18208E-38,1.62106E-38,2.0571E-38,0.00010683,0.00421597,0.0315525,0.127634,0.373764,0.906058,1.97417,4.08461,8.25243,16.3025,31.1385,58.5443,123.343,257.69,552.259,1147.27,2147,3625,5704.78,8547,12304.5,17124.7,23148.9,30513.7,39369.6,49980.6,62655.4,77696.7,95418.5,116184,140428,168667,201503,239628,283818,334921,393944,462306,551003,673557,835014,1.04002E+06,1.29554E+06,1.61094E+06,2.01267E+06,2.54154E+06,3.2391E+06,4.18587E+06,5.46738E+06,7.16108E+06,9.38391E+06,1.22287E+07,1.57543E+07,2.00022E+07,2.50274E+07,3.09774E+07,3.79912E+07,4.61699E+07,5.58217E+07,6.73204E+07,8.09388E+07,9.68332E+07,1.15077E+08,1.35699E+08,1.58693E+08,1.84046E+08,2.1174E+08,2.41759E+08,2.74114E+08,3.08804E+08,3.45819E+08,3.85135E+08,4.26722E+08,4.7054E+08,5.16547E+08,5.64691E+08,6.14918E+08,6.67176E+08,7.21418E+08,7.77603E+08,8.35733E+08,8.95928E+08,9.59103E+08,1.02646E+09,1.09854E+09,1.17566E+09,1.25797E+09,1.34555E+09,1.43842E+09,1.53682E+09,1.6412E+09,1.75182E+09,1.86878E+09,1.99207E+09,2.12162E+09,2.25733E+09,2.39908E+09,2.54681E+09,2.70052E+09,2.86018E+09,3.02574E+09,3.19711E+09,3.37416E+09,3.5567E+09,3.74455E+09,3.93749E+09,4.13532E+09,4.33782E+09,4.54475E+09,4.75591E+09,4.97108E+09,5.19002E+09,5.41251E+09,5.63832E+09,5.86723E+09,6.09901E+09,6.33342E+09,6.57025E+09,6.80927E+09,7.05025E+09,7.29297E+09,7.5372E+09,7.78272E+09,8.0293E+09,8.27673E+09,8.5248E+09,8.7733E+09,9.02203E+09,9.27081E+09,9.51944E+09,9.76775E+09,1.00156E+10,1.02628E+10,1.05092E+10,1.07547E+10,1.09991E+10,1.12424E+10,1.14846E+10,1.17256E+10,1.19655E+10,1.22045E+10,1.24427E+10,1.26802E+10,1.2917E+10,1.31531E+10,1.33886E+10,1.36234E+10,1.38574E+10,1.40906E+10,1.4323E+10,1.45544E+10,1.47848E+10,1.50141E+10,1.52422E+10,1.5469E+10,1.56944E+10,1.59184E+10,1.6141E+10,1.63621E+10,1.65819E+10,1.68003E+10,1.70173E+10,1.72329E+10,1.74471E+10,1.766E+10,1.78715E+10,1.80817E+10,1.82905E+10,1.8498E+10,1.87041E+10,1.8909E+10,1.91125E+10,1.93147E+10,1.95156E+10,1.97152E+10,1.99135E+10,2.01106E+10,2.03064E+10,2.05009E+10,2.06941E+10,2.08861E+10,2.10769E+10,2.12664E+10,2.14547E+10,2.16417E+10,2.18276E+10,2.20122E+10,2.21957E+10,2.23779E+10,2.2559E+10,2.27389E+10,2.29176E+10,2.30952E+10,2.32716E+10,2.34468E+10,2.3621E+10,2.3794E+10,2.39658E+10,2.41366E+10,2.43062E+10,2.44748E+10,2.46422E+10,2.48086E+10,2.49738E+10,2.5138E+10,2.53012E+10,2.54633E+10,2.56243E+10,2.57843E+10,2.59432E+10,2.61011E+10,2.6258E+10,2.64138E+10,2.65687E+10,2.67225E+10,2.68753E+10,2.70272E+10,2.71781E+10,2.7328E+10,2.74769E+10,2.76248E+10,2.77718E+10,2.79179E+10,2.8063E+10,2.82071E+10,2.83504E+10,2.84927E+10,2.86341E+10,2.87746E+10,2.89142E+10,2.90528E+10,2.91906E+10,2.93276E+10,2.94636E+10,2.95988E+10,2.97331E+10,2.98665E+10,2.99991E+10,3.01308E+10,3.02618E+10,3.03918E+10,3.05211E+10,3.06495E+10,3.07771E+10,3.0904E+10,3.103E+10,3.11552E+10,3.12796E+10,3.14033E+10,3.15262E+10,3.16483E+10,3.17696E+10,3.18902E+10,3.201E+10,3.21291E+10,3.22475E+10,3.23651E+10,3.2482E+10,3.25981E+10,3.27136E+10,3.28283E+10,3.29423E+10,3.30557E+10,3.31683E+10,3.32802E+10,3.33915E+10,3.35021E+10,3.3612E+10,3.37213E+10,3.38299E+10,3.39379E+10,3.40451E+10,3.41518E+10,3.42578E+10,3.43632E+10,3.4468E+10,3.45721E+10,3.46756E+10,3.47785E+10,3.48808E+10,3.49825E+10,3.50837E+10,3.51842E+10,3.52841E+10,3.53835E+10,3.54823E+10,3.55805E+10,3.56782E+10,3.57753E+10,3.58718E+10,3.59678E+10,3.60633E+10,3.61582E+10,3.62526E+10,3.63464E+10,3.64398E+10,3.65326E+10,3.66249E+10,3.67167E+10,3.6808E+10,3.68988E+10,3.69891E+10,3.70789E+10,3.71683E+10,3.72571E+10,3.73455E+10,3.74334E+10,3.75209E+10,3.76079E+10,3.76945E+10,3.77806E+10,3.78663E+10,3.79516E+10,3.80364E+10,3.81209E+10,3.82049E+10,3.82885E+10,3.83717E+10,3.84544E+10,3.85369E+10,3.86189E+10,3.87005E+10,3.87818E+10,3.88627E+10,3.89432E+10,3.90234E+10,3.91032E+10,3.91827E+10,3.92619E+10,3.93407E+10,3.94193E+10,3.94975E+10,3.95754E+10,3.9653E+10,3.97303E+10,3.98074E+10,3.98842E+10,3.99607E+10,4.0037E+10,4.01131E+10,4.01892E+10,4.02654E+10,4.03419E+10,4.04189E+10,4.04964E+10,4.05746E+10,4.06536E+10,4.07336E+10,4.08146E+10,4.08969E+10,4.09806E+10,4.10658E+10,4.11528E+10,4.12415E+10,4.13321E+10,4.14245E+10,4.15186E+10,4.16145E+10,4.17122E+10,4.18117E+10,4.19129E+10,4.20159E+10,4.21207E+10,4.22273E+10,4.23356E+10,4.24455E+10,4.25571E+10,4.26702E+10,4.27847E+10,4.29005E+10,4.30176E+10,4.31358E+10,4.32551E+10,4.33753E+10,4.34964E+10,4.36183E+10,4.3741E+10,4.38645E+10,4.39888E+10,4.41138E+10,4.42397E+10,4.43664E+10,4.44938E+10,4.4622E+10,4.47508E+10,4.48801E+10,4.501E+10,4.51405E+10,4.52714E+10,4.5403E+10,4.55349E+10,4.56673E+10,4.58001E+10,4.59331E+10,4.60665E+10,4.62002E+10,4.63342E+10,4.64686E+10,4.66033E+10,4.67383E+10,4.68737E+10,4.70093E+10,4.71452E+10,4.72813E+10,4.74175E+10,4.75538E+10,4.76902E+10,4.78266E+10,4.79631E+10,4.80994E+10,4.82355E+10,4.83713E+10,4.85066E+10,4.86415E+10,4.87758E+10,4.89094E+10,4.90423E+10,4.91745E+10,4.9306E+10,4.94369E+10,4.9567E+10,4.96964E+10,4.98252E+10,4.99533E+10,5.00806E+10,5.02074E+10,5.03334E+10,5.04588E+10,5.05835E+10,5.07075E+10,5.08309E+10,5.09536E+10,5.10756E+10,5.1197E+10,5.13178E+10,5.14379E+10,5.15574E+10,5.16763E+10,5.17945E+10,5.19121E+10,5.20291E+10,5.21455E+10,5.22613E+10,5.23765E+10,5.2491E+10,5.2605E+10,5.27184E+10,5.28313E+10,5.29435E+10,5.30551E+10,5.31662E+10,5.32767E+10,5.33867E+10,5.34961E+10,5.36049E+10,5.37131E+10,5.38208E+10,5.3928E+10,5.40346E+10,5.41407E+10,5.42462E+10,5.43512E+10,5.44556E+10,5.45595E+10,5.46629E+10,5.47658E+10,5.48681E+10,5.49699E+10,5.50712E+10,5.5172E+10,5.52723E+10,5.53721E+10,5.54713E+10,5.557E+10,5.56683E+10,5.5766E+10,5.58633E+10,5.596E+10,5.60563E+10,5.6152E+10,5.62473E+10,5.6342E+10,5.64363E+10,5.65301E+10,5.66235E+10,5.67163E+10,5.68087E+10,5.69006E+10,5.6992E+10,5.7083E+10,5.71735E+10,5.72636E+10,5.73531E+10,5.74423E+10,5.7531E+10,5.76192E+10,5.7707E+10,5.77943E+10,5.78812E+10,5.79676E+10,5.80536E+10,5.81392E+10,5.82244E+10,5.83091E+10,5.83934E+10,5.84772E+10,5.85607E+10,5.86437E+10,5.87263E+10,5.88085E+10,5.88903E+10,5.89717E+10,5.90527E+10,5.91333E+10,5.92135E+10,5.92933E+10,5.93727E+10,5.94518E+10,5.95304E+10,5.96087E+10,5.96865E+10,5.9764E+10,5.98411E+10,5.99179E+10,5.99943E+10,6.00703E+10,6.01459E+10,6.02212E+10,6.02961E+10,6.03706E+10,6.04448E+10,6.05186E+10,6.05921E+10,6.06652E+10,6.0738E+10,6.08104E+10,6.08825E+10,6.09542E+10,6.10256E+10,6.10967E+10,6.11674E+10,6.12377E+10,6.13078E+10,6.13775E+10,6.14468E+10,6.15159E+10,6.15846E+10,6.1653E+10,6.1721E+10,6.17887E+10,6.18561E+10,6.19232E+10,6.199E+10,6.20564E+10,6.21226E+10,6.21884E+10,6.22539E+10,6.23191E+10,6.23841E+10,6.24489E+10,6.25136E+10,6.25781E+10,6.26427E+10,6.27073E+10,6.27722E+10,6.28373E+10,6.29028E+10,6.29687E+10,6.30351E+10,6.31022E+10,6.31699E+10,6.32382E+10,6.33071E+10,6.33766E+10,6.34466E+10,6.35171E+10,6.3588E+10,6.36594E+10,6.37312E+10,6.38034E+10,6.38761E+10,6.39491E+10,6.40226E+10,6.40964E+10,6.41706E+10,6.42453E+10,6.43203E+10,6.43958E+10,6.44718E+10,6.45483E+10,6.46253E+10,6.47029E+10,6.47812E+10,6.48605E+10,6.49409E+10,6.50228E+10,6.51064E+10,6.51917E+10,6.52788E+10,6.53679E+10,6.54592E+10,6.55529E+10,6.56492E+10,6.57483E+10,6.58504E+10,6.59554E+10,6.60636E+10,6.61749E+10,6.62895E+10,6.64074E+10,6.65286E+10,6.66533E+10,6.67815E+10,6.69132E+10,6.70484E+10,6.71871E+10,6.73292E+10,6.74749E+10,6.7624E+10,6.77767E+10,6.79328E+10,6.80923E+10,6.8255E+10,6.84209E+10,6.85898E+10,6.87617E+10,6.89362E+10,6.91133E+10,6.92929E+10,6.94746E+10,6.96584E+10,6.98442E+10,7.00317E+10,7.02208E+10,7.04114E+10,7.06033E+10,7.07964E+10,7.09906E+10,7.11858E+10,7.13818E+10,7.15786E+10,7.17761E+10,7.19741E+10,7.21726E+10,7.23715E+10,7.25708E+10,7.27703E+10,7.297E+10,7.31699E+10,7.337E+10,7.35701E+10,7.37703E+10,7.39706E+10,7.41709E+10,7.43714E+10,7.45719E+10,7.47725E+10,7.49731E+10,7.51737E+10,7.53743E+10,7.55749E+10,7.57753E+10,7.59755E+10,7.61755E+10,7.63751E+10,7.65744E+10,7.67732E+10,7.69716E+10,7.71692E+10,7.73661E+10,7.75622E+10,7.77574E+10,7.79516E+10,7.81449E+10,7.83371E+10,7.85284E+10,7.87187E+10,7.8908E+10,7.90963E+10,7.92836E+10,7.947E+10,7.96554E+10,7.98399E+10,8.00235E+10,8.0206E+10,8.03877E+10,8.05685E+10,8.07485E+10,8.0928E+10,8.11071E+10,8.12859E+10,8.14644E+10,8.16427E+10,8.18207E+10,8.19986E+10,8.21764E+10,8.23541E+10,8.25318E+10,8.27097E+10,8.28879E+10,8.30663E+10,8.32451E+10,8.34244E+10,8.3604E+10,8.3784E+10,8.39644E+10,8.41453E+10,8.43266E+10,8.45084E+10,8.46906E+10,8.48734E+10,8.50568E+10,8.52409E+10,8.54255E+10,8.56108E+10,8.57968E+10,8.59833E+10,8.61704E+10,8.63581E+10,8.65461E+10,8.67345E+10,8.69233E+10,8.71122E+10,8.73014E+10,8.74906E+10,8.768E+10,8.78694E+10,8.80588E+10,8.82483E+10,8.84377E+10,8.86271E+10,8.88164E+10,8.90057E+10,8.91949E+10,8.9384E+10,8.95731E+10,8.97621E+10,8.99511E+10,9.01403E+10,9.03294E+10,9.05186E+10,9.07079E+10,9.08971E+10,9.10863E+10,9.12756E+10,9.1465E+10,9.16548E+10,9.18449E+10,9.20354E+10,9.22262E+10,9.24175E+10,9.26091E+10,9.28011E+10,9.29933E+10,9.31859E+10,9.33788E+10,9.3572E+10,9.37653E+10,9.39589E+10,9.41526E+10,9.43465E+10,9.45405E+10,9.47347E+10,9.4929E+10,9.51235E+10,9.5318E+10,9.55127E+10,9.57074E+10,9.59021E+10,9.60968E+10,9.62916E+10,9.64863E+10,9.66809E+10,9.68755E+10,9.707E+10,9.72644E+10,9.74586E+10,9.76527E+10,9.78466E+10,9.80404E+10,9.8234E+10,9.84274E+10,9.86207E+10,9.88139E+10,9.90071E+10,9.92002E+10,9.93932E+10,9.95862E+10,9.9779E+10,9.99715E+10,1.00164E+11,1.00356E+11,1.00547E+11,1.00739E+11,1.00929E+11,1.01119E+11,1.01309E+11,1.01498E+11,1.01686E+11,1.01873E+11,1.0206E+11,1.02246E+11,1.02431E+11,1.02615E+11,1.02799E+11,1.02981E+11,1.03163E+11,1.03344E+11,1.03524E+11,1.03703E+11,1.03881E+11,1.04058E+11,1.04235E+11,1.0441E+11,1.04585E+11,1.04758E+11,1.04931E+11,1.05103E+11,1.05274E+11,1.05444E+11,1.05614E+11,1.05782E+11,1.0595E+11,1.06117E+11,1.06283E+11,1.06448E+11,1.06612E+11,1.06776E+11,1.06938E+11,1.071E+11,1.07261E+11,1.07421E+11,1.0758E+11,1.07739E+11,1.07897E+11,1.08054E+11,1.0821E+11,1.08365E+11,1.0852E+11,1.08673E+11,1.08826E+11,1.08979E+11,1.0913E+11,1.09281E+11,1.09431E+11,1.0958E+11,1.09729E+11,1.09876E+11,1.10024E+11,1.1017E+11,1.10315E+11,1.1046E+11,1.10605E+11,1.10748E+11,1.10891E+11,1.11033E+11,1.11174E+11,1.11315E+11,1.11455E+11,1.11595E+11,1.11733E+11,1.11871E+11,1.12009E+11,1.12145E+11,1.12282E+11,1.12417E+11,1.12552E+11,1.12686E+11,1.1282E+11,1.12953E+11,1.13085E+11,1.13217E+11,1.13349E+11,1.1348E+11,1.13611E+11,1.13741E+11,1.13871E+11,1.14E+11,1.1413E+11,1.14259E+11,1.14389E+11,1.14518E+11,1.14647E+11,1.14776E+11,1.14905E+11,1.15034E+11,1.15163E+11,1.15292E+11,1.15421E+11,1.1555E+11,1.15678E+11,1.15808E+11,1.15937E+11,1.16066E+11,1.16196E+11,1.16327E+11,1.16458E+11,1.16589E+11,1.16721E+11,1.16853E+11,1.16986E+11,1.1712E+11,1.17254E+11,1.17389E+11,1.17524E+11,1.1766E+11,1.17796E+11,1.17932E+11,1.18069E+11,1.18207E+11,1.18344E+11,1.18481E+11,1.18619E+11,1.18756E+11,1.18894E+11,1.1903E+11,1.19167E+11,1.19303E+11,1.19438E+11,1.19573E+11,1.19707E+11,1.1984E+11,1.19973E+11,1.20106E+11,1.20237E+11,1.20368E+11,1.20499E+11,1.20629E+11,1.20759E+11,1.20888E+11,1.21016E+11,1.21144E+11,1.21271E+11,1.21398E+11,1.21524E+11,1.2165E+11,1.21776E+11,1.21901E+11,1.22025E+11,1.22149E+11,1.22273E+11,1.22396E+11,1.22519E+11,1.22641E+11,1.22763E+11,1.22885E+11,1.23006E+11,1.23127E+11,1.23247E+11,1.23368E+11,1.23487E+11,1.23607E+11,1.23725E+11,1.23844E+11,1.23962E+11,1.2408E+11,1.24198E+11,1.24315E+11,1.24431E+11,1.24548E+11,1.24664E+11,1.24779E+11,1.24895E+11,1.25009E+11,1.25124E+11,1.25238E+11,1.25352E+11,1.25465E+11,1.25578E+11,1.2569E+11,1.25802E+11,1.25914E+11,1.26025E+11,1.26136E+11,1.26247E+11,1.26357E+11,1.26466E+11,1.26575E+11,1.26684E+11,1.26792E+11,1.269E+11,1.27007E+11,1.27114E+11,1.27221E+11,1.27327E+11,1.27433E+11,1.27538E+11,1.27643E+11,1.27747E+11,1.27851E+11,1.27954E+11,1.28057E+11,1.2816E+11,1.28262E+11,1.28364E+11,1.28465E+11,1.28566E+11,1.28667E+11,1.28767E+11,1.28866E+11,1.28965E+11,1.29064E+11,1.29163E+11,1.2926E+11,1.29358E+11,1.29455E+11,1.29552E+11,1.29648E+11,1.29744E+11,1.2984E+11,1.29935E+11,1.3003E+11,1.30124E+11,1.30218E+11,1.30312E+11,1.30405E+11,1.30498E+11,1.3059E+11,1.30683E+11,1.30774E+11,1.30866E+11,1.30957E+11,1.31048E+11,1.31138E+11,1.31228E+11,1.31318E+11,1.31408E+11,1.31497E+11,1.31586E+11,1.31674E+11,1.31762E+11,1.3185E+11,1.31938E+11,1.32025E+11,1.32112E+11,1.32199E+11,1.32285E+11,1.32371E+11
"Cost of GDP Cumulative[Indiana]",0,0,0,0,0,0,0,0,0,0,0,0,0,0,0,0,0,0,0,0,0,1.22304E-41,2.84418E-41,4.85879E-41,1.7588E-40,6.85778E-40,1.39336E-39,2.10306E-39,2.87038E-39,3.7222E-39,5.15621E-39,7.07111E-39,8.97316E-39,1.2318E-38,1.65054E-38,2.0686E-38,2.38229E-05,0.000944388,0.0103966,0.0667046,0.30017,1.04165,2.95688,7.17718,16.1002,40.4548,94.2047,216.904,469.799,898.548,1535.52,2435.06,3667.96,5301.91,7402.7,10034,13258.4,17145.6,21816.8,27414.5,34081.8,41971,51260.8,62169.7,74962.1,89954.9,107526,128119,152246,180538,213871,257388,317440,396833,498403,626256,785849,990503,1.26028E+06,1.61615E+06,2.09675E+06,2.74369E+06,3.596E+06,4.71098E+06,6.1363E+06,7.90481E+06,1.00414E+07,1.25761E+07,1.55779E+07,1.91116E+07,2.32242E+07,2.80524E+07,3.37607E+07,4.04689E+07,4.82455E+07,5.71222E+07,6.71107E+07,7.8208E+07,9.04069E+07,1.03698E+08,1.18073E+08,1.33535E+08,1.50082E+08,1.67708E+08,1.86399E+08,2.06141E+08,2.26913E+08,2.48695E+08,2.7146E+08,2.95183E+08,3.19836E+08,3.45396E+08,3.7184E+08,3.99166E+08,4.27421E+08,4.57E+08,4.8842E+08,5.2192E+08,5.57621E+08,5.95592E+08,6.35861E+08,6.78431E+08,7.23401E+08,7.70964E+08,8.21226E+08,8.74224E+08,9.29952E+08,9.88377E+08,1.04945E+09,1.1131E+09,1.17933E+09,1.24812E+09,1.31945E+09,1.39331E+09,1.46966E+09,1.54843E+09,1.62955E+09,1.71294E+09,1.79851E+09,1.88616E+09,1.97579E+09,2.06732E+09,2.16064E+09,2.25566E+09,2.35228E+09,2.45041E+09,2.54994E+09,2.65078E+09,2.75282E+09,2.85597E+09,2.96013E+09,3.06521E+09,3.1711E+09,3.27771E+09,3.38495E+09,3.49271E+09,3.6009E+09,3.70942E+09,3.81819E+09,3.92712E+09,4.03611E+09,4.1451E+09,4.25399E+09,4.36271E+09,4.47119E+09,4.57937E+09,4.68718E+09,4.79456E+09,4.90147E+09,5.00786E+09,5.11372E+09,5.21906E+09,5.32391E+09,5.42833E+09,5.53239E+09,5.63612E+09,5.73955E+09,5.84266E+09,5.94547E+09,6.04797E+09,6.15012E+09,6.25192E+09,6.35334E+09,6.45433E+09,6.55487E+09,6.65493E+09,6.75445E+09,6.85339E+09,6.95173E+09,7.04945E+09,7.14654E+09,7.24302E+09,7.33888E+09,7.43414E+09,7.52879E+09,7.62284E+09,7.7163E+09,7.80916E+09,7.90142E+09,7.9931E+09,8.0842E+09,8.17471E+09,8.26465E+09,8.35402E+09,8.44281E+09,8.53104E+09,8.6187E+09,8.70581E+09,8.79236E+09,8.87835E+09,8.9638E+09,9.0487E+09,9.13306E+09,9.21687E+09,9.30016E+09,9.3829E+09,9.46512E+09,9.54682E+09,9.62799E+09,9.70865E+09,9.78878E+09,9.86841E+09,9.94753E+09,1.00261E+10,1.01042E+10,1.01819E+10,1.0259E+10,1.03356E+10,1.04117E+10,1.04874E+10,1.05625E+10,1.06372E+10,1.07114E+10,1.07851E+10,1.08584E+10,1.09311E+10,1.10034E+10,1.10753E+10,1.11467E+10,1.12176E+10,1.12881E+10,1.13581E+10,1.14277E+10,1.14968E+10,1.15655E+10,1.16337E+10,1.17015E+10,1.17689E+10,1.18359E+10,1.19024E+10,1.19685E+10,1.20342E+10,1.20994E+10,1.21643E+10,1.22288E+10,1.22928E+10,1.23565E+10,1.24198E+10,1.24827E+10,1.25452E+10,1.26073E+10,1.26691E+10,1.27305E+10,1.27915E+10,1.28522E+10,1.29125E+10,1.29725E+10,1.30321E+10,1.30913E+10,1.31503E+10,1.32089E+10,1.32671E+10,1.3325E+10,1.33826E+10,1.34398E+10,1.34967E+10,1.35533E+10,1.36096E+10,1.36655E+10,1.37211E+10,1.37763E+10,1.38313E+10,1.38859E+10,1.39401E+10,1.39941E+10,1.40478E+10,1.41011E+10,1.41541E+10,1.42068E+10,1.42592E+10,1.43112E+10,1.4363E+10,1.44144E+10,1.44655E+10,1.45164E+10,1.45669E+10,1.46171E+10,1.4667E+10,1.47167E+10,1.4766E+10,1.4815E+10,1.48637E+10,1.49122E+10,1.49603E+10,1.50081E+10,1.50557E+10,1.5103E+10,1.51499E+10,1.51967E+10,1.52431E+10,1.52892E+10,1.53351E+10,1.53806E+10,1.5426E+10,1.5471E+10,1.55157E+10,1.55602E+10,1.56045E+10,1.56484E+10,1.56921E+10,1.57355E+10,1.57787E+10,1.58216E+10,1.58642E+10,1.59066E+10,1.59487E+10,1.59906E+10,1.60322E+10,1.60736E+10,1.61148E+10,1.61557E+10,1.61963E+10,1.62368E+10,1.6277E+10,1.63169E+10,1.63567E+10,1.63962E+10,1.64355E+10,1.64747E+10,1.65136E+10,1.65523E+10,1.65908E+10,1.66291E+10,1.66672E+10,1.67052E+10,1.6743E+10,1.67806E+10,1.6818E+10,1.68552E+10,1.68923E+10,1.69292E+10,1.69659E+10,1.70025E+10,1.70389E+10,1.70752E+10,1.71112E+10,1.71472E+10,1.71829E+10,1.72185E+10,1.7254E+10,1.72893E+10,1.73244E+10,1.73594E+10,1.73943E+10,1.7429E+10,1.74636E+10,1.74981E+10,1.75324E+10,1.75666E+10,1.76007E+10,1.76346E+10,1.76684E+10,1.77022E+10,1.77359E+10,1.77697E+10,1.78037E+10,1.78378E+10,1.78722E+10,1.79068E+10,1.79418E+10,1.79773E+10,1.80132E+10,1.80496E+10,1.80867E+10,1.81245E+10,1.81631E+10,1.82025E+10,1.82426E+10,1.82836E+10,1.83254E+10,1.8368E+10,1.84114E+10,1.84556E+10,1.85007E+10,1.85465E+10,1.85932E+10,1.86407E+10,1.8689E+10,1.87381E+10,1.87879E+10,1.88385E+10,1.88897E+10,1.89416E+10,1.8994E+10,1.9047E+10,1.91005E+10,1.91545E+10,1.92089E+10,1.92637E+10,1.93189E+10,1.93744E+10,1.94304E+10,1.94867E+10,1.95435E+10,1.96006E+10,1.96581E+10,1.9716E+10,1.97742E+10,1.98327E+10,1.98915E+10,1.99505E+10,2.00099E+10,2.00695E+10,2.01293E+10,2.01894E+10,2.02497E+10,2.03102E+10,2.03708E+10,2.04317E+10,2.04927E+10,2.05539E+10,2.06153E+10,2.06769E+10,2.07386E+10,2.08005E+10,2.08625E+10,2.09247E+10,2.0987E+10,2.10493E+10,2.11117E+10,2.11742E+10,2.12367E+10,2.12992E+10,2.13616E+10,2.14239E+10,2.14861E+10,2.15481E+10,2.16099E+10,2.16714E+10,2.17326E+10,2.17936E+10,2.18543E+10,2.19147E+10,2.19748E+10,2.20347E+10,2.20943E+10,2.21536E+10,2.22126E+10,2.22714E+10,2.23299E+10,2.23881E+10,2.24461E+10,2.25038E+10,2.25612E+10,2.26183E+10,2.26752E+10,2.27318E+10,2.27882E+10,2.28442E+10,2.29E+10,2.29555E+10,2.30107E+10,2.30657E+10,2.31204E+10,2.31748E+10,2.3229E+10,2.32829E+10,2.33365E+10,2.33899E+10,2.3443E+10,2.34959E+10,2.35484E+10,2.36008E+10,2.36528E+10,2.37047E+10,2.37562E+10,2.38075E+10,2.38585E+10,2.39093E+10,2.39599E+10,2.40101E+10,2.40601E+10,2.41099E+10,2.41594E+10,2.42087E+10,2.42577E+10,2.43065E+10,2.4355E+10,2.44033E+10,2.44513E+10,2.44991E+10,2.45467E+10,2.4594E+10,2.4641E+10,2.46879E+10,2.47345E+10,2.47808E+10,2.4827E+10,2.48729E+10,2.49186E+10,2.49641E+10,2.50093E+10,2.50543E+10,2.50991E+10,2.51437E+10,2.51881E+10,2.52322E+10,2.52762E+10,2.53199E+10,2.53633E+10,2.54066E+10,2.54497E+10,2.54925E+10,2.55352E+10,2.55777E+10,2.56199E+10,2.5662E+10,2.57039E+10,2.57455E+10,2.5787E+10,2.58283E+10,2.58695E+10,2.59104E+10,2.59512E+10,2.59918E+10,2.60322E+10,2.60724E+10,2.61125E+10,2.61523E+10,2.61921E+10,2.62316E+10,2.6271E+10,2.63102E+10,2.63493E+10,2.63881E+10,2.64269E+10,2.64654E+10,2.65038E+10,2.65421E+10,2.65802E+10,2.66181E+10,2.66559E+10,2.66935E+10,2.67309E+10,2.67682E+10,2.68053E+10,2.68422E+10,2.6879E+10,2.69157E+10,2.69521E+10,2.69884E+10,2.70245E+10,2.70605E+10,2.70963E+10,2.71319E+10,2.71673E+10,2.72026E+10,2.72378E+10,2.72727E+10,2.73075E+10,2.73421E+10,2.73766E+10,2.74108E+10,2.74449E+10,2.74789E+10,2.75126E+10,2.75462E+10,2.75797E+10,2.7613E+10,2.76461E+10,2.7679E+10,2.77118E+10,2.77444E+10,2.77768E+10,2.78091E+10,2.78412E+10,2.78732E+10,2.7905E+10,2.79366E+10,2.79681E+10,2.79994E+10,2.80307E+10,2.80618E+10,2.80928E+10,2.81238E+10,2.81548E+10,2.81858E+10,2.82169E+10,2.82481E+10,2.82794E+10,2.83109E+10,2.83426E+10,2.83746E+10,2.84069E+10,2.84395E+10,2.84723E+10,2.85054E+10,2.85386E+10,2.85722E+10,2.86059E+10,2.86398E+10,2.86739E+10,2.87081E+10,2.87426E+10,2.87772E+10,2.8812E+10,2.8847E+10,2.88822E+10,2.89175E+10,2.8953E+10,2.89886E+10,2.90245E+10,2.90606E+10,2.90969E+10,2.91334E+10,2.91701E+10,2.92073E+10,2.92449E+10,2.92831E+10,2.9322E+10,2.93615E+10,2.94018E+10,2.94429E+10,2.94848E+10,2.95277E+10,2.95717E+10,2.96168E+10,2.96631E+10,2.97106E+10,2.97593E+10,2.98094E+10,2.98607E+10,2.99134E+10,2.99675E+10,3.0023E+10,3.008E+10,3.01384E+10,3.01982E+10,3.02595E+10,3.03222E+10,3.03865E+10,3.04522E+10,3.05193E+10,3.0588E+10,3.06581E+10,3.07296E+10,3.08025E+10,3.08766E+10,3.09521E+10,3.10287E+10,3.11064E+10,3.11851E+10,3.12648E+10,3.13455E+10,3.14269E+10,3.15092E+10,3.15922E+10,3.16758E+10,3.176E+10,3.18448E+10,3.19301E+10,3.20158E+10,3.21019E+10,3.21885E+10,3.22753E+10,3.23625E+10,3.24499E+10,3.25376E+10,3.26255E+10,3.27135E+10,3.28018E+10,3.28902E+10,3.29788E+10,3.30674E+10,3.31562E+10,3.32452E+10,3.33342E+10,3.34234E+10,3.35128E+10,3.36023E+10,3.36919E+10,3.37817E+10,3.38716E+10,3.39616E+10,3.40516E+10,3.41417E+10,3.42319E+10,3.4322E+10,3.44122E+10,3.45023E+10,3.45923E+10,3.46822E+10,3.47719E+10,3.48614E+10,3.49507E+10,3.50398E+10,3.51286E+10,3.52171E+10,3.53053E+10,3.53933E+10,3.5481E+10,3.55685E+10,3.56557E+10,3.57427E+10,3.58294E+10,3.59159E+10,3.60022E+10,3.60882E+10,3.6174E+10,3.62596E+10,3.63451E+10,3.64304E+10,3.65158E+10,3.66012E+10,3.66866E+10,3.67722E+10,3.68577E+10,3.69434E+10,3.70292E+10,3.71151E+10,3.72012E+10,3.72875E+10,3.73741E+10,3.74609E+10,3.75481E+10,3.76355E+10,3.77233E+10,3.78113E+10,3.78997E+10,3.79883E+10,3.80773E+10,3.81666E+10,3.82561E+10,3.8346E+10,3.84363E+10,3.85269E+10,3.86178E+10,3.87091E+10,3.88008E+10,3.88928E+10,3.8985E+10,3.90775E+10,3.91703E+10,3.92632E+10,3.93563E+10,3.94495E+10,3.95429E+10,3.96362E+10,3.97297E+10,3.98231E+10,3.99166E+10,4.001E+10,4.01034E+10,4.01968E+10,4.02901E+10,4.03834E+10,4.04766E+10,4.05697E+10,4.06627E+10,4.07557E+10,4.08486E+10,4.09415E+10,4.10344E+10,4.11272E+10,4.12199E+10,4.13125E+10,4.14051E+10,4.14977E+10,4.15902E+10,4.16828E+10,4.17754E+10,4.18682E+10,4.1961E+10,4.20539E+10,4.21469E+10,4.22399E+10,4.2333E+10,4.24261E+10,4.25193E+10,4.26125E+10,4.27057E+10,4.27988E+10,4.2892E+10,4.29851E+10,4.30782E+10,4.31713E+10,4.32643E+10,4.33573E+10,4.34503E+10,4.35432E+10,4.36361E+10,4.37288E+10,4.38215E+10,4.39141E+10,4.40067E+10,4.40991E+10,4.41914E+10,4.42836E+10,4.43756E+10,4.44676E+10,4.45593E+10,4.4651E+10,4.47425E+10,4.48338E+10,4.4925E+10,4.50161E+10,4.51071E+10,4.5198E+10,4.52888E+10,4.53795E+10,4.54701E+10,4.55606E+10,4.56509E+10,4.57411E+10,4.5831E+10,4.59207E+10,4.60102E+10,4.60994E+10,4.61883E+10,4.62769E+10,4.63651E+10,4.64531E+10,4.65406E+10,4.66278E+10,4.67146E+10,4.6801E+10,4.6887E+10,4.69726E+10,4.70577E+10,4.71425E+10,4.72268E+10,4.73107E+10,4.73942E+10,4.74773E+10,4.75599E+10,4.76421E+10,4.77239E+10,4.78053E+10,4.78863E+10,4.79669E+10,4.80471E+10,4.81268E+10,4.82062E+10,4.82851E+10,4.83637E+10,4.84419E+10,4.85197E+10,4.85971E+10,4.86741E+10,4.87507E+10,4.88269E+10,4.89028E+10,4.89783E+10,4.90534E+10,4.91282E+10,4.92025E+10,4.92766E+10,4.93502E+10,4.94235E+10,4.94964E+10,4.9569E+10,4.96412E+10,4.97131E+10,4.97846E+10,4.98558E+10,4.99266E+10,4.99971E+10,5.00672E+10,5.0137E+10,5.02065E+10,5.02756E+10,5.03444E+10,5.04129E+10,5.0481E+10,5.05488E+10,5.06163E+10,5.06834E+10,5.07503E+10,5.08168E+10,5.0883E+10,5.09489E+10,5.10145E+10,5.10798E+10,5.11448E+10,5.12095E+10,5.1274E+10,5.13381E+10,5.14019E+10,5.14655E+10,5.15288E+10,5.15918E+10,5.16545E+10,5.1717E+10,5.17792E+10,5.18412E+10,5.19029E+10,5.19645E+10,5.20258E+10,5.2087E+10,5.21481E+10,5.2209E+10,5.22699E+10,5.23307E+10,5.23915E+10,5.24522E+10,5.25129E+10,5.25736E+10,5.26343E+10,5.26949E+10,5.27555E+10,5.28162E+10,5.28768E+10,5.29374E+10,5.29981E+10,5.30588E+10,5.31197E+10,5.31807E+10,5.32418E+10,5.33032E+10,5.33647E+10,5.34265E+10,5.34885E+10,5.35508E+10,5.36134E+10,5.36763E+10,5.37395E+10,5.3803E+10,5.38667E+10,5.39307E+10,5.39949E+10,5.40593E+10,5.41238E+10,5.41886E+10,5.42534E+10,5.43183E+10,5.43833E+10,5.44484E+10,5.45133E+10,5.45782E+10,5.46429E+10,5.47074E+10,5.47717E+10,5.48359E+10,5.48998E+10,5.49635E+10,5.5027E+10,5.50903E+10,5.51533E+10,5.52162E+10,5.52789E+10,5.53415E+10,5.54038E+10,5.54659E+10,5.55279E+10,5.55896E+10,5.56512E+10,5.57127E+10,5.57739E+10,5.5835E+10,5.58959E+10,5.59567E+10,5.60173E+10,5.60778E+10,5.6138E+10,5.61982E+10,5.62582E+10,5.6318E+10,5.63777E+10,5.64373E+10,5.64967E+10,5.6556E+10,5.66151E+10,5.66741E+10,5.67329E+10,5.67917E+10,5.68503E+10,5.69087E+10,5.69671E+10,5.70253E+10,5.70834E+10,5.71413E+10,5.71992E+10,5.72569E+10,5.73145E+10,5.73719E+10,5.74293E+10,5.74865E+10,5.75435E+10,5.76005E+10,5.76573E+10,5.7714E+10,5.77706E+10,5.7827E+10,5.78833E+10,5.79394E+10,5.79955E+10,5.80513E+10,5.81071E+10,5.81627E+10,5.82181E+10,5.82734E+10,5.83286E+10,5.83836E+10,5.84384E+10,5.84932E+10,5.85477E+10,5.86021E+10,5.86564E+10,5.87105E+10,5.87644E+10,5.88182E+10,5.88718E+10,5.89253E+10,5.89786E+10,5.90318E+10,5.90848E+10,5.91376E+10,5.91903E+10,5.92429E+10,5.92952E+10,5.93475E+10,5.93995E+10,5.94515E+10,5.95033E+10,5.95549E+10,5.96064E+10,5.96577E+10,5.97089E+10,5.976E+10,5.98109E+10,5.98617E+10,5.99124E+10,5.9963E+10,6.00134E+10,6.00637E+10,6.01138E+10,6.01639E+10,6.02138E+10,6.02637E+10,6.03134E+10,6.0363E+10,6.04125E+10,6.04619E+10,6.05112E+10,6.05604E+10,6.06095E+10,6.06585E+10,6.07074E+10,6.07562E+10,6.08049E+10,6.08535E+10,6.0902E+10,6.09504E+10,6.09987E+10,6.10469E+10,6.1095E+10,6.1143E+10,6.11909E+10,6.12386E+10,6.12863E+10,6.13339E+10
"Cost of GDP Cumulative[Iowa]",0,0,0,0,0,0,0,0,0,0,0,0,0,0,0,0,0,0,0,0,0,6.27772E-42,1.45989E-41,2.49394E-41,4.7568E-41,1.2647E-40,2.30311E-40,3.38947E-40,2.26725E-05,0.00266578,0.0254934,0.115166,0.357105,0.882207,1.87194,3.56251,6.24876,10.2883,16.1063,24.2031,35.1701,49.7179,68.7156,93.2305,124.708,166.436,222.517,302.464,420.418,587.505,812.332,1108.25,1492.25,1981.02,2591.2,3339.46,4242.68,5319.79,6600.73,8120.43,9914.39,12020.5,14482.5,17352.9,20693.8,24578,29090.2,34326.9,40396.3,47426.5,55589.4,65921.6,79693.6,97427,119621,146995,180493,222603,277111,347883,442289,568165,732637,946387,1.21796E+06,1.55288E+06,1.95514E+06,2.42997E+06,2.99092E+06,3.65083E+06,4.41917E+06,5.32408E+06,6.39962E+06,7.67091E+06,9.15269E+06,1.08523E+07,1.27732E+07,1.49158E+07,1.728E+07,1.9865E+07,2.26707E+07,2.56991E+07,2.89517E+07,3.24288E+07,3.61296E+07,4.00527E+07,4.41963E+07,4.85577E+07,5.31338E+07,5.79213E+07,6.29168E+07,6.81175E+07,7.35208E+07,7.91283E+07,8.49522E+07,9.10774E+07,9.76143E+07,1.04624E+08,1.12258E+08,1.20728E+08,1.30234E+08,1.40951E+08,1.53067E+08,1.66776E+08,1.82215E+08,1.99468E+08,2.18576E+08,2.39549E+08,2.62373E+08,2.87016E+08,3.13452E+08,3.41648E+08,3.71563E+08,4.03151E+08,4.36354E+08,4.71103E+08,5.07318E+08,5.44916E+08,5.8381E+08,6.23915E+08,6.65148E+08,7.07425E+08,7.50665E+08,7.94787E+08,8.39713E+08,8.85364E+08,9.31665E+08,9.78541E+08,1.02592E+09,1.07372E+09,1.12189E+09,1.17035E+09,1.21903E+09,1.26788E+09,1.31683E+09,1.36582E+09,1.41478E+09,1.46368E+09,1.51244E+09,1.56104E+09,1.6094E+09,1.65751E+09,1.70532E+09,1.75286E+09,1.80013E+09,1.84712E+09,1.89384E+09,1.94029E+09,1.98648E+09,2.03241E+09,2.07808E+09,2.12357E+09,2.16901E+09,2.21453E+09,2.26025E+09,2.30626E+09,2.3526E+09,2.3993E+09,2.44638E+09,2.49383E+09,2.54164E+09,2.58977E+09,2.6382E+09,2.68688E+09,2.73576E+09,2.78479E+09,2.8339E+09,2.88306E+09,2.9322E+09,2.98127E+09,3.03023E+09,3.07901E+09,3.12758E+09,3.17587E+09,3.22387E+09,3.27158E+09,3.319E+09,3.36612E+09,3.41296E+09,3.45951E+09,3.50577E+09,3.55174E+09,3.59744E+09,3.64285E+09,3.68798E+09,3.73283E+09,3.7774E+09,3.82169E+09,3.86572E+09,3.90947E+09,3.95295E+09,3.99616E+09,4.0391E+09,4.08178E+09,4.12419E+09,4.16634E+09,4.20823E+09,4.24987E+09,4.29125E+09,4.33237E+09,4.37324E+09,4.41385E+09,4.45422E+09,4.49434E+09,4.53422E+09,4.57385E+09,4.61324E+09,4.65239E+09,4.6913E+09,4.72998E+09,4.76842E+09,4.80663E+09,4.84461E+09,4.88237E+09,4.91989E+09,4.95719E+09,4.99427E+09,5.03113E+09,5.06777E+09,5.10419E+09,5.1404E+09,5.17639E+09,5.21217E+09,5.24775E+09,5.28311E+09,5.31827E+09,5.35323E+09,5.38799E+09,5.42254E+09,5.4569E+09,5.49106E+09,5.52502E+09,5.55879E+09,5.59237E+09,5.62576E+09,5.65896E+09,5.69198E+09,5.72481E+09,5.75745E+09,5.78991E+09,5.82219E+09,5.85429E+09,5.88621E+09,5.91796E+09,5.94953E+09,5.98093E+09,6.01215E+09,6.0432E+09,6.07408E+09,6.1048E+09,6.13535E+09,6.16574E+09,6.19596E+09,6.22602E+09,6.25592E+09,6.28567E+09,6.31525E+09,6.34468E+09,6.37395E+09,6.40307E+09,6.43204E+09,6.46085E+09,6.48952E+09,6.51804E+09,6.54641E+09,6.57464E+09,6.60272E+09,6.63065E+09,6.65845E+09,6.6861E+09,6.71362E+09,6.741E+09,6.76824E+09,6.79534E+09,6.82231E+09,6.84915E+09,6.87586E+09,6.90243E+09,6.92888E+09,6.9552E+09,6.98139E+09,7.00746E+09,7.0334E+09,7.05922E+09,7.08491E+09,7.11049E+09,7.13594E+09,7.16128E+09,7.1865E+09,7.21161E+09,7.2366E+09,7.26148E+09,7.28624E+09,7.3109E+09,7.33545E+09,7.3599E+09,7.38424E+09,7.40848E+09,7.43261E+09,7.45664E+09,7.48058E+09,7.50442E+09,7.52816E+09,7.5518E+09,7.57535E+09,7.59881E+09,7.62218E+09,7.64545E+09,7.66863E+09,7.69172E+09,7.71473E+09,7.73765E+09,7.76048E+09,7.78322E+09,7.80588E+09,7.82846E+09,7.85095E+09,7.87337E+09,7.8957E+09,7.91794E+09,7.94011E+09,7.9622E+09,7.98421E+09,8.00613E+09,8.02798E+09,8.04975E+09,8.07144E+09,8.09305E+09,8.11459E+09,8.13605E+09,8.15743E+09,8.17874E+09,8.19997E+09,8.22113E+09,8.24222E+09,8.26324E+09,8.2842E+09,8.30509E+09,8.32591E+09,8.34668E+09,8.36739E+09,8.38804E+09,8.40864E+09,8.42919E+09,8.4497E+09,8.47016E+09,8.49059E+09,8.51098E+09,8.53134E+09,8.55167E+09,8.57198E+09,8.59232E+09,8.61278E+09,8.63342E+09,8.6543E+09,8.67546E+09,8.69696E+09,8.71881E+09,8.74103E+09,8.76366E+09,8.78669E+09,8.81016E+09,8.83408E+09,8.85847E+09,8.88336E+09,8.90875E+09,8.93464E+09,8.96098E+09,8.98775E+09,9.0149E+09,9.04239E+09,9.07019E+09,9.09827E+09,9.12659E+09,9.15511E+09,9.18382E+09,9.21266E+09,9.24162E+09,9.27066E+09,9.29974E+09,9.32883E+09,9.3579E+09,9.38692E+09,9.41586E+09,9.44469E+09,9.4734E+09,9.502E+09,9.53047E+09,9.55883E+09,9.58706E+09,9.61519E+09,9.64319E+09,9.67108E+09,9.69886E+09,9.72652E+09,9.75407E+09,9.78151E+09,9.80884E+09,9.83607E+09,9.86319E+09,9.89021E+09,9.91714E+09,9.94397E+09,9.97071E+09,9.99736E+09,1.00239E+10,1.00504E+10,1.00769E+10,1.01034E+10,1.01301E+10,1.0157E+10,1.01842E+10,1.02118E+10,1.024E+10,1.02686E+10,1.02978E+10,1.03275E+10,1.03578E+10,1.03886E+10,1.04199E+10,1.04517E+10,1.0484E+10,1.05166E+10,1.05495E+10,1.05827E+10,1.06161E+10,1.06497E+10,1.06833E+10,1.07169E+10,1.07506E+10,1.07841E+10,1.08176E+10,1.0851E+10,1.08842E+10,1.09172E+10,1.09501E+10,1.09829E+10,1.10155E+10,1.10479E+10,1.10802E+10,1.11124E+10,1.11444E+10,1.11762E+10,1.12079E+10,1.12395E+10,1.12709E+10,1.13021E+10,1.13332E+10,1.13642E+10,1.1395E+10,1.14257E+10,1.14563E+10,1.14867E+10,1.15169E+10,1.15471E+10,1.15771E+10,1.1607E+10,1.16367E+10,1.16663E+10,1.16958E+10,1.17252E+10,1.17544E+10,1.17835E+10,1.18125E+10,1.18413E+10,1.187E+10,1.18986E+10,1.19271E+10,1.19555E+10,1.19837E+10,1.20119E+10,1.20399E+10,1.20678E+10,1.20955E+10,1.21232E+10,1.21507E+10,1.21781E+10,1.22055E+10,1.22326E+10,1.22597E+10,1.22867E+10,1.23136E+10,1.23403E+10,1.2367E+10,1.23935E+10,1.24199E+10,1.24462E+10,1.24724E+10,1.24985E+10,1.25245E+10,1.25504E+10,1.25762E+10,1.26019E+10,1.26275E+10,1.2653E+10,1.26783E+10,1.27036E+10,1.27288E+10,1.27538E+10,1.27788E+10,1.28037E+10,1.28284E+10,1.28531E+10,1.28777E+10,1.29021E+10,1.29265E+10,1.29508E+10,1.29749E+10,1.2999E+10,1.3023E+10,1.30468E+10,1.30706E+10,1.30943E+10,1.31179E+10,1.31414E+10,1.31648E+10,1.31881E+10,1.32113E+10,1.32345E+10,1.32575E+10,1.32804E+10,1.33033E+10,1.3326E+10,1.33487E+10,1.33712E+10,1.33937E+10,1.34161E+10,1.34384E+10,1.34606E+10,1.34827E+10,1.35048E+10,1.35267E+10,1.35485E+10,1.35703E+10,1.3592E+10,1.36136E+10,1.36351E+10,1.36565E+10,1.36778E+10,1.3699E+10,1.37202E+10,1.37412E+10,1.37622E+10,1.37831E+10,1.38039E+10,1.38246E+10,1.38452E+10,1.38658E+10,1.38863E+10,1.39066E+10,1.39269E+10,1.39471E+10,1.39673E+10,1.39873E+10,1.40073E+10,1.40272E+10,1.4047E+10,1.40667E+10,1.40863E+10,1.41059E+10,1.41253E+10,1.41447E+10,1.41641E+10,1.41833E+10,1.42025E+10,1.42215E+10,1.42405E+10,1.42595E+10,1.42783E+10,1.42971E+10,1.43157E+10,1.43343E+10,1.43529E+10,1.43713E+10,1.43897E+10,1.4408E+10,1.44262E+10,1.44443E+10,1.44624E+10,1.44804E+10,1.44983E+10,1.45162E+10,1.45339E+10,1.45516E+10,1.45693E+10,1.45868E+10,1.46043E+10,1.46217E+10,1.46391E+10,1.46564E+10,1.46736E+10,1.46908E+10,1.47079E+10,1.4725E+10,1.4742E+10,1.4759E+10,1.4776E+10,1.47929E+10,1.48097E+10,1.48267E+10,1.48437E+10,1.48611E+10,1.48788E+10,1.4897E+10,1.49157E+10,1.49351E+10,1.49553E+10,1.49762E+10,1.49979E+10,1.50206E+10,1.50441E+10,1.50684E+10,1.50937E+10,1.51199E+10,1.51469E+10,1.51749E+10,1.52038E+10,1.52336E+10,1.52642E+10,1.52957E+10,1.53281E+10,1.53613E+10,1.53952E+10,1.54299E+10,1.54654E+10,1.55015E+10,1.55383E+10,1.55757E+10,1.56137E+10,1.56522E+10,1.56912E+10,1.57307E+10,1.57706E+10,1.58109E+10,1.58515E+10,1.58924E+10,1.59336E+10,1.59749E+10,1.60164E+10,1.6058E+10,1.60996E+10,1.61413E+10,1.6183E+10,1.62246E+10,1.62662E+10,1.63076E+10,1.6349E+10,1.63902E+10,1.64313E+10,1.64722E+10,1.6513E+10,1.65537E+10,1.65942E+10,1.66346E+10,1.66748E+10,1.6715E+10,1.6755E+10,1.6795E+10,1.68349E+10,1.68749E+10,1.69152E+10,1.69558E+10,1.69969E+10,1.70386E+10,1.70807E+10,1.71235E+10,1.71669E+10,1.72108E+10,1.72553E+10,1.73003E+10,1.73459E+10,1.73919E+10,1.74384E+10,1.74853E+10,1.75325E+10,1.75801E+10,1.76279E+10,1.76759E+10,1.77241E+10,1.77724E+10,1.78208E+10,1.78691E+10,1.79174E+10,1.79656E+10,1.80137E+10,1.80615E+10,1.81092E+10,1.81566E+10,1.82039E+10,1.82509E+10,1.82978E+10,1.83444E+10,1.83908E+10,1.84371E+10,1.84831E+10,1.8529E+10,1.85746E+10,1.86201E+10,1.86654E+10,1.87105E+10,1.87555E+10,1.88003E+10,1.88449E+10,1.88894E+10,1.89338E+10,1.8978E+10,1.90221E+10,1.9066E+10,1.91099E+10,1.91536E+10,1.91972E+10,1.92408E+10,1.92845E+10,1.93285E+10,1.93728E+10,1.94175E+10,1.94627E+10,1.95084E+10,1.95546E+10,1.96012E+10,1.96483E+10,1.96958E+10,1.97438E+10,1.97922E+10,1.9841E+10,1.98902E+10,1.99399E+10,1.99898E+10,2.00401E+10,2.00908E+10,2.01416E+10,2.01927E+10,2.0244E+10,2.02954E+10,2.03469E+10,2.03984E+10,2.045E+10,2.05015E+10,2.05529E+10,2.06042E+10,2.06553E+10,2.07063E+10,2.0757E+10,2.08076E+10,2.0858E+10,2.09081E+10,2.09582E+10,2.1008E+10,2.10576E+10,2.11071E+10,2.11564E+10,2.12055E+10,2.12545E+10,2.13033E+10,2.13519E+10,2.14004E+10,2.14487E+10,2.14969E+10,2.15449E+10,2.15928E+10,2.16405E+10,2.16881E+10,2.17356E+10,2.17829E+10,2.18301E+10,2.18771E+10,2.19241E+10,2.19709E+10,2.20177E+10,2.20643E+10,2.21109E+10,2.21575E+10,2.2204E+10,2.22504E+10,2.22968E+10,2.23432E+10,2.23895E+10,2.24359E+10,2.24822E+10,2.25285E+10,2.25747E+10,2.2621E+10,2.26673E+10,2.27135E+10,2.27598E+10,2.2806E+10,2.28523E+10,2.28986E+10,2.2945E+10,2.29915E+10,2.30381E+10,2.30848E+10,2.31317E+10,2.31788E+10,2.3226E+10,2.32733E+10,2.33208E+10,2.33683E+10,2.3416E+10,2.34637E+10,2.35114E+10,2.35591E+10,2.36068E+10,2.36544E+10,2.3702E+10,2.37494E+10,2.37967E+10,2.38439E+10,2.38909E+10,2.39377E+10,2.39844E+10,2.40308E+10,2.40771E+10,2.41231E+10,2.41689E+10,2.42146E+10,2.426E+10,2.43052E+10,2.43501E+10,2.43949E+10,2.44394E+10,2.44837E+10,2.45278E+10,2.45717E+10,2.46153E+10,2.46588E+10,2.4702E+10,2.47449E+10,2.47877E+10,2.48302E+10,2.48726E+10,2.49146E+10,2.49565E+10,2.49982E+10,2.50396E+10,2.50808E+10,2.51218E+10,2.51626E+10,2.52031E+10,2.52435E+10,2.52836E+10,2.53235E+10,2.53632E+10,2.54027E+10,2.54419E+10,2.5481E+10,2.55199E+10,2.55585E+10,2.55969E+10,2.56352E+10,2.56732E+10,2.5711E+10,2.57486E+10,2.57861E+10,2.58233E+10,2.58603E+10,2.58971E+10,2.59338E+10,2.59702E+10,2.60064E+10,2.60425E+10,2.60783E+10,2.6114E+10,2.61495E+10,2.61847E+10,2.62198E+10,2.62548E+10,2.62895E+10,2.6324E+10,2.63584E+10,2.63926E+10,2.64266E+10,2.64605E+10,2.64942E+10,2.65276E+10,2.6561E+10,2.65941E+10,2.66271E+10,2.666E+10,2.66926E+10,2.67251E+10,2.67575E+10,2.67897E+10,2.68217E+10,2.68536E+10,2.68853E+10,2.69169E+10,2.69483E+10,2.69796E+10,2.70107E+10,2.70417E+10,2.70726E+10,2.71033E+10,2.71339E+10,2.71643E+10,2.71946E+10,2.72248E+10,2.72549E+10,2.72848E+10,2.73146E+10,2.73443E+10,2.73738E+10,2.74032E+10,2.74325E+10,2.74617E+10,2.74908E+10,2.75198E+10,2.75486E+10,2.75774E+10,2.7606E+10,2.76345E+10,2.7663E+10,2.76913E+10,2.77195E+10,2.77477E+10,2.77758E+10,2.78038E+10,2.78318E+10,2.78597E+10,2.78875E+10,2.79153E+10,2.7943E+10,2.79707E+10,2.79982E+10,2.80257E+10,2.80532E+10,2.80805E+10,2.81077E+10,2.81349E+10,2.8162E+10,2.8189E+10,2.82159E+10,2.82427E+10,2.82695E+10,2.82962E+10,2.83228E+10,2.83493E+10,2.83758E+10,2.84021E+10,2.84285E+10,2.84547E+10,2.84809E+10,2.8507E+10,2.85331E+10,2.85591E+10,2.8585E+10,2.86109E+10,2.86367E+10,2.86624E+10,2.86881E+10,2.87137E+10,2.87393E+10,2.87648E+10,2.87903E+10,2.88157E+10,2.8841E+10,2.88663E+10,2.88916E+10,2.89167E+10,2.89419E+10,2.89669E+10,2.8992E+10,2.90169E+10,2.90419E+10,2.90667E+10,2.90915E+10,2.91163E+10,2.9141E+10,2.91656E+10,2.91902E+10,2.92147E+10,2.92392E+10,2.92636E+10,2.92879E+10,2.93122E+10,2.93364E+10,2.93606E+10,2.93847E+10,2.94087E+10,2.94327E+10,2.94566E+10,2.94804E+10,2.95042E+10,2.95279E+10,2.95516E+10,2.95752E+10,2.95987E+10,2.96221E+10,2.96455E+10,2.96688E+10,2.9692E+10,2.97152E+10,2.97383E+10,2.97613E+10,2.97842E+10,2.98071E+10,2.98299E+10,2.98526E+10,2.98753E+10,2.98979E+10,2.99204E+10,2.99428E+10,2.99652E+10,2.99875E+10,3.00097E+10,3.00319E+10,3.0054E+10,3.0076E+10,3.00979E+10,3.01198E+10,3.01416E+10,3.01633E+10,3.0185E+10,3.02066E+10,3.02281E+10,3.02496E+10,3.02709E+10,3.02923E+10,3.03135E+10,3.03347E+10,3.03558E+10,3.03769E+10,3.03979E+10,3.04188E+10,3.04396E+10,3.04604E+10,3.04811E+10,3.05018E+10,3.05224E+10,3.05429E+10,3.05634E+10,3.05838E+10,3.06042E+10,3.06245E+10,3.06447E+10,3.06649E+10,3.06851E+10,3.07051E+10,3.07252E+10,3.07451E+10,3.07651E+10,3.07849E+10,3.08048E+10,3.08245E+10,3.08442E+10,3.08639E+10,3.08835E+10,3.09031E+10,3.09227E+10,3.09422E+10,3.09616E+10
"Cost of GDP Cumulative[Kansas]",0,0,0,0,0,0,0,0,0,0,0,0,0,0,0,0,0,0,0,0,0,5.80664E-42,1.35034E-41,2.3068E-41,8.34994E-41,3.25566E-40,6.61477E-40,9.98399E-40,1.36267E-39,1.76705E-39,2.44778E-39,3.35678E-39,4.25969E-39,5.8474E-39,7.83507E-39,9.81948E-39,9.75268E-06,0.00038661,0.00425604,0.0273063,0.122876,0.426341,1.20805,2.91996,6.51553,16.3341,38.0067,87.5979,190,363.66,621.508,985.364,1483.65,2143.33,2990.38,4049.58,5344.78,6902.22,8768.31,10997.3,13642,16757.3,20406.5,24665.4,29623.8,35386.5,42073.7,49819.9,58771.2,69101.5,81056.8,96592.4,118113,146512,182616,227668,283333,354329,447931,571552,739555,967200,1.2683E+06,1.66372E+06,2.17002E+06,2.79766E+06,3.55405E+06,4.44898E+06,5.50873E+06,6.75811E+06,8.21511E+06,9.93477E+06,1.19838E+07,1.44109E+07,1.7244E+07,2.04962E+07,2.41722E+07,2.82712E+07,3.27905E+07,3.77267E+07,4.30769E+07,4.88423E+07,5.5023E+07,6.16164E+07,6.86181E+07,7.60219E+07,8.38203E+07,9.20048E+07,1.00566E+08,1.09492E+08,1.18774E+08,1.28402E+08,1.38366E+08,1.48667E+08,1.59324E+08,1.705E+08,1.82409E+08,1.95149E+08,2.0878E+08,2.23354E+08,2.38911E+08,2.55477E+08,2.73122E+08,2.91955E+08,3.12045E+08,3.33429E+08,3.56119E+08,3.80114E+08,4.05399E+08,4.31953E+08,4.59771E+08,4.8885E+08,5.19181E+08,5.50754E+08,5.83548E+08,6.1753E+08,6.52661E+08,6.889E+08,7.26202E+08,7.64519E+08,8.03806E+08,8.44015E+08,8.85099E+08,9.27011E+08,9.69705E+08,1.01313E+09,1.05725E+09,1.102E+09,1.14735E+09,1.19325E+09,1.23964E+09,1.28649E+09,1.33375E+09,1.38137E+09,1.42931E+09,1.47752E+09,1.52595E+09,1.57457E+09,1.62334E+09,1.6722E+09,1.72112E+09,1.77006E+09,1.81899E+09,1.86786E+09,1.91665E+09,1.96533E+09,2.01387E+09,2.06223E+09,2.1104E+09,2.15836E+09,2.20609E+09,2.25361E+09,2.30093E+09,2.34807E+09,2.39506E+09,2.44191E+09,2.48865E+09,2.53526E+09,2.58174E+09,2.62809E+09,2.67431E+09,2.72037E+09,2.76627E+09,2.81199E+09,2.85752E+09,2.90284E+09,2.94793E+09,2.99277E+09,3.03734E+09,3.08163E+09,3.12563E+09,3.16935E+09,3.21279E+09,3.25595E+09,3.29883E+09,3.34144E+09,3.38377E+09,3.42583E+09,3.46762E+09,3.50915E+09,3.55041E+09,3.59141E+09,3.63214E+09,3.67262E+09,3.71284E+09,3.7528E+09,3.79251E+09,3.83197E+09,3.87118E+09,3.91014E+09,3.94885E+09,3.98732E+09,4.02554E+09,4.06352E+09,4.10126E+09,4.13876E+09,4.17603E+09,4.21305E+09,4.24985E+09,4.28641E+09,4.32275E+09,4.35885E+09,4.39472E+09,4.43038E+09,4.4658E+09,4.50101E+09,4.53599E+09,4.57075E+09,4.6053E+09,4.63963E+09,4.67374E+09,4.70764E+09,4.74133E+09,4.77481E+09,4.80808E+09,4.84115E+09,4.874E+09,4.90666E+09,4.93911E+09,4.97136E+09,5.00341E+09,5.03526E+09,5.06691E+09,5.09837E+09,5.12963E+09,5.16069E+09,5.19157E+09,5.22225E+09,5.25275E+09,5.28306E+09,5.31318E+09,5.34311E+09,5.37286E+09,5.40243E+09,5.43182E+09,5.46103E+09,5.49007E+09,5.51892E+09,5.5476E+09,5.57611E+09,5.60444E+09,5.63261E+09,5.6606E+09,5.68843E+09,5.71609E+09,5.74358E+09,5.77092E+09,5.79809E+09,5.8251E+09,5.85195E+09,5.87864E+09,5.90518E+09,5.93156E+09,5.95779E+09,5.98387E+09,6.00979E+09,6.03557E+09,6.06119E+09,6.08667E+09,6.112E+09,6.13718E+09,6.16222E+09,6.18712E+09,6.21187E+09,6.23648E+09,6.26095E+09,6.28528E+09,6.30947E+09,6.33352E+09,6.35743E+09,6.38121E+09,6.40485E+09,6.42836E+09,6.45173E+09,6.47498E+09,6.49809E+09,6.52107E+09,6.54393E+09,6.56665E+09,6.58925E+09,6.61172E+09,6.63407E+09,6.65629E+09,6.6784E+09,6.70037E+09,6.72223E+09,6.74397E+09,6.76559E+09,6.78708E+09,6.80846E+09,6.82972E+09,6.85087E+09,6.87189E+09,6.8928E+09,6.9136E+09,6.93428E+09,6.95485E+09,6.97531E+09,6.99565E+09,7.01589E+09,7.03602E+09,7.05605E+09,7.07596E+09,7.09578E+09,7.11548E+09,7.13509E+09,7.15459E+09,7.17398E+09,7.19328E+09,7.21248E+09,7.23157E+09,7.25057E+09,7.26948E+09,7.28828E+09,7.30699E+09,7.32561E+09,7.34413E+09,7.36257E+09,7.38091E+09,7.39916E+09,7.41733E+09,7.43541E+09,7.4534E+09,7.47131E+09,7.48914E+09,7.50688E+09,7.52454E+09,7.54213E+09,7.55963E+09,7.57706E+09,7.5944E+09,7.61168E+09,7.62887E+09,7.646E+09,7.66305E+09,7.68002E+09,7.69693E+09,7.71377E+09,7.73053E+09,7.74723E+09,7.76386E+09,7.78043E+09,7.79693E+09,7.81336E+09,7.82973E+09,7.84603E+09,7.86228E+09,7.87846E+09,7.89459E+09,7.91066E+09,7.92667E+09,7.94266E+09,7.95865E+09,7.97467E+09,7.99075E+09,8.00692E+09,8.0232E+09,8.03962E+09,8.0562E+09,8.07296E+09,8.08994E+09,8.10715E+09,8.12463E+09,8.14242E+09,8.16054E+09,8.17902E+09,8.19788E+09,8.21712E+09,8.23674E+09,8.25673E+09,8.27709E+09,8.29782E+09,8.31892E+09,8.3404E+09,8.36225E+09,8.38447E+09,8.40707E+09,8.43002E+09,8.45333E+09,8.47698E+09,8.50095E+09,8.52523E+09,8.5498E+09,8.57464E+09,8.59974E+09,8.62507E+09,8.65062E+09,8.67638E+09,8.70232E+09,8.72846E+09,8.75478E+09,8.78129E+09,8.80799E+09,8.83489E+09,8.86198E+09,8.88925E+09,8.91671E+09,8.94432E+09,8.97208E+09,8.99999E+09,9.02804E+09,9.05624E+09,9.08458E+09,9.11305E+09,9.14164E+09,9.17034E+09,9.19914E+09,9.22805E+09,9.25707E+09,9.28619E+09,9.31542E+09,9.34476E+09,9.3742E+09,9.40375E+09,9.4334E+09,9.46313E+09,9.49295E+09,9.52284E+09,9.55279E+09,9.5828E+09,9.61286E+09,9.64297E+09,9.67309E+09,9.70322E+09,9.73333E+09,9.76339E+09,9.7934E+09,9.82334E+09,9.85319E+09,9.88293E+09,9.91257E+09,9.94211E+09,9.97154E+09,1.00009E+10,1.00301E+10,1.00592E+10,1.00882E+10,1.01171E+10,1.01458E+10,1.01745E+10,1.02031E+10,1.02315E+10,1.02598E+10,1.0288E+10,1.03161E+10,1.03441E+10,1.0372E+10,1.03997E+10,1.04273E+10,1.04549E+10,1.04823E+10,1.05096E+10,1.05367E+10,1.05638E+10,1.05907E+10,1.06176E+10,1.06443E+10,1.06709E+10,1.06974E+10,1.07238E+10,1.07501E+10,1.07762E+10,1.08023E+10,1.08282E+10,1.0854E+10,1.08797E+10,1.09052E+10,1.09307E+10,1.0956E+10,1.09812E+10,1.10063E+10,1.10313E+10,1.10561E+10,1.10809E+10,1.11055E+10,1.113E+10,1.11543E+10,1.11786E+10,1.12027E+10,1.12268E+10,1.12507E+10,1.12744E+10,1.12981E+10,1.13216E+10,1.13451E+10,1.13684E+10,1.13915E+10,1.14146E+10,1.14376E+10,1.14604E+10,1.14831E+10,1.15057E+10,1.15282E+10,1.15505E+10,1.15728E+10,1.15949E+10,1.16169E+10,1.16388E+10,1.16606E+10,1.16823E+10,1.17038E+10,1.17253E+10,1.17466E+10,1.17678E+10,1.17889E+10,1.18099E+10,1.18307E+10,1.18515E+10,1.18722E+10,1.18927E+10,1.19131E+10,1.19335E+10,1.19537E+10,1.19738E+10,1.19938E+10,1.20137E+10,1.20335E+10,1.20532E+10,1.20727E+10,1.20922E+10,1.21116E+10,1.21308E+10,1.215E+10,1.21691E+10,1.2188E+10,1.22069E+10,1.22256E+10,1.22443E+10,1.22629E+10,1.22813E+10,1.22997E+10,1.2318E+10,1.23362E+10,1.23542E+10,1.23722E+10,1.23901E+10,1.24079E+10,1.24256E+10,1.24433E+10,1.24608E+10,1.24782E+10,1.24956E+10,1.25128E+10,1.253E+10,1.25471E+10,1.25641E+10,1.2581E+10,1.25979E+10,1.26146E+10,1.26313E+10,1.26478E+10,1.26643E+10,1.26807E+10,1.26971E+10,1.27133E+10,1.27295E+10,1.27456E+10,1.27616E+10,1.27775E+10,1.27933E+10,1.28091E+10,1.28248E+10,1.28404E+10,1.2856E+10,1.28715E+10,1.28869E+10,1.29022E+10,1.29175E+10,1.29326E+10,1.29478E+10,1.29628E+10,1.29778E+10,1.29927E+10,1.30076E+10,1.30224E+10,1.30372E+10,1.3052E+10,1.30668E+10,1.30817E+10,1.30967E+10,1.31117E+10,1.31269E+10,1.31422E+10,1.31576E+10,1.31732E+10,1.31889E+10,1.32047E+10,1.32207E+10,1.32368E+10,1.3253E+10,1.32694E+10,1.32859E+10,1.33025E+10,1.33193E+10,1.33361E+10,1.33532E+10,1.33703E+10,1.33876E+10,1.3405E+10,1.34226E+10,1.34403E+10,1.34582E+10,1.34762E+10,1.34944E+10,1.35128E+10,1.35314E+10,1.35502E+10,1.35693E+10,1.35888E+10,1.36086E+10,1.36288E+10,1.36495E+10,1.36706E+10,1.36922E+10,1.37144E+10,1.37371E+10,1.37604E+10,1.37843E+10,1.38089E+10,1.38341E+10,1.386E+10,1.38866E+10,1.39138E+10,1.39418E+10,1.39704E+10,1.39998E+10,1.40299E+10,1.40607E+10,1.40922E+10,1.41245E+10,1.41574E+10,1.41911E+10,1.42254E+10,1.42605E+10,1.42963E+10,1.43327E+10,1.43698E+10,1.44075E+10,1.44458E+10,1.44846E+10,1.4524E+10,1.45639E+10,1.46042E+10,1.4645E+10,1.46861E+10,1.47277E+10,1.47695E+10,1.48117E+10,1.48541E+10,1.48968E+10,1.49397E+10,1.49829E+10,1.50261E+10,1.50696E+10,1.51132E+10,1.51569E+10,1.52007E+10,1.52445E+10,1.52885E+10,1.53325E+10,1.53765E+10,1.54206E+10,1.54647E+10,1.55088E+10,1.5553E+10,1.55971E+10,1.56413E+10,1.56854E+10,1.57296E+10,1.57737E+10,1.58179E+10,1.5862E+10,1.59062E+10,1.59503E+10,1.59943E+10,1.60383E+10,1.60823E+10,1.61261E+10,1.61699E+10,1.62136E+10,1.62571E+10,1.63005E+10,1.63438E+10,1.63868E+10,1.64297E+10,1.64723E+10,1.65148E+10,1.6557E+10,1.6599E+10,1.66408E+10,1.66824E+10,1.67237E+10,1.67649E+10,1.68058E+10,1.68465E+10,1.6887E+10,1.69273E+10,1.69674E+10,1.70072E+10,1.70469E+10,1.70864E+10,1.71257E+10,1.71649E+10,1.7204E+10,1.72431E+10,1.7282E+10,1.73208E+10,1.73596E+10,1.73983E+10,1.7437E+10,1.74756E+10,1.75142E+10,1.75527E+10,1.75913E+10,1.763E+10,1.76686E+10,1.77073E+10,1.7746E+10,1.77847E+10,1.78234E+10,1.78622E+10,1.79011E+10,1.79399E+10,1.79789E+10,1.80179E+10,1.80569E+10,1.80961E+10,1.81354E+10,1.81747E+10,1.82142E+10,1.82537E+10,1.82933E+10,1.83329E+10,1.83726E+10,1.84124E+10,1.84521E+10,1.84918E+10,1.85315E+10,1.85712E+10,1.86109E+10,1.86505E+10,1.86901E+10,1.87297E+10,1.87692E+10,1.88087E+10,1.88481E+10,1.88875E+10,1.89269E+10,1.89661E+10,1.90054E+10,1.90446E+10,1.90838E+10,1.9123E+10,1.91621E+10,1.92013E+10,1.92404E+10,1.92795E+10,1.93186E+10,1.93577E+10,1.93968E+10,1.9436E+10,1.94753E+10,1.95146E+10,1.9554E+10,1.95935E+10,1.9633E+10,1.96726E+10,1.97123E+10,1.9752E+10,1.97918E+10,1.98316E+10,1.98714E+10,1.99113E+10,1.99513E+10,1.99913E+10,2.00313E+10,2.00714E+10,2.01115E+10,2.01517E+10,2.01919E+10,2.02322E+10,2.02726E+10,2.03129E+10,2.03534E+10,2.03938E+10,2.04343E+10,2.04748E+10,2.05154E+10,2.05559E+10,2.05965E+10,2.0637E+10,2.06776E+10,2.07181E+10,2.07587E+10,2.07992E+10,2.08398E+10,2.08804E+10,2.09209E+10,2.09615E+10,2.10021E+10,2.10426E+10,2.10832E+10,2.11237E+10,2.11642E+10,2.12046E+10,2.1245E+10,2.12852E+10,2.13254E+10,2.13655E+10,2.14054E+10,2.14452E+10,2.14849E+10,2.15244E+10,2.15638E+10,2.1603E+10,2.1642E+10,2.16809E+10,2.17196E+10,2.17581E+10,2.17964E+10,2.18345E+10,2.18725E+10,2.19103E+10,2.19478E+10,2.19852E+10,2.20224E+10,2.20594E+10,2.20962E+10,2.21329E+10,2.21693E+10,2.22056E+10,2.22417E+10,2.22776E+10,2.23133E+10,2.23488E+10,2.23842E+10,2.24193E+10,2.24543E+10,2.24892E+10,2.25238E+10,2.25583E+10,2.25925E+10,2.26266E+10,2.26606E+10,2.26943E+10,2.27279E+10,2.27614E+10,2.27946E+10,2.28277E+10,2.28606E+10,2.28934E+10,2.2926E+10,2.29584E+10,2.29907E+10,2.30228E+10,2.30548E+10,2.30865E+10,2.31182E+10,2.31497E+10,2.3181E+10,2.32122E+10,2.32432E+10,2.3274E+10,2.33048E+10,2.33353E+10,2.33658E+10,2.3396E+10,2.34262E+10,2.34562E+10,2.3486E+10,2.35157E+10,2.35453E+10,2.35747E+10,2.3604E+10,2.36332E+10,2.36622E+10,2.36911E+10,2.37199E+10,2.37486E+10,2.37771E+10,2.38055E+10,2.38338E+10,2.38619E+10,2.389E+10,2.39179E+10,2.39457E+10,2.39735E+10,2.40011E+10,2.40286E+10,2.40561E+10,2.40835E+10,2.41108E+10,2.41382E+10,2.41655E+10,2.41927E+10,2.422E+10,2.42472E+10,2.42745E+10,2.43017E+10,2.43289E+10,2.43561E+10,2.43833E+10,2.44105E+10,2.44377E+10,2.44649E+10,2.44922E+10,2.45196E+10,2.4547E+10,2.45745E+10,2.46021E+10,2.46298E+10,2.46577E+10,2.46857E+10,2.47138E+10,2.4742E+10,2.47704E+10,2.47989E+10,2.48275E+10,2.48563E+10,2.48851E+10,2.4914E+10,2.4943E+10,2.4972E+10,2.50011E+10,2.50302E+10,2.50594E+10,2.50885E+10,2.51176E+10,2.51466E+10,2.51755E+10,2.52044E+10,2.52331E+10,2.52617E+10,2.52902E+10,2.53186E+10,2.53469E+10,2.53751E+10,2.54031E+10,2.54311E+10,2.5459E+10,2.54868E+10,2.55145E+10,2.5542E+10,2.55695E+10,2.55969E+10,2.56242E+10,2.56514E+10,2.56786E+10,2.57056E+10,2.57325E+10,2.57594E+10,2.57862E+10,2.58129E+10,2.58395E+10,2.5866E+10,2.58925E+10,2.59189E+10,2.59452E+10,2.59715E+10,2.59976E+10,2.60237E+10,2.60497E+10,2.60757E+10,2.61016E+10,2.61273E+10,2.61531E+10,2.61787E+10,2.62043E+10,2.62298E+10,2.62552E+10,2.62806E+10,2.63059E+10,2.63311E+10,2.63562E+10,2.63812E+10,2.64062E+10,2.64311E+10,2.64559E+10,2.64806E+10,2.65053E+10,2.65299E+10,2.65543E+10,2.65788E+10,2.66031E+10,2.66273E+10,2.66515E+10,2.66756E+10,2.66996E+10,2.67235E+10,2.67474E+10,2.67711E+10,2.67948E+10,2.68184E+10,2.68419E+10,2.68653E+10,2.68887E+10,2.69119E+10,2.69351E+10,2.69582E+10,2.69812E+10,2.70041E+10,2.7027E+10,2.70498E+10,2.70724E+10,2.70951E+10,2.71176E+10,2.714E+10,2.71624E+10,2.71847E+10,2.72069E+10,2.72291E+10,2.72511E+10,2.72731E+10,2.7295E+10,2.73169E+10,2.73386E+10,2.73603E+10,2.73819E+10,2.74035E+10,2.74249E+10,2.74463E+10,2.74677E+10,2.74889E+10,2.75101E+10,2.75312E+10,2.75523E+10,2.75732E+10,2.75942E+10,2.7615E+10,2.76358E+10,2.76565E+10,2.76772E+10,2.76978E+10,2.77183E+10,2.77388E+10,2.77592E+10,2.77795E+10,2.77998E+10,2.782E+10,2.78402E+10,2.78603E+10,2.78804E+10,2.79004E+10,2.79204E+10,2.79403E+10,2.79601E+10,2.79799E+10,2.79997E+10,2.80193E+10,2.8039E+10,2.80586E+10
"Cost of GDP Cumulative[Kentucky]",0,0,0,0,0,0,0,0,0,0,0,0,0,0,0,0,0,0,0,0,0,6.91891E-42,1.60899E-41,2.74867E-41,9.94922E-41,3.87918E-40,7.88161E-40,1.18961E-39,1.62364E-39,2.10546E-39,2.91655E-39,3.99961E-39,5.0754E-39,6.96709E-39,9.33531E-39,1.16996E-38,1.34707E-05,0.000533996,0.00587851,0.0377157,0.169717,0.588859,1.66854,4.03518,9.04595,22.8562,53.6138,124.171,269.97,518.07,888.608,1414.93,2140.74,3109.49,4365.58,5955.15,7927.69,10342.5,13296,16907.3,21310.9,26666.1,33175.8,41103.7,50793.8,62695.2,77396.9,95670.9,118530,147331,183937,233101,300864,392025,512329,669332,872599,1.13746E+06,1.48441E+06,1.93572E+06,2.5249E+06,3.288E+06,4.25908E+06,5.48073E+06,6.98765E+06,8.80402E+06,1.09478E+07,1.34383E+07,1.63158E+07,1.96171E+07,2.33683E+07,2.76454E+07,3.25394E+07,3.8116E+07,4.44115E+07,5.14413E+07,5.92094E+07,6.77117E+07,7.69414E+07,8.68905E+07,9.75519E+07,1.08924E+08,1.21004E+08,1.33785E+08,1.47257E+08,1.61409E+08,1.76228E+08,1.91699E+08,2.07805E+08,2.24529E+08,2.4185E+08,2.59744E+08,2.78189E+08,2.97178E+08,3.16729E+08,3.37061E+08,3.58458E+08,3.81048E+08,4.04898E+08,4.30041E+08,4.56492E+08,4.8425E+08,5.13368E+08,5.43953E+08,5.76062E+08,6.09716E+08,6.44908E+08,6.8162E+08,7.19821E+08,7.5948E+08,8.00584E+08,8.4313E+08,8.87106E+08,9.32501E+08,9.79292E+08,1.02744E+09,1.07691E+09,1.12765E+09,1.17961E+09,1.23272E+09,1.28695E+09,1.34223E+09,1.39851E+09,1.45574E+09,1.51385E+09,1.5728E+09,1.63252E+09,1.69297E+09,1.75408E+09,1.81581E+09,1.87809E+09,1.94087E+09,2.00409E+09,2.06771E+09,2.13166E+09,2.19588E+09,2.26034E+09,2.32496E+09,2.38971E+09,2.45452E+09,2.51936E+09,2.58417E+09,2.64891E+09,2.71354E+09,2.77802E+09,2.84231E+09,2.90637E+09,2.97018E+09,3.0337E+09,3.09692E+09,3.15982E+09,3.22241E+09,3.28471E+09,3.34676E+09,3.40858E+09,3.47021E+09,3.53164E+09,3.59289E+09,3.65394E+09,3.71481E+09,3.77546E+09,3.83591E+09,3.89611E+09,3.95607E+09,4.01576E+09,4.07515E+09,4.13424E+09,4.19298E+09,4.25137E+09,4.3094E+09,4.36706E+09,4.42436E+09,4.4813E+09,4.53789E+09,4.59412E+09,4.65E+09,4.70553E+09,4.76071E+09,4.81554E+09,4.87003E+09,4.92418E+09,4.97799E+09,5.03146E+09,5.08459E+09,5.13739E+09,5.18986E+09,5.242E+09,5.29381E+09,5.34529E+09,5.39645E+09,5.44729E+09,5.49782E+09,5.54802E+09,5.59791E+09,5.64749E+09,5.69676E+09,5.74572E+09,5.79438E+09,5.84273E+09,5.89078E+09,5.93854E+09,5.98599E+09,6.03315E+09,6.08001E+09,6.12659E+09,6.17288E+09,6.21888E+09,6.26459E+09,6.31002E+09,6.35517E+09,6.40004E+09,6.44464E+09,6.48896E+09,6.53301E+09,6.57679E+09,6.6203E+09,6.66355E+09,6.70653E+09,6.74924E+09,6.7917E+09,6.8339E+09,6.87584E+09,6.91753E+09,6.95897E+09,7.00016E+09,7.0411E+09,7.0818E+09,7.12225E+09,7.16246E+09,7.20244E+09,7.24217E+09,7.28168E+09,7.32095E+09,7.35999E+09,7.39881E+09,7.4374E+09,7.47577E+09,7.51393E+09,7.55186E+09,7.58959E+09,7.6271E+09,7.6644E+09,7.70149E+09,7.73838E+09,7.77506E+09,7.81154E+09,7.84783E+09,7.88391E+09,7.91981E+09,7.95551E+09,7.99102E+09,8.02634E+09,8.06149E+09,8.09645E+09,8.13123E+09,8.16584E+09,8.20027E+09,8.23454E+09,8.26863E+09,8.30257E+09,8.33633E+09,8.36994E+09,8.40339E+09,8.43669E+09,8.46983E+09,8.50281E+09,8.53566E+09,8.56835E+09,8.6009E+09,8.63331E+09,8.66559E+09,8.69773E+09,8.72974E+09,8.76162E+09,8.79339E+09,8.82503E+09,8.85655E+09,8.88797E+09,8.91927E+09,8.95046E+09,8.98155E+09,9.01254E+09,9.04341E+09,9.07419E+09,9.10486E+09,9.13542E+09,9.16588E+09,9.19624E+09,9.22649E+09,9.25664E+09,9.28669E+09,9.31663E+09,9.34647E+09,9.37621E+09,9.40584E+09,9.43536E+09,9.46478E+09,9.4941E+09,9.5233E+09,9.5524E+09,9.58139E+09,9.61027E+09,9.63904E+09,9.6677E+09,9.69625E+09,9.72469E+09,9.75303E+09,9.78126E+09,9.80938E+09,9.8374E+09,9.86531E+09,9.89313E+09,9.92084E+09,9.94844E+09,9.97595E+09,1.00034E+10,1.00307E+10,1.00579E+10,1.0085E+10,1.0112E+10,1.01389E+10,1.01658E+10,1.01925E+10,1.02191E+10,1.02457E+10,1.02722E+10,1.02986E+10,1.03249E+10,1.03511E+10,1.03772E+10,1.04033E+10,1.04293E+10,1.04553E+10,1.04811E+10,1.05069E+10,1.05327E+10,1.05584E+10,1.0584E+10,1.06096E+10,1.06351E+10,1.06605E+10,1.06859E+10,1.07113E+10,1.07366E+10,1.07619E+10,1.07872E+10,1.08124E+10,1.08375E+10,1.08627E+10,1.08878E+10,1.09129E+10,1.0938E+10,1.0963E+10,1.09881E+10,1.10133E+10,1.10386E+10,1.1064E+10,1.10896E+10,1.11153E+10,1.11414E+10,1.11677E+10,1.11943E+10,1.12213E+10,1.12487E+10,1.12765E+10,1.13048E+10,1.13335E+10,1.13628E+10,1.13926E+10,1.14229E+10,1.14536E+10,1.14849E+10,1.15166E+10,1.15489E+10,1.15816E+10,1.16148E+10,1.16486E+10,1.16828E+10,1.17174E+10,1.17526E+10,1.17881E+10,1.18241E+10,1.18605E+10,1.18972E+10,1.19343E+10,1.19717E+10,1.20094E+10,1.20473E+10,1.20856E+10,1.21241E+10,1.21629E+10,1.22019E+10,1.22412E+10,1.22808E+10,1.23206E+10,1.23607E+10,1.2401E+10,1.24415E+10,1.24823E+10,1.25232E+10,1.25643E+10,1.26056E+10,1.26471E+10,1.26888E+10,1.27306E+10,1.27726E+10,1.28147E+10,1.2857E+10,1.28994E+10,1.29419E+10,1.29846E+10,1.30274E+10,1.30704E+10,1.31135E+10,1.31566E+10,1.31999E+10,1.32433E+10,1.32868E+10,1.33304E+10,1.33739E+10,1.34176E+10,1.34612E+10,1.35049E+10,1.35486E+10,1.35922E+10,1.36357E+10,1.36792E+10,1.37225E+10,1.37657E+10,1.38087E+10,1.38516E+10,1.38944E+10,1.3937E+10,1.39794E+10,1.40217E+10,1.40639E+10,1.41059E+10,1.41477E+10,1.41895E+10,1.4231E+10,1.42724E+10,1.43137E+10,1.43548E+10,1.43957E+10,1.44365E+10,1.44772E+10,1.45177E+10,1.4558E+10,1.45981E+10,1.46382E+10,1.4678E+10,1.47177E+10,1.47573E+10,1.47967E+10,1.48359E+10,1.48751E+10,1.4914E+10,1.49529E+10,1.49915E+10,1.50301E+10,1.50685E+10,1.51068E+10,1.51449E+10,1.51829E+10,1.52207E+10,1.52584E+10,1.52959E+10,1.53333E+10,1.53706E+10,1.54077E+10,1.54447E+10,1.54815E+10,1.55182E+10,1.55548E+10,1.55912E+10,1.56275E+10,1.56636E+10,1.56996E+10,1.57354E+10,1.57711E+10,1.58067E+10,1.58421E+10,1.58774E+10,1.59125E+10,1.59475E+10,1.59824E+10,1.60171E+10,1.60516E+10,1.60861E+10,1.61203E+10,1.61545E+10,1.61885E+10,1.62223E+10,1.6256E+10,1.62896E+10,1.6323E+10,1.63562E+10,1.63893E+10,1.64222E+10,1.6455E+10,1.64876E+10,1.65201E+10,1.65525E+10,1.65847E+10,1.66167E+10,1.66486E+10,1.66804E+10,1.67121E+10,1.67436E+10,1.6775E+10,1.68062E+10,1.68374E+10,1.68684E+10,1.68992E+10,1.693E+10,1.69606E+10,1.69911E+10,1.70214E+10,1.70517E+10,1.70818E+10,1.71118E+10,1.71416E+10,1.71714E+10,1.7201E+10,1.72306E+10,1.726E+10,1.72892E+10,1.73184E+10,1.73475E+10,1.73764E+10,1.74052E+10,1.7434E+10,1.74626E+10,1.74911E+10,1.75195E+10,1.75477E+10,1.75759E+10,1.7604E+10,1.76319E+10,1.76598E+10,1.76876E+10,1.77152E+10,1.77428E+10,1.77703E+10,1.77977E+10,1.7825E+10,1.78522E+10,1.78793E+10,1.79063E+10,1.79332E+10,1.796E+10,1.79868E+10,1.80134E+10,1.804E+10,1.80665E+10,1.8093E+10,1.81193E+10,1.81456E+10,1.81718E+10,1.8198E+10,1.8224E+10,1.825E+10,1.8276E+10,1.83019E+10,1.83277E+10,1.83535E+10,1.83792E+10,1.84049E+10,1.84305E+10,1.84561E+10,1.84816E+10,1.85071E+10,1.85326E+10,1.8558E+10,1.85835E+10,1.86089E+10,1.86345E+10,1.866E+10,1.86857E+10,1.87115E+10,1.87374E+10,1.87635E+10,1.87897E+10,1.88161E+10,1.88426E+10,1.88693E+10,1.88962E+10,1.89232E+10,1.89503E+10,1.89776E+10,1.90049E+10,1.90324E+10,1.906E+10,1.90877E+10,1.91154E+10,1.91433E+10,1.91713E+10,1.91993E+10,1.92275E+10,1.92557E+10,1.92841E+10,1.93125E+10,1.93411E+10,1.93697E+10,1.93985E+10,1.94275E+10,1.94566E+10,1.94861E+10,1.95158E+10,1.9546E+10,1.95765E+10,1.96075E+10,1.96389E+10,1.96708E+10,1.97033E+10,1.97364E+10,1.97702E+10,1.98047E+10,1.98399E+10,1.98758E+10,1.99126E+10,1.99501E+10,1.99884E+10,2.00276E+10,2.00677E+10,2.01086E+10,2.01505E+10,2.01933E+10,2.0237E+10,2.02816E+10,2.03272E+10,2.03737E+10,2.04211E+10,2.04695E+10,2.05188E+10,2.0569E+10,2.06201E+10,2.06721E+10,2.07248E+10,2.07784E+10,2.08327E+10,2.08877E+10,2.09433E+10,2.09996E+10,2.10565E+10,2.11139E+10,2.11718E+10,2.12302E+10,2.12891E+10,2.13483E+10,2.1408E+10,2.1468E+10,2.15284E+10,2.15891E+10,2.165E+10,2.17113E+10,2.17728E+10,2.18345E+10,2.18965E+10,2.19586E+10,2.20209E+10,2.20834E+10,2.2146E+10,2.22088E+10,2.22717E+10,2.23348E+10,2.23979E+10,2.24613E+10,2.25247E+10,2.25883E+10,2.2652E+10,2.27158E+10,2.27797E+10,2.28437E+10,2.29077E+10,2.29719E+10,2.3036E+10,2.31002E+10,2.31644E+10,2.32285E+10,2.32926E+10,2.33567E+10,2.34206E+10,2.34844E+10,2.35481E+10,2.36117E+10,2.36751E+10,2.37383E+10,2.38014E+10,2.38644E+10,2.39271E+10,2.39898E+10,2.40523E+10,2.41146E+10,2.41768E+10,2.42388E+10,2.43007E+10,2.43624E+10,2.4424E+10,2.44855E+10,2.45468E+10,2.46081E+10,2.46694E+10,2.47307E+10,2.47919E+10,2.48532E+10,2.49145E+10,2.49758E+10,2.50372E+10,2.50986E+10,2.51601E+10,2.52216E+10,2.52833E+10,2.53451E+10,2.5407E+10,2.54691E+10,2.55314E+10,2.55938E+10,2.56564E+10,2.57192E+10,2.57821E+10,2.58452E+10,2.59085E+10,2.5972E+10,2.60357E+10,2.60996E+10,2.61638E+10,2.62281E+10,2.62926E+10,2.63574E+10,2.64223E+10,2.64874E+10,2.65527E+10,2.66181E+10,2.66837E+10,2.67494E+10,2.68152E+10,2.68811E+10,2.69471E+10,2.70132E+10,2.70793E+10,2.71456E+10,2.72119E+10,2.72783E+10,2.73447E+10,2.74112E+10,2.74777E+10,2.75442E+10,2.76108E+10,2.76775E+10,2.77442E+10,2.7811E+10,2.78778E+10,2.79448E+10,2.80118E+10,2.80788E+10,2.81459E+10,2.82131E+10,2.82804E+10,2.83478E+10,2.84154E+10,2.84831E+10,2.85509E+10,2.86189E+10,2.86871E+10,2.87554E+10,2.88239E+10,2.88925E+10,2.89613E+10,2.90303E+10,2.90994E+10,2.91686E+10,2.9238E+10,2.93075E+10,2.93771E+10,2.94469E+10,2.95169E+10,2.9587E+10,2.96572E+10,2.97276E+10,2.97981E+10,2.98688E+10,2.99396E+10,3.00105E+10,3.00816E+10,3.01528E+10,3.0224E+10,3.02954E+10,3.03668E+10,3.04383E+10,3.05099E+10,3.05815E+10,3.06532E+10,3.07249E+10,3.07966E+10,3.08684E+10,3.09403E+10,3.10121E+10,3.1084E+10,3.11559E+10,3.12278E+10,3.12997E+10,3.13716E+10,3.14434E+10,3.15151E+10,3.15868E+10,3.16583E+10,3.17297E+10,3.1801E+10,3.18721E+10,3.1943E+10,3.20137E+10,3.20843E+10,3.21546E+10,3.22247E+10,3.22946E+10,3.23642E+10,3.24336E+10,3.25028E+10,3.25717E+10,3.26404E+10,3.27088E+10,3.2777E+10,3.28449E+10,3.29125E+10,3.29799E+10,3.3047E+10,3.31138E+10,3.31804E+10,3.32467E+10,3.33127E+10,3.33784E+10,3.34439E+10,3.35091E+10,3.3574E+10,3.36387E+10,3.3703E+10,3.37671E+10,3.38309E+10,3.38944E+10,3.39576E+10,3.40206E+10,3.40833E+10,3.41457E+10,3.42078E+10,3.42696E+10,3.43311E+10,3.43924E+10,3.44534E+10,3.45141E+10,3.45745E+10,3.46347E+10,3.46945E+10,3.47541E+10,3.48134E+10,3.48724E+10,3.49312E+10,3.49896E+10,3.50478E+10,3.51058E+10,3.51634E+10,3.52207E+10,3.52778E+10,3.53346E+10,3.53912E+10,3.54474E+10,3.55034E+10,3.55592E+10,3.56146E+10,3.56698E+10,3.57247E+10,3.57794E+10,3.58338E+10,3.58879E+10,3.59418E+10,3.59954E+10,3.60487E+10,3.61018E+10,3.61546E+10,3.62072E+10,3.62595E+10,3.63116E+10,3.63635E+10,3.64151E+10,3.64665E+10,3.65177E+10,3.65687E+10,3.66195E+10,3.66702E+10,3.67206E+10,3.67709E+10,3.68211E+10,3.68712E+10,3.69212E+10,3.6971E+10,3.70208E+10,3.70705E+10,3.71201E+10,3.71696E+10,3.7219E+10,3.72684E+10,3.73177E+10,3.73669E+10,3.74161E+10,3.74653E+10,3.75144E+10,3.75636E+10,3.76129E+10,3.76621E+10,3.77115E+10,3.77609E+10,3.78104E+10,3.786E+10,3.79097E+10,3.79595E+10,3.80095E+10,3.80595E+10,3.81097E+10,3.81599E+10,3.82103E+10,3.82607E+10,3.83112E+10,3.83618E+10,3.84124E+10,3.8463E+10,3.85136E+10,3.85642E+10,3.86148E+10,3.86653E+10,3.87157E+10,3.8766E+10,3.88162E+10,3.88663E+10,3.89163E+10,3.89662E+10,3.9016E+10,3.90657E+10,3.91152E+10,3.91647E+10,3.92141E+10,3.92634E+10,3.93126E+10,3.93617E+10,3.94108E+10,3.94598E+10,3.95087E+10,3.95575E+10,3.96063E+10,3.9655E+10,3.97037E+10,3.97523E+10,3.98009E+10,3.98495E+10,3.9898E+10,3.99465E+10,3.9995E+10,4.00434E+10,4.00918E+10,4.01402E+10,4.01885E+10,4.02368E+10,4.02851E+10,4.03333E+10,4.03815E+10,4.04296E+10,4.04777E+10,4.05258E+10,4.05738E+10,4.06217E+10,4.06696E+10,4.07175E+10,4.07652E+10,4.08129E+10,4.08605E+10,4.0908E+10,4.09555E+10,4.10029E+10,4.10502E+10,4.10974E+10,4.11446E+10,4.11916E+10,4.12386E+10,4.12854E+10,4.13322E+10,4.13788E+10,4.14254E+10,4.14718E+10,4.15181E+10,4.15644E+10,4.16105E+10,4.16564E+10,4.17023E+10,4.1748E+10,4.17936E+10,4.18391E+10,4.18845E+10,4.19297E+10,4.19748E+10,4.20198E+10,4.20646E+10,4.21092E+10,4.21538E+10,4.21982E+10,4.22424E+10,4.22865E+10,4.23305E+10,4.23743E+10,4.2418E+10,4.24616E+10,4.2505E+10,4.25483E+10,4.25914E+10,4.26343E+10,4.26772E+10,4.27199E+10,4.27624E+10,4.28048E+10,4.28471E+10,4.28892E+10,4.29312E+10,4.29731E+10,4.30148E+10,4.30564E+10,4.30979E+10,4.31392E+10,4.31804E+10,4.32214E+10,4.32624E+10,4.33032E+10,4.33439E+10,4.33844E+10,4.34249E+10,4.34652E+10,4.35054E+10,4.35455E+10,4.35855E+10,4.36253E+10,4.36651E+10,4.37047E+10,4.37443E+10,4.37838E+10,4.38231E+10,4.38624E+10,4.39015E+10,4.39406E+10,4.39796E+10,4.40185E+10,4.40573E+10,4.40961E+10,4.41347E+10,4.41733E+10
"Cost of GDP Cumulative[Louisiana]",0,0,0,0,0,0,0,0,0,0,0,0,0,0,0,0,0,0,0,0,0,0,0,0,0,0,0,0,8.3799E-05,0.0033145,0.0248772,0.100934,0.295186,0.704278,1.46296,2.74976,4.79378,7.88292,12.3735,18.7003,27.3876,39.0616,54.467,74.4894,100.184,132.807,173.854,225.107,288.688,367.117,463.381,581.013,724.195,897.881,1107.96,1361.48,1666.88,2034.39,2476.37,3007.75,3646.45,4413.84,5335.34,6441.14,7767.1,9355.95,11258.6,13535.6,16259.2,19515.3,23406,28052.9,33599.5,40215.4,48101,57493.7,68675.7,81983.2,97815.9,116647,139033,165622,197171,234551,278770,330988,392541,464969,550042,649798,766573,903053,1.06231E+06,1.24784E+06,1.4636E+06,1.71794E+06,2.05312E+06,2.58945E+06,3.55473E+06,5.29234E+06,8.2457E+06,1.29216E+07,1.98402E+07,2.94831E+07,4.22231E+07,5.82995E+07,7.78474E+07,1.00925E+08,1.27533E+08,1.57635E+08,1.91163E+08,2.28031E+08,2.68138E+08,3.11374E+08,3.57628E+08,4.06801E+08,4.58799E+08,5.1351E+08,5.7082E+08,6.30617E+08,6.92781E+08,7.57183E+08,8.23685E+08,8.92146E+08,9.62418E+08,1.03435E+09,1.10781E+09,1.18265E+09,1.25874E+09,1.33595E+09,1.41415E+09,1.49321E+09,1.57302E+09,1.65346E+09,1.73441E+09,1.81578E+09,1.89744E+09,1.97934E+09,2.06142E+09,2.14367E+09,2.22606E+09,2.30862E+09,2.39137E+09,2.47432E+09,2.55751E+09,2.64096E+09,2.7247E+09,2.80873E+09,2.89309E+09,2.97776E+09,3.06276E+09,3.14807E+09,3.23369E+09,3.31961E+09,3.4058E+09,3.49224E+09,3.57889E+09,3.66572E+09,3.75268E+09,3.83972E+09,3.92677E+09,4.01376E+09,4.10062E+09,4.18725E+09,4.27358E+09,4.35951E+09,4.44497E+09,4.52989E+09,4.61426E+09,4.69808E+09,4.78136E+09,4.8641E+09,4.9463E+09,5.02797E+09,5.10911E+09,5.18973E+09,5.26982E+09,5.34939E+09,5.42845E+09,5.50699E+09,5.58502E+09,5.66255E+09,5.73958E+09,5.81611E+09,5.89214E+09,5.96768E+09,6.04273E+09,6.1173E+09,6.19139E+09,6.265E+09,6.33813E+09,6.4108E+09,6.483E+09,6.55473E+09,6.62601E+09,6.69683E+09,6.76719E+09,6.83711E+09,6.90658E+09,6.97561E+09,7.04419E+09,7.11235E+09,7.18006E+09,7.24735E+09,7.31422E+09,7.38066E+09,7.44668E+09,7.51228E+09,7.57747E+09,7.64225E+09,7.70663E+09,7.7706E+09,7.83416E+09,7.89734E+09,7.96011E+09,8.0225E+09,8.0845E+09,8.14611E+09,8.20735E+09,8.2682E+09,8.32868E+09,8.38879E+09,8.44854E+09,8.50792E+09,8.56693E+09,8.62559E+09,8.6839E+09,8.74185E+09,8.79945E+09,8.85671E+09,8.91363E+09,8.97021E+09,9.02645E+09,9.08236E+09,9.13794E+09,9.19319E+09,9.24811E+09,9.30271E+09,9.35699E+09,9.41096E+09,9.46461E+09,9.51795E+09,9.57098E+09,9.6237E+09,9.67612E+09,9.72823E+09,9.78006E+09,9.83158E+09,9.88282E+09,9.93376E+09,9.98443E+09,1.00348E+10,1.00849E+10,1.01347E+10,1.01843E+10,1.02336E+10,1.02826E+10,1.03313E+10,1.03798E+10,1.04281E+10,1.04761E+10,1.05238E+10,1.05713E+10,1.06186E+10,1.06656E+10,1.07124E+10,1.07589E+10,1.08052E+10,1.08513E+10,1.08972E+10,1.09428E+10,1.09882E+10,1.10333E+10,1.10783E+10,1.1123E+10,1.11675E+10,1.12117E+10,1.12558E+10,1.12996E+10,1.13432E+10,1.13865E+10,1.14297E+10,1.14726E+10,1.15153E+10,1.15577E+10,1.16E+10,1.1642E+10,1.16838E+10,1.17254E+10,1.17667E+10,1.18078E+10,1.18487E+10,1.18893E+10,1.19297E+10,1.19699E+10,1.20099E+10,1.20496E+10,1.20892E+10,1.21284E+10,1.21675E+10,1.22064E+10,1.2245E+10,1.22834E+10,1.23216E+10,1.23595E+10,1.23973E+10,1.24348E+10,1.24721E+10,1.25092E+10,1.25461E+10,1.25828E+10,1.26193E+10,1.26555E+10,1.26916E+10,1.27274E+10,1.2763E+10,1.27984E+10,1.28337E+10,1.28687E+10,1.29035E+10,1.29381E+10,1.29725E+10,1.30067E+10,1.30407E+10,1.30745E+10,1.31081E+10,1.31415E+10,1.31748E+10,1.32078E+10,1.32406E+10,1.32733E+10,1.33057E+10,1.3338E+10,1.33701E+10,1.3402E+10,1.34337E+10,1.34652E+10,1.34966E+10,1.35278E+10,1.35588E+10,1.35896E+10,1.36202E+10,1.36507E+10,1.3681E+10,1.37111E+10,1.37411E+10,1.37709E+10,1.38005E+10,1.38299E+10,1.38593E+10,1.38884E+10,1.39174E+10,1.39462E+10,1.39749E+10,1.40034E+10,1.40318E+10,1.406E+10,1.40881E+10,1.4116E+10,1.41438E+10,1.41714E+10,1.41989E+10,1.42263E+10,1.42536E+10,1.42807E+10,1.43077E+10,1.43345E+10,1.43613E+10,1.43879E+10,1.44144E+10,1.44408E+10,1.44671E+10,1.44932E+10,1.45193E+10,1.45452E+10,1.45711E+10,1.45968E+10,1.46224E+10,1.4648E+10,1.46735E+10,1.46988E+10,1.47241E+10,1.47494E+10,1.47745E+10,1.47995E+10,1.48245E+10,1.48495E+10,1.48743E+10,1.48991E+10,1.49239E+10,1.49485E+10,1.49732E+10,1.49978E+10,1.50223E+10,1.50468E+10,1.50713E+10,1.50957E+10,1.51201E+10,1.51445E+10,1.51688E+10,1.51932E+10,1.52178E+10,1.52429E+10,1.52688E+10,1.52954E+10,1.53232E+10,1.53521E+10,1.53823E+10,1.54138E+10,1.54467E+10,1.54811E+10,1.5517E+10,1.55544E+10,1.55932E+10,1.56335E+10,1.5675E+10,1.57178E+10,1.57618E+10,1.58069E+10,1.58528E+10,1.58995E+10,1.59468E+10,1.59946E+10,1.60428E+10,1.60912E+10,1.61398E+10,1.61883E+10,1.62368E+10,1.6285E+10,1.6333E+10,1.63808E+10,1.64283E+10,1.64756E+10,1.65226E+10,1.65694E+10,1.6616E+10,1.66623E+10,1.67083E+10,1.67541E+10,1.67997E+10,1.6845E+10,1.68901E+10,1.69349E+10,1.69795E+10,1.70238E+10,1.70679E+10,1.71118E+10,1.71554E+10,1.71988E+10,1.7242E+10,1.72849E+10,1.73276E+10,1.737E+10,1.74123E+10,1.74543E+10,1.74961E+10,1.75377E+10,1.7579E+10,1.76202E+10,1.76611E+10,1.77018E+10,1.77423E+10,1.77825E+10,1.78226E+10,1.78625E+10,1.79021E+10,1.79416E+10,1.79808E+10,1.80198E+10,1.80587E+10,1.80973E+10,1.81357E+10,1.8174E+10,1.8212E+10,1.82499E+10,1.82876E+10,1.8325E+10,1.83623E+10,1.83995E+10,1.84364E+10,1.84732E+10,1.85098E+10,1.85462E+10,1.85824E+10,1.86185E+10,1.86544E+10,1.86901E+10,1.87256E+10,1.8761E+10,1.87962E+10,1.88312E+10,1.88661E+10,1.89008E+10,1.89353E+10,1.89697E+10,1.90039E+10,1.90379E+10,1.90718E+10,1.91055E+10,1.9139E+10,1.91724E+10,1.92056E+10,1.92386E+10,1.92715E+10,1.93043E+10,1.93369E+10,1.93693E+10,1.94016E+10,1.94337E+10,1.94657E+10,1.94975E+10,1.95292E+10,1.95608E+10,1.95922E+10,1.96235E+10,1.96546E+10,1.96856E+10,1.97164E+10,1.97472E+10,1.97778E+10,1.98082E+10,1.98386E+10,1.98688E+10,1.98989E+10,1.99289E+10,1.99587E+10,1.99885E+10,2.00181E+10,2.00476E+10,2.0077E+10,2.01063E+10,2.01355E+10,2.01646E+10,2.01936E+10,2.02226E+10,2.02514E+10,2.02801E+10,2.03087E+10,2.03373E+10,2.03657E+10,2.03941E+10,2.04224E+10,2.04506E+10,2.04788E+10,2.05069E+10,2.05349E+10,2.05628E+10,2.05907E+10,2.06185E+10,2.06463E+10,2.0674E+10,2.07016E+10,2.07293E+10,2.0757E+10,2.0785E+10,2.08134E+10,2.08422E+10,2.08716E+10,2.09016E+10,2.09323E+10,2.09637E+10,2.09959E+10,2.10288E+10,2.10624E+10,2.10967E+10,2.11316E+10,2.11671E+10,2.12032E+10,2.12396E+10,2.12764E+10,2.13135E+10,2.13508E+10,2.1388E+10,2.14253E+10,2.14624E+10,2.14994E+10,2.15362E+10,2.15729E+10,2.16094E+10,2.16457E+10,2.16819E+10,2.17178E+10,2.17537E+10,2.17893E+10,2.18248E+10,2.18601E+10,2.18953E+10,2.19303E+10,2.19651E+10,2.19998E+10,2.20343E+10,2.20686E+10,2.21028E+10,2.21368E+10,2.21706E+10,2.22044E+10,2.22379E+10,2.22713E+10,2.23046E+10,2.23377E+10,2.23707E+10,2.24035E+10,2.24362E+10,2.24688E+10,2.25012E+10,2.25336E+10,2.25658E+10,2.25979E+10,2.26299E+10,2.26618E+10,2.26936E+10,2.27254E+10,2.2757E+10,2.27886E+10,2.28202E+10,2.28518E+10,2.28833E+10,2.29148E+10,2.29463E+10,2.29778E+10,2.30094E+10,2.30413E+10,2.30739E+10,2.31076E+10,2.31425E+10,2.3179E+10,2.32171E+10,2.32571E+10,2.3299E+10,2.33428E+10,2.33886E+10,2.34363E+10,2.3486E+10,2.35376E+10,2.35911E+10,2.36463E+10,2.37033E+10,2.3762E+10,2.38223E+10,2.38841E+10,2.39474E+10,2.40121E+10,2.40782E+10,2.41455E+10,2.42141E+10,2.42839E+10,2.43547E+10,2.44267E+10,2.44996E+10,2.45734E+10,2.46482E+10,2.47237E+10,2.47999E+10,2.48768E+10,2.49542E+10,2.50321E+10,2.51102E+10,2.51885E+10,2.5267E+10,2.53453E+10,2.54235E+10,2.55015E+10,2.5579E+10,2.56562E+10,2.5733E+10,2.58094E+10,2.58853E+10,2.59608E+10,2.60359E+10,2.61107E+10,2.6185E+10,2.62588E+10,2.63323E+10,2.64054E+10,2.64781E+10,2.65503E+10,2.66222E+10,2.66936E+10,2.67647E+10,2.68353E+10,2.69056E+10,2.69754E+10,2.70449E+10,2.7114E+10,2.71826E+10,2.72509E+10,2.73188E+10,2.73863E+10,2.74535E+10,2.75202E+10,2.75866E+10,2.76526E+10,2.77182E+10,2.77835E+10,2.78484E+10,2.79129E+10,2.7977E+10,2.80408E+10,2.81043E+10,2.81674E+10,2.82301E+10,2.82925E+10,2.83545E+10,2.84162E+10,2.84776E+10,2.85386E+10,2.85993E+10,2.86596E+10,2.87197E+10,2.87794E+10,2.88387E+10,2.88978E+10,2.89566E+10,2.9015E+10,2.90731E+10,2.9131E+10,2.91885E+10,2.92457E+10,2.93026E+10,2.93593E+10,2.94156E+10,2.94717E+10,2.95275E+10,2.95831E+10,2.96383E+10,2.96933E+10,2.97481E+10,2.98026E+10,2.98568E+10,2.99108E+10,2.99646E+10,3.00182E+10,3.00715E+10,3.01247E+10,3.01776E+10,3.02303E+10,3.02828E+10,3.03351E+10,3.03873E+10,3.04392E+10,3.0491E+10,3.05426E+10,3.0594E+10,3.06453E+10,3.06964E+10,3.07474E+10,3.07981E+10,3.08488E+10,3.08993E+10,3.09496E+10,3.09998E+10,3.10498E+10,3.10997E+10,3.11495E+10,3.11992E+10,3.12488E+10,3.12982E+10,3.13476E+10,3.13968E+10,3.1446E+10,3.1495E+10,3.1544E+10,3.15928E+10,3.16416E+10,3.16903E+10,3.17389E+10,3.17874E+10,3.18359E+10,3.18843E+10,3.19326E+10,3.19808E+10,3.2029E+10,3.20771E+10,3.21251E+10,3.21731E+10,3.22209E+10,3.22688E+10,3.23165E+10,3.23642E+10,3.24118E+10,3.24594E+10,3.25069E+10,3.25544E+10,3.26018E+10,3.26491E+10,3.26965E+10,3.27438E+10,3.2791E+10,3.28382E+10,3.28854E+10,3.29326E+10,3.29797E+10,3.30268E+10,3.30739E+10,3.3121E+10,3.3168E+10,3.3215E+10,3.32619E+10,3.33088E+10,3.33556E+10,3.34024E+10,3.34491E+10,3.34958E+10,3.35424E+10,3.3589E+10,3.36355E+10,3.36819E+10,3.37282E+10,3.37744E+10,3.38205E+10,3.38666E+10,3.39125E+10,3.39584E+10,3.40041E+10,3.40497E+10,3.40952E+10,3.41407E+10,3.41859E+10,3.42311E+10,3.42762E+10,3.43211E+10,3.43659E+10,3.44105E+10,3.4455E+10,3.44994E+10,3.45436E+10,3.45877E+10,3.46316E+10,3.46754E+10,3.4719E+10,3.47625E+10,3.48058E+10,3.4849E+10,3.4892E+10,3.49348E+10,3.49775E+10,3.50201E+10,3.50625E+10,3.51047E+10,3.51467E+10,3.51886E+10,3.52304E+10,3.52719E+10,3.53133E+10,3.53546E+10,3.53956E+10,3.54365E+10,3.54773E+10,3.55178E+10,3.55582E+10,3.55984E+10,3.56385E+10,3.56784E+10,3.57182E+10,3.57577E+10,3.57972E+10,3.58364E+10,3.58756E+10,3.59145E+10,3.59533E+10,3.5992E+10,3.60305E+10,3.60688E+10,3.6107E+10,3.6145E+10,3.61829E+10,3.62207E+10,3.62583E+10,3.62957E+10,3.6333E+10,3.63701E+10,3.64071E+10,3.6444E+10,3.64807E+10,3.65173E+10,3.65537E+10,3.659E+10,3.66262E+10,3.66622E+10,3.66981E+10,3.67339E+10,3.67696E+10,3.68051E+10,3.68406E+10,3.68759E+10,3.6911E+10,3.69461E+10,3.69811E+10,3.70159E+10,3.70507E+10,3.70853E+10,3.71198E+10,3.71543E+10,3.71886E+10,3.72229E+10,3.7257E+10,3.72911E+10,3.73251E+10,3.7359E+10,3.73928E+10,3.74266E+10,3.74603E+10,3.7494E+10,3.75276E+10,3.75611E+10,3.75946E+10,3.76281E+10,3.76615E+10,3.76948E+10,3.77281E+10,3.77613E+10,3.77946E+10,3.78277E+10,3.78608E+10,3.78939E+10,3.7927E+10,3.796E+10,3.7993E+10,3.80259E+10,3.80589E+10,3.80917E+10,3.81246E+10,3.81574E+10,3.81902E+10,3.82229E+10,3.82556E+10,3.82883E+10,3.83209E+10,3.83535E+10,3.8386E+10,3.84185E+10,3.8451E+10,3.84834E+10,3.85158E+10,3.85481E+10,3.85804E+10,3.86126E+10,3.86448E+10,3.8677E+10,3.8709E+10,3.87411E+10,3.8773E+10,3.88049E+10,3.88368E+10,3.88686E+10,3.89004E+10,3.8932E+10,3.89637E+10,3.89953E+10,3.90268E+10,3.90582E+10,3.90896E+10,3.9121E+10,3.91523E+10,3.91835E+10,3.92147E+10,3.92458E+10,3.92769E+10,3.93079E+10,3.93388E+10,3.93697E+10,3.94005E+10,3.94313E+10,3.94621E+10,3.94927E+10,3.95233E+10,3.95539E+10,3.95844E+10,3.96148E+10,3.96452E+10,3.96756E+10,3.97059E+10,3.97361E+10,3.97663E+10,3.97965E+10,3.98266E+10,3.98566E+10,3.98866E+10,3.99165E+10,3.99464E+10,3.99763E+10,4.00061E+10,4.00358E+10,4.00655E+10,4.00951E+10,4.01247E+10,4.01542E+10,4.01837E+10,4.02131E+10,4.02425E+10,4.02718E+10,4.03011E+10,4.03303E+10,4.03594E+10,4.03885E+10,4.04176E+10,4.04466E+10,4.04755E+10,4.05044E+10,4.05332E+10,4.0562E+10,4.05907E+10,4.06194E+10,4.0648E+10,4.06766E+10,4.07051E+10,4.07335E+10,4.07619E+10,4.07902E+10,4.08185E+10,4.08467E+10,4.08749E+10,4.0903E+10,4.09311E+10,4.09591E+10,4.0987E+10,4.10149E+10,4.10428E+10,4.10706E+10,4.10983E+10,4.1126E+10,4.11536E+10,4.11812E+10,4.12088E+10,4.12363E+10,4.12637E+10,4.12911E+10,4.13185E+10,4.13458E+10,4.13731E+10,4.14003E+10,4.14274E+10,4.14545E+10,4.14816E+10,4.15086E+10,4.15356E+10,4.15625E+10,4.15894E+10,4.16163E+10,4.16431E+10,4.16698E+10,4.16965E+10,4.17232E+10,4.17498E+10,4.17764E+10,4.1803E+10,4.18295E+10,4.18559E+10,4.18824E+10,4.19088E+10,4.19351E+10,4.19614E+10,4.19877E+10,4.2014E+10,4.20402E+10,4.20664E+10,4.20925E+10,4.21186E+10,4.21447E+10,4.21707E+10,4.21968E+10,4.22227E+10,4.22487E+10,4.22746E+10,4.23005E+10,4.23264E+10,4.23522E+10,4.2378E+10,4.24038E+10,4.24295E+10,4.24552E+10
"Cost of GDP Cumulative[Maine]",0,0,0,0,0,0,0,0,0,0,0,0,0,0,0,0,0,0,0,0,0,2.1542E-42,5.0096E-42,8.55804E-42,3.0979E-41,1.20792E-40,2.45424E-40,3.70432E-40,5.05586E-40,0.000919205,0.0203111,0.133846,0.53162,1.60057,4.05876,9.18138,19.178,37.816,71.4561,130.798,233.808,410.52,710.61,1215.17,2056.36,3449.66,5715.19,9248.9,14467.4,21763.7,31487.9,43944.2,59388.3,78026.4,100020,125491,154531,187203,223560,263642,307475,355074,406455,461633,520628,583468,650188,720835,795461,874136,956963,1.04478E+06,1.13864E+06,1.2389E+06,1.34595E+06,1.46031E+06,1.5827E+06,1.71515E+06,1.8608E+06,2.02282E+06,2.2074E+06,2.42109E+06,2.66982E+06,2.96255E+06,3.30637E+06,3.70577E+06,4.16389E+06,4.68492E+06,5.28013E+06,5.96015E+06,6.7327E+06,7.6214E+06,8.65493E+06,9.85417E+06,1.12311E+07,1.27912E+07,1.45365E+07,1.64667E+07,1.85805E+07,2.08763E+07,2.33528E+07,2.60107E+07,2.88497E+07,3.18688E+07,3.5066E+07,3.84385E+07,4.19831E+07,4.56961E+07,4.95732E+07,5.36097E+07,5.78012E+07,6.21434E+07,6.66321E+07,7.12666E+07,7.60553E+07,8.10679E+07,8.63956E+07,9.20803E+07,9.81436E+07,1.04598E+08,1.11448E+08,1.18695E+08,1.26356E+08,1.34466E+08,1.43043E+08,1.52094E+08,1.6162E+08,1.71612E+08,1.82064E+08,1.92965E+08,2.0431E+08,2.16101E+08,2.28332E+08,2.41001E+08,2.541E+08,2.6762E+08,2.81545E+08,2.95863E+08,3.10556E+08,3.25609E+08,3.41005E+08,3.56727E+08,3.72758E+08,3.89082E+08,4.05682E+08,4.2254E+08,4.39639E+08,4.56963E+08,4.74493E+08,4.92213E+08,5.10106E+08,5.28155E+08,5.46342E+08,5.64651E+08,5.83065E+08,6.01567E+08,6.2014E+08,6.38768E+08,6.57434E+08,6.76124E+08,6.94822E+08,7.13514E+08,7.32186E+08,7.50824E+08,7.69417E+08,7.87951E+08,8.06418E+08,8.24806E+08,8.43106E+08,8.61313E+08,8.79423E+08,8.97436E+08,9.15361E+08,9.33207E+08,9.50986E+08,9.68705E+08,9.86367E+08,1.00397E+09,1.02152E+09,1.03901E+09,1.05644E+09,1.0738E+09,1.0911E+09,1.10831E+09,1.12545E+09,1.14249E+09,1.15945E+09,1.17629E+09,1.19303E+09,1.20966E+09,1.22618E+09,1.24258E+09,1.25888E+09,1.27507E+09,1.29114E+09,1.30712E+09,1.32298E+09,1.33874E+09,1.3544E+09,1.36994E+09,1.38539E+09,1.40073E+09,1.41597E+09,1.43111E+09,1.44615E+09,1.46109E+09,1.47592E+09,1.49066E+09,1.5053E+09,1.51984E+09,1.53429E+09,1.54864E+09,1.56289E+09,1.57705E+09,1.59112E+09,1.60509E+09,1.61897E+09,1.63275E+09,1.64645E+09,1.66005E+09,1.67356E+09,1.68699E+09,1.70032E+09,1.71357E+09,1.72673E+09,1.7398E+09,1.75279E+09,1.76569E+09,1.7785E+09,1.79124E+09,1.80388E+09,1.81645E+09,1.82893E+09,1.84133E+09,1.85365E+09,1.86589E+09,1.87805E+09,1.89013E+09,1.90213E+09,1.91405E+09,1.92589E+09,1.93765E+09,1.94934E+09,1.96094E+09,1.97248E+09,1.98393E+09,1.99531E+09,2.00662E+09,2.01785E+09,2.02901E+09,2.04009E+09,2.0511E+09,2.06204E+09,2.0729E+09,2.08369E+09,2.09442E+09,2.10507E+09,2.11565E+09,2.12616E+09,2.1366E+09,2.14697E+09,2.15727E+09,2.1675E+09,2.17767E+09,2.18777E+09,2.1978E+09,2.20777E+09,2.21767E+09,2.2275E+09,2.23727E+09,2.24697E+09,2.25661E+09,2.26619E+09,2.2757E+09,2.28515E+09,2.29454E+09,2.30386E+09,2.31313E+09,2.32233E+09,2.33147E+09,2.34055E+09,2.34958E+09,2.35854E+09,2.36744E+09,2.37629E+09,2.38508E+09,2.39381E+09,2.40248E+09,2.4111E+09,2.41966E+09,2.42816E+09,2.43662E+09,2.44501E+09,2.45336E+09,2.46165E+09,2.46988E+09,2.47807E+09,2.48621E+09,2.49429E+09,2.50232E+09,2.5103E+09,2.51824E+09,2.52612E+09,2.53395E+09,2.54174E+09,2.54947E+09,2.55716E+09,2.5648E+09,2.57239E+09,2.57993E+09,2.58743E+09,2.59487E+09,2.60227E+09,2.60962E+09,2.61693E+09,2.62419E+09,2.6314E+09,2.63856E+09,2.64568E+09,2.65276E+09,2.65978E+09,2.66677E+09,2.6737E+09,2.6806E+09,2.68744E+09,2.69425E+09,2.70101E+09,2.70772E+09,2.71439E+09,2.72102E+09,2.72761E+09,2.73415E+09,2.74065E+09,2.74711E+09,2.75352E+09,2.7599E+09,2.76623E+09,2.77252E+09,2.77877E+09,2.78498E+09,2.79114E+09,2.79727E+09,2.80336E+09,2.80941E+09,2.81542E+09,2.82139E+09,2.82732E+09,2.83321E+09,2.83907E+09,2.84489E+09,2.85067E+09,2.85641E+09,2.86212E+09,2.86779E+09,2.87342E+09,2.87902E+09,2.88459E+09,2.89012E+09,2.89561E+09,2.90108E+09,2.90651E+09,2.91191E+09,2.91728E+09,2.92262E+09,2.92793E+09,2.93321E+09,2.93846E+09,2.94368E+09,2.94888E+09,2.95404E+09,2.95918E+09,2.96429E+09,2.96938E+09,2.97447E+09,2.97955E+09,2.98465E+09,2.98978E+09,2.99494E+09,3.00014E+09,3.00539E+09,3.01071E+09,3.01611E+09,3.02159E+09,3.02717E+09,3.03287E+09,3.03869E+09,3.04465E+09,3.05073E+09,3.05695E+09,3.0633E+09,3.06977E+09,3.07638E+09,3.08312E+09,3.08998E+09,3.09698E+09,3.10412E+09,3.11138E+09,3.11876E+09,3.12627E+09,3.1339E+09,3.14164E+09,3.14949E+09,3.15743E+09,3.16547E+09,3.17359E+09,3.18178E+09,3.19005E+09,3.19838E+09,3.20677E+09,3.21521E+09,3.22372E+09,3.23228E+09,3.2409E+09,3.24958E+09,3.25832E+09,3.26712E+09,3.27597E+09,3.28487E+09,3.29381E+09,3.3028E+09,3.31182E+09,3.32089E+09,3.33E+09,3.33914E+09,3.34832E+09,3.35752E+09,3.36675E+09,3.376E+09,3.38528E+09,3.39458E+09,3.4039E+09,3.41326E+09,3.42264E+09,3.43204E+09,3.44146E+09,3.45091E+09,3.46037E+09,3.46984E+09,3.47932E+09,3.4888E+09,3.49829E+09,3.50778E+09,3.51726E+09,3.52672E+09,3.53616E+09,3.54556E+09,3.55493E+09,3.56425E+09,3.57352E+09,3.58274E+09,3.5919E+09,3.60101E+09,3.61006E+09,3.61906E+09,3.62801E+09,3.6369E+09,3.64574E+09,3.65453E+09,3.66327E+09,3.67196E+09,3.68059E+09,3.68918E+09,3.69771E+09,3.70619E+09,3.71462E+09,3.723E+09,3.73134E+09,3.73962E+09,3.74785E+09,3.75604E+09,3.76417E+09,3.77226E+09,3.7803E+09,3.7883E+09,3.79624E+09,3.80414E+09,3.81199E+09,3.81979E+09,3.82755E+09,3.83526E+09,3.84293E+09,3.85055E+09,3.85813E+09,3.86566E+09,3.87314E+09,3.88058E+09,3.88798E+09,3.89533E+09,3.90264E+09,3.9099E+09,3.91712E+09,3.9243E+09,3.93143E+09,3.93852E+09,3.94557E+09,3.95258E+09,3.95954E+09,3.96646E+09,3.97334E+09,3.98018E+09,3.98698E+09,3.99373E+09,4.00045E+09,4.00712E+09,4.01375E+09,4.02035E+09,4.0269E+09,4.03341E+09,4.03989E+09,4.04632E+09,4.05272E+09,4.05908E+09,4.06539E+09,4.07167E+09,4.07791E+09,4.08412E+09,4.09028E+09,4.09641E+09,4.1025E+09,4.10855E+09,4.11457E+09,4.12055E+09,4.12649E+09,4.13239E+09,4.13826E+09,4.1441E+09,4.14989E+09,4.15565E+09,4.16138E+09,4.16707E+09,4.17273E+09,4.17835E+09,4.18393E+09,4.18948E+09,4.195E+09,4.20048E+09,4.20593E+09,4.21134E+09,4.21672E+09,4.22207E+09,4.22738E+09,4.23267E+09,4.23791E+09,4.24313E+09,4.24831E+09,4.25346E+09,4.25858E+09,4.26367E+09,4.26873E+09,4.27375E+09,4.27875E+09,4.28371E+09,4.28864E+09,4.29354E+09,4.29841E+09,4.30326E+09,4.30807E+09,4.31285E+09,4.3176E+09,4.32233E+09,4.32703E+09,4.33169E+09,4.33633E+09,4.34094E+09,4.34553E+09,4.35008E+09,4.35461E+09,4.35911E+09,4.36359E+09,4.36803E+09,4.37245E+09,4.37685E+09,4.38122E+09,4.38556E+09,4.38988E+09,4.39417E+09,4.39844E+09,4.40268E+09,4.40689E+09,4.41108E+09,4.41525E+09,4.41939E+09,4.42351E+09,4.4276E+09,4.43167E+09,4.43571E+09,4.43973E+09,4.44372E+09,4.4477E+09,4.45164E+09,4.45557E+09,4.45948E+09,4.46337E+09,4.46726E+09,4.47114E+09,4.47501E+09,4.4789E+09,4.4828E+09,4.48673E+09,4.49068E+09,4.49467E+09,4.4987E+09,4.50278E+09,4.50692E+09,4.5111E+09,4.51533E+09,4.5196E+09,4.52392E+09,4.52828E+09,4.53268E+09,4.53711E+09,4.54157E+09,4.54606E+09,4.55059E+09,4.55514E+09,4.55973E+09,4.56435E+09,4.56899E+09,4.57367E+09,4.57837E+09,4.5831E+09,4.58787E+09,4.59267E+09,4.59751E+09,4.60239E+09,4.60731E+09,4.6123E+09,4.61737E+09,4.62255E+09,4.62784E+09,4.63326E+09,4.6388E+09,4.64449E+09,4.65033E+09,4.65634E+09,4.66254E+09,4.66894E+09,4.67555E+09,4.68237E+09,4.68942E+09,4.69669E+09,4.7042E+09,4.71194E+09,4.71993E+09,4.72816E+09,4.73665E+09,4.74539E+09,4.75438E+09,4.76362E+09,4.77312E+09,4.78286E+09,4.79287E+09,4.80312E+09,4.81363E+09,4.82438E+09,4.83537E+09,4.84659E+09,4.85803E+09,4.86968E+09,4.88152E+09,4.89354E+09,4.90574E+09,4.91809E+09,4.93058E+09,4.94321E+09,4.95596E+09,4.96882E+09,4.98178E+09,4.99483E+09,5.00796E+09,5.02117E+09,5.03443E+09,5.04776E+09,5.06113E+09,5.07454E+09,5.08798E+09,5.10146E+09,5.11495E+09,5.12847E+09,5.142E+09,5.15554E+09,5.16909E+09,5.18264E+09,5.1962E+09,5.20976E+09,5.22332E+09,5.23689E+09,5.25046E+09,5.26404E+09,5.27763E+09,5.29122E+09,5.30481E+09,5.3184E+09,5.33199E+09,5.34558E+09,5.35915E+09,5.37271E+09,5.38626E+09,5.39978E+09,5.41327E+09,5.42673E+09,5.44015E+09,5.45353E+09,5.46684E+09,5.4801E+09,5.4933E+09,5.50643E+09,5.5195E+09,5.53251E+09,5.54545E+09,5.55833E+09,5.57116E+09,5.58392E+09,5.59662E+09,5.60927E+09,5.62186E+09,5.6344E+09,5.64688E+09,5.65931E+09,5.67169E+09,5.68403E+09,5.69636E+09,5.70867E+09,5.72099E+09,5.7333E+09,5.74562E+09,5.75794E+09,5.77028E+09,5.78263E+09,5.795E+09,5.8074E+09,5.81983E+09,5.83231E+09,5.84484E+09,5.85743E+09,5.87007E+09,5.88277E+09,5.89553E+09,5.90835E+09,5.92122E+09,5.93417E+09,5.94717E+09,5.96024E+09,5.97338E+09,5.9866E+09,5.99989E+09,6.01325E+09,6.0267E+09,6.04022E+09,6.05382E+09,6.06749E+09,6.08122E+09,6.09501E+09,6.10885E+09,6.12275E+09,6.13669E+09,6.15066E+09,6.16467E+09,6.17871E+09,6.19278E+09,6.20687E+09,6.22099E+09,6.23512E+09,6.24927E+09,6.26344E+09,6.27762E+09,6.29181E+09,6.30602E+09,6.32023E+09,6.33446E+09,6.3487E+09,6.36297E+09,6.37724E+09,6.39153E+09,6.40583E+09,6.42014E+09,6.43445E+09,6.44877E+09,6.46311E+09,6.47748E+09,6.49187E+09,6.5063E+09,6.52075E+09,6.53523E+09,6.54974E+09,6.56427E+09,6.57882E+09,6.59339E+09,6.60798E+09,6.62258E+09,6.63719E+09,6.65181E+09,6.66643E+09,6.68105E+09,6.69567E+09,6.71029E+09,6.72491E+09,6.73953E+09,6.75414E+09,6.76874E+09,6.78333E+09,6.79791E+09,6.81248E+09,6.82703E+09,6.84156E+09,6.85607E+09,6.87055E+09,6.88501E+09,6.89945E+09,6.91386E+09,6.92824E+09,6.94259E+09,6.95691E+09,6.9712E+09,6.98547E+09,6.99972E+09,7.01394E+09,7.02815E+09,7.04234E+09,7.05651E+09,7.07066E+09,7.08479E+09,7.09889E+09,7.11296E+09,7.12699E+09,7.14098E+09,7.15492E+09,7.16882E+09,7.18266E+09,7.19644E+09,7.21016E+09,7.22382E+09,7.23741E+09,7.25093E+09,7.26438E+09,7.27776E+09,7.29107E+09,7.3043E+09,7.31745E+09,7.33052E+09,7.34352E+09,7.35643E+09,7.36927E+09,7.38203E+09,7.3947E+09,7.4073E+09,7.41983E+09,7.43227E+09,7.44464E+09,7.45693E+09,7.46914E+09,7.48128E+09,7.49334E+09,7.50533E+09,7.51724E+09,7.52908E+09,7.54085E+09,7.55254E+09,7.56415E+09,7.5757E+09,7.58717E+09,7.59858E+09,7.60991E+09,7.62117E+09,7.63236E+09,7.64348E+09,7.65453E+09,7.66551E+09,7.67643E+09,7.68728E+09,7.69806E+09,7.70878E+09,7.71943E+09,7.73002E+09,7.74054E+09,7.751E+09,7.7614E+09,7.77174E+09,7.78202E+09,7.79223E+09,7.80239E+09,7.81249E+09,7.82253E+09,7.83251E+09,7.84244E+09,7.85231E+09,7.86213E+09,7.87188E+09,7.88159E+09,7.89124E+09,7.90083E+09,7.91037E+09,7.91985E+09,7.92928E+09,7.93866E+09,7.94798E+09,7.95725E+09,7.96646E+09,7.97563E+09,7.98474E+09,7.99379E+09,8.0028E+09,8.01176E+09,8.02066E+09,8.02952E+09,8.03833E+09,8.04711E+09,8.05584E+09,8.06455E+09,8.07322E+09,8.08187E+09,8.09049E+09,8.0991E+09,8.10769E+09,8.11628E+09,8.12485E+09,8.13341E+09,8.14196E+09,8.1505E+09,8.15903E+09,8.16755E+09,8.17606E+09,8.18457E+09,8.19307E+09,8.20159E+09,8.21011E+09,8.21864E+09,8.2272E+09,8.23578E+09,8.2444E+09,8.25304E+09,8.26172E+09,8.27044E+09,8.27921E+09,8.28802E+09,8.29687E+09,8.30577E+09,8.3147E+09,8.32367E+09,8.33267E+09,8.3417E+09,8.35075E+09,8.35982E+09,8.3689E+09,8.37799E+09,8.38708E+09,8.39617E+09,8.40523E+09,8.41428E+09,8.42328E+09,8.43225E+09,8.44117E+09,8.45005E+09,8.45888E+09,8.46767E+09,8.47641E+09,8.48511E+09,8.49376E+09,8.50238E+09,8.51095E+09,8.51948E+09,8.52798E+09,8.53643E+09,8.54485E+09,8.55323E+09,8.56158E+09,8.56989E+09,8.57817E+09,8.58642E+09,8.59464E+09,8.60283E+09,8.61099E+09,8.61912E+09,8.62723E+09,8.63531E+09,8.64337E+09,8.6514E+09,8.65942E+09,8.66741E+09,8.67538E+09,8.68333E+09,8.69127E+09,8.69919E+09,8.70709E+09,8.71497E+09,8.72284E+09,8.73069E+09,8.73852E+09,8.74635E+09,8.75415E+09,8.76195E+09,8.76973E+09,8.7775E+09,8.78525E+09,8.79299E+09,8.80072E+09,8.80844E+09,8.81614E+09,8.82383E+09,8.83151E+09,8.83917E+09,8.84682E+09,8.85446E+09,8.86209E+09,8.8697E+09,8.87729E+09,8.88487E+09,8.89244E+09,8.89999E+09,8.90753E+09,8.91505E+09,8.92255E+09,8.93003E+09,8.9375E+09,8.94495E+09,8.95238E+09,8.95979E+09,8.96718E+09,8.97456E+09,8.98191E+09,8.98924E+09,8.99655E+09,9.00384E+09,9.01111E+09,9.01835E+09,9.02557E+09,9.03277E+09,9.03995E+09,9.0471E+09,9.05422E+09,9.06132E+09,9.06839E+09,9.07544E+09,9.08247E+09,9.08946E+09,9.09643E+09,9.10337E+09,9.11029E+09,9.11717E+09,9.12403E+09,9.13087E+09,9.13767E+09,9.14444E+09,9.15119E+09,9.15791E+09,9.1646E+09,9.17126E+09,9.17789E+09,9.18449E+09,9.19106E+09,9.1976E+09,9.20411E+09,9.21059E+09,9.21705E+09,9.22347E+09,9.22986E+09,9.23622E+09,9.24256E+09,9.24886E+09,9.25513E+09,9.26137E+09,9.26759E+09,9.27377E+09,9.27992E+09,9.28605E+09,9.29214E+09,9.29821E+09,9.30425E+09,9.31025E+09,9.31624E+09,9.32219E+09
"Cost of GDP Cumulative[Maryland]",0,0,0,0,0,0,0,0,0,0,0,0,0,0,0,0,0,0,0,0,0,1.33272E-41,3.09924E-41,5.29445E-41,1.91635E-40,7.47164E-40,1.51806E-39,2.29127E-39,3.12723E-39,0.00137956,0.018476,0.0969092,0.328716,0.865553,1.93182,3.83933,7.00488,11.9723,19.4434,30.3321,45.8585,67.6962,98.148,140.322,198.983,287.658,423.636,650.317,1033.43,1624,2460.82,3605.71,5138.29,7136.82,9679.87,12846.5,16717.8,21385.6,26997.1,33726,41751.9,51269.6,62508.2,75744.4,91309.9,109599,131078,156285,185836,220470,261176,313181,382916,473266,587121,728574,902990,1.12378E+06,1.41167E+06,1.78873E+06,2.29555E+06,2.97633E+06,3.87262E+06,5.04468E+06,6.54225E+06,8.39966E+06,1.06434E+07,1.33062E+07,1.64638E+07,2.0188E+07,2.45327E+07,2.9648E+07,3.57142E+07,4.28642E+07,5.11763E+07,6.06903E+07,7.14242E+07,8.33807E+07,9.65576E+07,1.1095E+08,1.26555E+08,1.43378E+08,1.61424E+08,1.80687E+08,2.01159E+08,2.22826E+08,2.45669E+08,2.69667E+08,2.94797E+08,3.2103E+08,3.4834E+08,3.76703E+08,4.06094E+08,4.36512E+08,4.68003E+08,5.00977E+08,5.35974E+08,5.73237E+08,6.12888E+08,6.54996E+08,6.99588E+08,7.46665E+08,7.96326E+08,8.48773E+08,9.04114E+08,9.62386E+08,1.02358E+09,1.08766E+09,1.15456E+09,1.22424E+09,1.29665E+09,1.3718E+09,1.44967E+09,1.53022E+09,1.61342E+09,1.6992E+09,1.78748E+09,1.87817E+09,1.97117E+09,2.06638E+09,2.1637E+09,2.26304E+09,2.36428E+09,2.46732E+09,2.57207E+09,2.67841E+09,2.78625E+09,2.89548E+09,3.00599E+09,3.11769E+09,3.23046E+09,3.34421E+09,3.45883E+09,3.57422E+09,3.69028E+09,3.8069E+09,3.92398E+09,4.04142E+09,4.15913E+09,4.27701E+09,4.39497E+09,4.51292E+09,4.63078E+09,4.74847E+09,4.86592E+09,4.98305E+09,5.09979E+09,5.21609E+09,5.33189E+09,5.44716E+09,5.56186E+09,5.67601E+09,5.78965E+09,5.90283E+09,6.01564E+09,6.12809E+09,6.24022E+09,6.35201E+09,6.46348E+09,6.57461E+09,6.68539E+09,6.79577E+09,6.90575E+09,7.01527E+09,7.12432E+09,7.23283E+09,7.34078E+09,7.44812E+09,7.55481E+09,7.66082E+09,7.76615E+09,7.87081E+09,7.9748E+09,8.07813E+09,8.1808E+09,8.28281E+09,8.38417E+09,8.48488E+09,8.58495E+09,8.68438E+09,8.78317E+09,8.88134E+09,8.97887E+09,9.07578E+09,9.17206E+09,9.26773E+09,9.36279E+09,9.45724E+09,9.55108E+09,9.64432E+09,9.73696E+09,9.82901E+09,9.92047E+09,1.00113E+10,1.01016E+10,1.01913E+10,1.02804E+10,1.0369E+10,1.0457E+10,1.05444E+10,1.06312E+10,1.07175E+10,1.08033E+10,1.08884E+10,1.09731E+10,1.10571E+10,1.11407E+10,1.12237E+10,1.13062E+10,1.13881E+10,1.14695E+10,1.15504E+10,1.16307E+10,1.17106E+10,1.17899E+10,1.18687E+10,1.1947E+10,1.20248E+10,1.21021E+10,1.21789E+10,1.22552E+10,1.2331E+10,1.24064E+10,1.24812E+10,1.25556E+10,1.26294E+10,1.27028E+10,1.27758E+10,1.28483E+10,1.29203E+10,1.29918E+10,1.30629E+10,1.31335E+10,1.32037E+10,1.32735E+10,1.33427E+10,1.34116E+10,1.348E+10,1.3548E+10,1.36155E+10,1.36826E+10,1.37493E+10,1.38156E+10,1.38814E+10,1.39469E+10,1.40119E+10,1.40765E+10,1.41407E+10,1.42045E+10,1.42679E+10,1.43308E+10,1.43934E+10,1.44556E+10,1.45174E+10,1.45788E+10,1.46399E+10,1.47005E+10,1.47608E+10,1.48207E+10,1.48802E+10,1.49393E+10,1.49981E+10,1.50565E+10,1.51145E+10,1.51722E+10,1.52295E+10,1.52865E+10,1.53431E+10,1.53993E+10,1.54552E+10,1.55108E+10,1.5566E+10,1.56209E+10,1.56754E+10,1.57296E+10,1.57834E+10,1.58369E+10,1.58901E+10,1.5943E+10,1.59955E+10,1.60477E+10,1.60996E+10,1.61512E+10,1.62024E+10,1.62534E+10,1.6304E+10,1.63543E+10,1.64043E+10,1.64541E+10,1.65035E+10,1.65526E+10,1.66014E+10,1.66499E+10,1.66981E+10,1.67461E+10,1.67937E+10,1.68411E+10,1.68881E+10,1.69349E+10,1.69814E+10,1.70276E+10,1.70736E+10,1.71193E+10,1.71646E+10,1.72098E+10,1.72546E+10,1.72992E+10,1.73435E+10,1.73876E+10,1.74314E+10,1.74749E+10,1.75182E+10,1.75612E+10,1.76039E+10,1.76464E+10,1.76887E+10,1.77307E+10,1.77724E+10,1.78139E+10,1.78552E+10,1.78962E+10,1.7937E+10,1.79775E+10,1.80178E+10,1.80578E+10,1.80976E+10,1.81372E+10,1.81766E+10,1.82157E+10,1.82547E+10,1.82934E+10,1.83318E+10,1.83701E+10,1.84082E+10,1.8446E+10,1.84836E+10,1.85211E+10,1.85583E+10,1.85953E+10,1.86321E+10,1.86687E+10,1.87052E+10,1.87414E+10,1.87775E+10,1.88133E+10,1.8849E+10,1.88845E+10,1.89198E+10,1.8955E+10,1.89899E+10,1.90248E+10,1.90594E+10,1.90939E+10,1.91283E+10,1.91628E+10,1.91973E+10,1.9232E+10,1.92668E+10,1.9302E+10,1.93374E+10,1.93733E+10,1.94096E+10,1.94464E+10,1.94839E+10,1.9522E+10,1.9561E+10,1.96007E+10,1.96412E+10,1.96826E+10,1.97248E+10,1.97678E+10,1.98116E+10,1.98562E+10,1.99016E+10,1.99479E+10,1.9995E+10,2.00429E+10,2.00916E+10,2.01411E+10,2.01914E+10,2.02424E+10,2.0294E+10,2.03463E+10,2.03992E+10,2.04526E+10,2.05066E+10,2.0561E+10,2.06159E+10,2.06712E+10,2.07268E+10,2.07829E+10,2.08394E+10,2.08962E+10,2.09535E+10,2.10112E+10,2.10693E+10,2.11278E+10,2.11866E+10,2.12457E+10,2.13051E+10,2.13647E+10,2.14247E+10,2.1485E+10,2.15455E+10,2.16062E+10,2.16671E+10,2.17283E+10,2.17896E+10,2.1851E+10,2.19127E+10,2.19745E+10,2.20365E+10,2.20987E+10,2.21611E+10,2.22236E+10,2.22863E+10,2.2349E+10,2.24119E+10,2.24748E+10,2.25377E+10,2.26007E+10,2.26637E+10,2.27267E+10,2.27896E+10,2.28523E+10,2.29149E+10,2.29772E+10,2.30393E+10,2.31011E+10,2.31626E+10,2.32238E+10,2.32846E+10,2.33452E+10,2.34054E+10,2.34654E+10,2.3525E+10,2.35844E+10,2.36434E+10,2.37021E+10,2.37606E+10,2.38187E+10,2.38766E+10,2.39342E+10,2.39914E+10,2.40484E+10,2.41051E+10,2.41615E+10,2.42176E+10,2.42734E+10,2.43289E+10,2.43842E+10,2.44392E+10,2.44939E+10,2.45483E+10,2.46024E+10,2.46563E+10,2.47099E+10,2.47632E+10,2.48162E+10,2.4869E+10,2.49215E+10,2.49738E+10,2.50258E+10,2.50775E+10,2.51289E+10,2.51801E+10,2.52311E+10,2.52818E+10,2.53322E+10,2.53823E+10,2.54322E+10,2.54819E+10,2.55313E+10,2.55804E+10,2.56293E+10,2.56779E+10,2.57263E+10,2.57745E+10,2.58224E+10,2.587E+10,2.59174E+10,2.59646E+10,2.60115E+10,2.60582E+10,2.61047E+10,2.61509E+10,2.61969E+10,2.62427E+10,2.62882E+10,2.63335E+10,2.63785E+10,2.64234E+10,2.6468E+10,2.65124E+10,2.65566E+10,2.66005E+10,2.66442E+10,2.66877E+10,2.6731E+10,2.67741E+10,2.6817E+10,2.68596E+10,2.6902E+10,2.69442E+10,2.69863E+10,2.70281E+10,2.70696E+10,2.7111E+10,2.71522E+10,2.71932E+10,2.72339E+10,2.72745E+10,2.73149E+10,2.7355E+10,2.7395E+10,2.74348E+10,2.74743E+10,2.75137E+10,2.75529E+10,2.75919E+10,2.76307E+10,2.76693E+10,2.77077E+10,2.77459E+10,2.7784E+10,2.78218E+10,2.78595E+10,2.7897E+10,2.79343E+10,2.79714E+10,2.80083E+10,2.80451E+10,2.80817E+10,2.81181E+10,2.81543E+10,2.81903E+10,2.82262E+10,2.82619E+10,2.82975E+10,2.83328E+10,2.8368E+10,2.8403E+10,2.84379E+10,2.84726E+10,2.85071E+10,2.85414E+10,2.85756E+10,2.86096E+10,2.86435E+10,2.86772E+10,2.87107E+10,2.8744E+10,2.87772E+10,2.88102E+10,2.88431E+10,2.88758E+10,2.89084E+10,2.89407E+10,2.8973E+10,2.9005E+10,2.9037E+10,2.90687E+10,2.91003E+10,2.91318E+10,2.91631E+10,2.91942E+10,2.92252E+10,2.9256E+10,2.92867E+10,2.93172E+10,2.93476E+10,2.93779E+10,2.94081E+10,2.94382E+10,2.94682E+10,2.94982E+10,2.95282E+10,2.95583E+10,2.95885E+10,2.96189E+10,2.96494E+10,2.96801E+10,2.97111E+10,2.97424E+10,2.9774E+10,2.98058E+10,2.98378E+10,2.98701E+10,2.99026E+10,2.99352E+10,2.99681E+10,3.00011E+10,3.00342E+10,3.00676E+10,3.01011E+10,3.01347E+10,3.01686E+10,3.02026E+10,3.02367E+10,3.0271E+10,3.03055E+10,3.03402E+10,3.03752E+10,3.04103E+10,3.04457E+10,3.04814E+10,3.05175E+10,3.05541E+10,3.05914E+10,3.06294E+10,3.06682E+10,3.07078E+10,3.07483E+10,3.07898E+10,3.08324E+10,3.08762E+10,3.09212E+10,3.09676E+10,3.10153E+10,3.10645E+10,3.11151E+10,3.11672E+10,3.12208E+10,3.1276E+10,3.13328E+10,3.13911E+10,3.14511E+10,3.15126E+10,3.15758E+10,3.16406E+10,3.17071E+10,3.17751E+10,3.18448E+10,3.19161E+10,3.1989E+10,3.20634E+10,3.21394E+10,3.22167E+10,3.22955E+10,3.23755E+10,3.24568E+10,3.25392E+10,3.26228E+10,3.27073E+10,3.27928E+10,3.28791E+10,3.29662E+10,3.30541E+10,3.31427E+10,3.32319E+10,3.33217E+10,3.3412E+10,3.35029E+10,3.35941E+10,3.36858E+10,3.37778E+10,3.38701E+10,3.39627E+10,3.40555E+10,3.41486E+10,3.42419E+10,3.43354E+10,3.4429E+10,3.45228E+10,3.46167E+10,3.47107E+10,3.48049E+10,3.48992E+10,3.49937E+10,3.50883E+10,3.5183E+10,3.52778E+10,3.53727E+10,3.54677E+10,3.55627E+10,3.56578E+10,3.57528E+10,3.58478E+10,3.59427E+10,3.60375E+10,3.61322E+10,3.62267E+10,3.63209E+10,3.64149E+10,3.65086E+10,3.66019E+10,3.66949E+10,3.67874E+10,3.68797E+10,3.69715E+10,3.7063E+10,3.71541E+10,3.72448E+10,3.73351E+10,3.74251E+10,3.75147E+10,3.76039E+10,3.76928E+10,3.77813E+10,3.78694E+10,3.79573E+10,3.80449E+10,3.81325E+10,3.82199E+10,3.83072E+10,3.83945E+10,3.84817E+10,3.85688E+10,3.86559E+10,3.8743E+10,3.88301E+10,3.89172E+10,3.90045E+10,3.90919E+10,3.91794E+10,3.92671E+10,3.93549E+10,3.94429E+10,3.9531E+10,3.96193E+10,3.97077E+10,3.97963E+10,3.9885E+10,3.99739E+10,4.00631E+10,4.01524E+10,4.02419E+10,4.03317E+10,4.04217E+10,4.05119E+10,4.06023E+10,4.06929E+10,4.07835E+10,4.08743E+10,4.0965E+10,4.10559E+10,4.11467E+10,4.12374E+10,4.13282E+10,4.14188E+10,4.15094E+10,4.15999E+10,4.16903E+10,4.17806E+10,4.18708E+10,4.19609E+10,4.20508E+10,4.21407E+10,4.22305E+10,4.23202E+10,4.24099E+10,4.24995E+10,4.25892E+10,4.26788E+10,4.27685E+10,4.28581E+10,4.29477E+10,4.30373E+10,4.31271E+10,4.32169E+10,4.3307E+10,4.33972E+10,4.34877E+10,4.35783E+10,4.36691E+10,4.37601E+10,4.38513E+10,4.39427E+10,4.40343E+10,4.4126E+10,4.42178E+10,4.43098E+10,4.44018E+10,4.4494E+10,4.45863E+10,4.46787E+10,4.47712E+10,4.48638E+10,4.49564E+10,4.50492E+10,4.5142E+10,4.52348E+10,4.53276E+10,4.54205E+10,4.55133E+10,4.56062E+10,4.5699E+10,4.57918E+10,4.58846E+10,4.59773E+10,4.60699E+10,4.61625E+10,4.6255E+10,4.63475E+10,4.64399E+10,4.65322E+10,4.66245E+10,4.67168E+10,4.6809E+10,4.69013E+10,4.69934E+10,4.70855E+10,4.71775E+10,4.72694E+10,4.7361E+10,4.74525E+10,4.75438E+10,4.76348E+10,4.77256E+10,4.7816E+10,4.79062E+10,4.79959E+10,4.80854E+10,4.81744E+10,4.8263E+10,4.83513E+10,4.84391E+10,4.85265E+10,4.86135E+10,4.87E+10,4.87862E+10,4.88719E+10,4.89572E+10,4.9042E+10,4.91265E+10,4.92105E+10,4.92942E+10,4.93774E+10,4.94602E+10,4.95426E+10,4.96246E+10,4.97062E+10,4.97874E+10,4.98682E+10,4.99485E+10,5.00285E+10,5.01081E+10,5.01873E+10,5.02661E+10,5.03446E+10,5.04226E+10,5.05003E+10,5.05775E+10,5.06545E+10,5.0731E+10,5.08072E+10,5.0883E+10,5.09584E+10,5.10335E+10,5.11082E+10,5.11826E+10,5.12566E+10,5.13303E+10,5.14036E+10,5.14766E+10,5.15493E+10,5.16216E+10,5.16935E+10,5.17652E+10,5.18365E+10,5.19074E+10,5.19781E+10,5.20484E+10,5.21183E+10,5.2188E+10,5.22573E+10,5.23263E+10,5.2395E+10,5.24633E+10,5.25314E+10,5.25991E+10,5.26665E+10,5.27336E+10,5.28003E+10,5.28668E+10,5.29329E+10,5.29987E+10,5.30642E+10,5.31294E+10,5.31944E+10,5.3259E+10,5.33234E+10,5.33874E+10,5.34512E+10,5.35147E+10,5.3578E+10,5.36411E+10,5.37039E+10,5.37666E+10,5.38292E+10,5.38916E+10,5.39538E+10,5.40161E+10,5.40783E+10,5.41404E+10,5.42025E+10,5.42645E+10,5.43265E+10,5.43885E+10,5.44505E+10,5.45124E+10,5.45744E+10,5.46363E+10,5.46982E+10,5.47603E+10,5.48224E+10,5.48846E+10,5.4947E+10,5.50096E+10,5.50724E+10,5.51353E+10,5.51986E+10,5.52621E+10,5.53259E+10,5.53899E+10,5.54543E+10,5.55189E+10,5.55837E+10,5.56488E+10,5.57141E+10,5.57795E+10,5.58451E+10,5.59108E+10,5.59766E+10,5.60424E+10,5.61083E+10,5.61741E+10,5.62398E+10,5.63053E+10,5.63707E+10,5.64357E+10,5.65005E+10,5.65651E+10,5.66293E+10,5.66934E+10,5.67571E+10,5.68207E+10,5.68839E+10,5.6947E+10,5.70098E+10,5.70723E+10,5.71347E+10,5.71968E+10,5.72588E+10,5.73205E+10,5.7382E+10,5.74433E+10,5.75045E+10,5.75655E+10,5.76263E+10,5.76869E+10,5.77474E+10,5.78077E+10,5.78678E+10,5.79278E+10,5.79877E+10,5.80474E+10,5.8107E+10,5.81664E+10,5.82257E+10,5.82849E+10,5.83439E+10,5.84027E+10,5.84614E+10,5.852E+10,5.85784E+10,5.86367E+10,5.86947E+10,5.87527E+10,5.88104E+10,5.8868E+10,5.89254E+10,5.89826E+10,5.90397E+10,5.90965E+10,5.91532E+10,5.92096E+10,5.92659E+10,5.93219E+10,5.93778E+10,5.94334E+10,5.94889E+10,5.95441E+10,5.95991E+10,5.96539E+10,5.97085E+10,5.97628E+10,5.9817E+10,5.98709E+10,5.99246E+10,5.99781E+10,6.00314E+10,6.00844E+10,6.01372E+10,6.01898E+10,6.02422E+10,6.02943E+10,6.03462E+10,6.03979E+10,6.04494E+10,6.05007E+10,6.05517E+10,6.06025E+10,6.06531E+10,6.07035E+10,6.07537E+10,6.08037E+10,6.08534E+10,6.09029E+10,6.09523E+10,6.10014E+10,6.10503E+10,6.1099E+10,6.11475E+10,6.11959E+10,6.1244E+10,6.12919E+10,6.13396E+10,6.13872E+10,6.14345E+10,6.14817E+10,6.15287E+10,6.15755E+10,6.16221E+10,6.16685E+10,6.17148E+10,6.17609E+10,6.18068E+10,6.18525E+10,6.18981E+10,6.19435E+10,6.19887E+10,6.20338E+10,6.20787E+10,6.21235E+10,6.21681E+10,6.22125E+10,6.22568E+10,6.2301E+10,6.2345E+10,6.23888E+10,6.24325E+10,6.24761E+10,6.25195E+10,6.25627E+10,6.26059E+10,6.26489E+10,6.26917E+10,6.27344E+10,6.2777E+10,6.28195E+10
"Cost of GDP Cumulative[Massachusetts]",0,0,0,0,0,0,0,0,0,0,0,0,0,0,0,0,0,0,0,0,0,1.87552E-41,4.36153E-41,7.45097E-41,2.69728E-40,1.05175E-39,2.13695E-39,3.22542E-39,4.40226E-39,5.70872E-39,7.90823E-39,1.08454E-38,1.37629E-38,1.88937E-38,2.53173E-38,3.17303E-38,3.65533E-05,0.00144908,0.015953,0.10238,0.463259,1.62357,4.64323,11.3011,25.3008,63.0921,146.024,334.633,722.63,1379.63,2354.62,3730.04,5613.16,8105.93,11306.6,15309.4,20204.8,26092.7,33148.8,41578.6,51582.7,63369.4,77178.9,93299.1,112072,133893,159222,188569,222489,261646,306973,365825,447247,554611,691045,861241,1.07148E+06,1.33951E+06,1.69271E+06,2.15896E+06,2.79228E+06,3.65002E+06,4.7841E+06,6.27291E+06,8.1787E+06,1.05408E+07,1.33871E+07,1.67544E+07,2.07414E+07,2.54416E+07,3.09224E+07,3.73908E+07,4.50975E+07,5.42253E+07,6.48791E+07,7.7108E+07,9.09301E+07,1.06342E+08,1.23334E+08,1.41893E+08,1.62008E+08,1.83684E+08,2.06922E+08,2.31712E+08,2.58038E+08,2.85876E+08,3.15199E+08,3.45976E+08,3.7817E+08,4.11743E+08,4.46656E+08,4.82873E+08,5.20364E+08,5.59125E+08,5.99233E+08,6.41301E+08,6.86128E+08,7.34085E+08,7.85363E+08,8.40072E+08,8.98262E+08,9.5994E+08,1.02526E+09,1.09453E+09,1.16792E+09,1.2455E+09,1.32725E+09,1.41313E+09,1.50308E+09,1.59701E+09,1.6949E+09,1.79674E+09,1.90252E+09,2.01222E+09,2.12578E+09,2.2431E+09,2.36409E+09,2.4886E+09,2.61651E+09,2.74768E+09,2.88194E+09,3.01917E+09,3.15921E+09,3.30191E+09,3.44712E+09,3.5947E+09,3.74448E+09,3.89631E+09,4.05004E+09,4.20551E+09,4.36258E+09,4.5211E+09,4.68091E+09,4.84186E+09,5.00381E+09,5.16659E+09,5.33007E+09,5.4941E+09,5.65853E+09,5.82323E+09,5.98807E+09,6.15291E+09,6.31763E+09,6.48212E+09,6.64627E+09,6.80996E+09,6.97311E+09,7.13563E+09,7.29743E+09,7.45846E+09,7.61869E+09,7.77812E+09,7.93681E+09,8.09487E+09,8.25238E+09,8.40939E+09,8.56595E+09,8.72205E+09,8.87768E+09,9.03284E+09,9.18749E+09,9.3416E+09,9.49512E+09,9.64801E+09,9.8002E+09,9.95164E+09,1.01023E+10,1.0252E+10,1.04008E+10,1.05487E+10,1.06956E+10,1.08416E+10,1.09866E+10,1.11307E+10,1.12738E+10,1.1416E+10,1.15573E+10,1.16977E+10,1.18372E+10,1.19757E+10,1.21134E+10,1.22501E+10,1.2386E+10,1.2521E+10,1.26551E+10,1.27883E+10,1.29206E+10,1.30521E+10,1.31828E+10,1.33125E+10,1.34415E+10,1.35696E+10,1.36968E+10,1.38232E+10,1.39488E+10,1.40736E+10,1.41975E+10,1.43206E+10,1.4443E+10,1.45645E+10,1.46852E+10,1.48051E+10,1.49243E+10,1.50426E+10,1.51602E+10,1.5277E+10,1.5393E+10,1.55083E+10,1.56228E+10,1.57366E+10,1.58496E+10,1.59619E+10,1.60734E+10,1.61842E+10,1.62942E+10,1.64036E+10,1.65122E+10,1.66201E+10,1.67273E+10,1.68337E+10,1.69395E+10,1.70446E+10,1.7149E+10,1.72526E+10,1.73557E+10,1.7458E+10,1.75596E+10,1.76606E+10,1.77609E+10,1.78606E+10,1.79596E+10,1.8058E+10,1.81557E+10,1.82527E+10,1.83491E+10,1.84449E+10,1.85401E+10,1.86346E+10,1.87285E+10,1.88218E+10,1.89145E+10,1.90066E+10,1.9098E+10,1.91889E+10,1.92792E+10,1.93689E+10,1.9458E+10,1.95465E+10,1.96344E+10,1.97218E+10,1.98086E+10,1.98948E+10,1.99805E+10,2.00656E+10,2.01502E+10,2.02342E+10,2.03176E+10,2.04006E+10,2.0483E+10,2.05648E+10,2.06461E+10,2.07269E+10,2.08072E+10,2.0887E+10,2.09662E+10,2.1045E+10,2.11232E+10,2.12009E+10,2.12782E+10,2.13549E+10,2.14312E+10,2.15069E+10,2.15822E+10,2.1657E+10,2.17313E+10,2.18052E+10,2.18786E+10,2.19515E+10,2.2024E+10,2.2096E+10,2.21676E+10,2.22387E+10,2.23093E+10,2.23796E+10,2.24494E+10,2.25187E+10,2.25876E+10,2.26561E+10,2.27242E+10,2.27919E+10,2.28591E+10,2.2926E+10,2.29924E+10,2.30584E+10,2.31241E+10,2.31893E+10,2.32541E+10,2.33186E+10,2.33826E+10,2.34463E+10,2.35096E+10,2.35725E+10,2.3635E+10,2.36972E+10,2.3759E+10,2.38204E+10,2.38815E+10,2.39422E+10,2.40025E+10,2.40625E+10,2.41221E+10,2.41814E+10,2.42403E+10,2.42988E+10,2.43571E+10,2.44149E+10,2.44724E+10,2.45296E+10,2.45865E+10,2.4643E+10,2.46992E+10,2.4755E+10,2.48106E+10,2.48658E+10,2.49206E+10,2.49752E+10,2.50294E+10,2.50834E+10,2.5137E+10,2.51903E+10,2.52433E+10,2.5296E+10,2.53484E+10,2.54005E+10,2.54523E+10,2.55038E+10,2.55551E+10,2.5606E+10,2.56566E+10,2.5707E+10,2.57571E+10,2.58069E+10,2.58565E+10,2.59057E+10,2.59547E+10,2.60035E+10,2.60519E+10,2.61001E+10,2.61481E+10,2.61958E+10,2.62432E+10,2.62905E+10,2.63375E+10,2.63844E+10,2.64314E+10,2.64785E+10,2.65258E+10,2.65734E+10,2.66214E+10,2.66698E+10,2.67189E+10,2.67686E+10,2.6819E+10,2.68704E+10,2.69228E+10,2.69763E+10,2.7031E+10,2.70869E+10,2.71439E+10,2.72021E+10,2.72614E+10,2.7322E+10,2.73836E+10,2.74465E+10,2.75105E+10,2.75757E+10,2.76421E+10,2.77096E+10,2.77782E+10,2.78478E+10,2.79185E+10,2.79901E+10,2.80627E+10,2.8136E+10,2.82101E+10,2.82849E+10,2.83603E+10,2.84363E+10,2.85129E+10,2.859E+10,2.86676E+10,2.87458E+10,2.88245E+10,2.89038E+10,2.89836E+10,2.9064E+10,2.91448E+10,2.92261E+10,2.93078E+10,2.93899E+10,2.94724E+10,2.95553E+10,2.96385E+10,2.97221E+10,2.9806E+10,2.98901E+10,2.99745E+10,3.00591E+10,3.01439E+10,3.0229E+10,3.03143E+10,3.03999E+10,3.04857E+10,3.05718E+10,3.0658E+10,3.07444E+10,3.0831E+10,3.09177E+10,3.10045E+10,3.10913E+10,3.11782E+10,3.12651E+10,3.13519E+10,3.14386E+10,3.15251E+10,3.16114E+10,3.16973E+10,3.17828E+10,3.1868E+10,3.19526E+10,3.20368E+10,3.21205E+10,3.22038E+10,3.22866E+10,3.2369E+10,3.2451E+10,3.25325E+10,3.26135E+10,3.26942E+10,3.27744E+10,3.28541E+10,3.29334E+10,3.30124E+10,3.30908E+10,3.31689E+10,3.32465E+10,3.33238E+10,3.34006E+10,3.3477E+10,3.3553E+10,3.36286E+10,3.37038E+10,3.37786E+10,3.3853E+10,3.3927E+10,3.40006E+10,3.40739E+10,3.41467E+10,3.42192E+10,3.42913E+10,3.4363E+10,3.44344E+10,3.45054E+10,3.4576E+10,3.46462E+10,3.47161E+10,3.47856E+10,3.48547E+10,3.49235E+10,3.49919E+10,3.506E+10,3.51277E+10,3.51951E+10,3.52621E+10,3.53288E+10,3.53951E+10,3.54611E+10,3.55267E+10,3.5592E+10,3.56569E+10,3.57216E+10,3.57858E+10,3.58498E+10,3.59134E+10,3.59767E+10,3.60396E+10,3.61023E+10,3.61646E+10,3.62265E+10,3.62882E+10,3.63496E+10,3.64106E+10,3.64713E+10,3.65317E+10,3.65918E+10,3.66516E+10,3.67111E+10,3.67703E+10,3.68291E+10,3.68877E+10,3.69459E+10,3.70039E+10,3.70616E+10,3.71189E+10,3.7176E+10,3.72328E+10,3.72893E+10,3.73454E+10,3.74013E+10,3.74569E+10,3.75123E+10,3.75673E+10,3.7622E+10,3.76765E+10,3.77306E+10,3.77845E+10,3.78381E+10,3.78915E+10,3.79445E+10,3.79973E+10,3.80497E+10,3.8102E+10,3.81539E+10,3.82056E+10,3.82569E+10,3.83081E+10,3.83589E+10,3.84095E+10,3.84598E+10,3.85099E+10,3.85596E+10,3.86092E+10,3.86584E+10,3.87074E+10,3.87562E+10,3.88047E+10,3.88529E+10,3.89009E+10,3.89486E+10,3.89961E+10,3.90433E+10,3.90903E+10,3.91371E+10,3.91836E+10,3.92298E+10,3.92758E+10,3.93216E+10,3.93671E+10,3.94124E+10,3.94574E+10,3.95022E+10,3.95468E+10,3.95912E+10,3.96353E+10,3.96791E+10,3.97228E+10,3.97662E+10,3.98094E+10,3.98524E+10,3.98951E+10,3.99376E+10,3.99799E+10,4.0022E+10,4.00638E+10,4.01055E+10,4.01469E+10,4.01881E+10,4.02291E+10,4.02699E+10,4.03105E+10,4.03508E+10,4.03911E+10,4.04312E+10,4.04712E+10,4.05112E+10,4.05511E+10,4.05911E+10,4.06313E+10,4.06717E+10,4.07123E+10,4.07533E+10,4.07946E+10,4.08363E+10,4.08785E+10,4.09211E+10,4.09642E+10,4.10077E+10,4.10516E+10,4.10958E+10,4.11404E+10,4.11853E+10,4.12305E+10,4.12761E+10,4.13219E+10,4.13681E+10,4.14145E+10,4.14613E+10,4.15084E+10,4.15558E+10,4.16035E+10,4.16516E+10,4.17E+10,4.17489E+10,4.17981E+10,4.18477E+10,4.18979E+10,4.19488E+10,4.20005E+10,4.20532E+10,4.2107E+10,4.21621E+10,4.22183E+10,4.2276E+10,4.23351E+10,4.23959E+10,4.24584E+10,4.25228E+10,4.25891E+10,4.26574E+10,4.27278E+10,4.28003E+10,4.2875E+10,4.29518E+10,4.30309E+10,4.31123E+10,4.3196E+10,4.3282E+10,4.33703E+10,4.3461E+10,4.3554E+10,4.36493E+10,4.37469E+10,4.38469E+10,4.39491E+10,4.40536E+10,4.41603E+10,4.42692E+10,4.438E+10,4.44928E+10,4.46073E+10,4.47236E+10,4.48415E+10,4.49608E+10,4.50815E+10,4.52035E+10,4.53267E+10,4.54509E+10,4.55761E+10,4.57022E+10,4.58291E+10,4.59568E+10,4.60851E+10,4.6214E+10,4.63433E+10,4.64732E+10,4.66034E+10,4.67339E+10,4.68647E+10,4.69958E+10,4.71271E+10,4.72585E+10,4.73902E+10,4.75219E+10,4.76538E+10,4.77857E+10,4.79177E+10,4.80499E+10,4.81822E+10,4.83146E+10,4.84471E+10,4.85797E+10,4.87124E+10,4.88452E+10,4.8978E+10,4.91109E+10,4.92437E+10,4.93764E+10,4.9509E+10,4.96415E+10,4.97738E+10,4.99059E+10,5.00376E+10,5.01689E+10,5.02999E+10,5.04303E+10,5.05602E+10,5.06896E+10,5.08185E+10,5.09468E+10,5.10746E+10,5.12019E+10,5.13287E+10,5.14549E+10,5.15807E+10,5.1706E+10,5.18308E+10,5.19551E+10,5.20789E+10,5.22022E+10,5.23251E+10,5.24477E+10,5.257E+10,5.26922E+10,5.28144E+10,5.29365E+10,5.30586E+10,5.31807E+10,5.33028E+10,5.3425E+10,5.35473E+10,5.36698E+10,5.37925E+10,5.39155E+10,5.40389E+10,5.41626E+10,5.42867E+10,5.44113E+10,5.45362E+10,5.46616E+10,5.47874E+10,5.49135E+10,5.50402E+10,5.51673E+10,5.52948E+10,5.54229E+10,5.55516E+10,5.56808E+10,5.58105E+10,5.59408E+10,5.60717E+10,5.6203E+10,5.63347E+10,5.64668E+10,5.65992E+10,5.6732E+10,5.6865E+10,5.69981E+10,5.71315E+10,5.72651E+10,5.73987E+10,5.75325E+10,5.76664E+10,5.78004E+10,5.79345E+10,5.80686E+10,5.82028E+10,5.83371E+10,5.84715E+10,5.86059E+10,5.87404E+10,5.8875E+10,5.90098E+10,5.91448E+10,5.92799E+10,5.94151E+10,5.95504E+10,5.96859E+10,5.98214E+10,5.99572E+10,6.00933E+10,6.02297E+10,6.03664E+10,6.05035E+10,6.06409E+10,6.07786E+10,6.09166E+10,6.10549E+10,6.11934E+10,6.13322E+10,6.14713E+10,6.16105E+10,6.17499E+10,6.18895E+10,6.20292E+10,6.21691E+10,6.2309E+10,6.24491E+10,6.25892E+10,6.27294E+10,6.28696E+10,6.30098E+10,6.31501E+10,6.32903E+10,6.34305E+10,6.35706E+10,6.37107E+10,6.38507E+10,6.39905E+10,6.41302E+10,6.42698E+10,6.44092E+10,6.45485E+10,6.46875E+10,6.48264E+10,6.49652E+10,6.51038E+10,6.52423E+10,6.53807E+10,6.55191E+10,6.56573E+10,6.57954E+10,6.59334E+10,6.60711E+10,6.62087E+10,6.63459E+10,6.64828E+10,6.66194E+10,6.67556E+10,6.68913E+10,6.70266E+10,6.71614E+10,6.72956E+10,6.74294E+10,6.75625E+10,6.7695E+10,6.7827E+10,6.79583E+10,6.8089E+10,6.8219E+10,6.83484E+10,6.84771E+10,6.86051E+10,6.87324E+10,6.88591E+10,6.89851E+10,6.91105E+10,6.92352E+10,6.93592E+10,6.94825E+10,6.96052E+10,6.97273E+10,6.98487E+10,6.99695E+10,7.00896E+10,7.02091E+10,7.03279E+10,7.04461E+10,7.05636E+10,7.06806E+10,7.07969E+10,7.09126E+10,7.10277E+10,7.11422E+10,7.12561E+10,7.13694E+10,7.14821E+10,7.15942E+10,7.17058E+10,7.18168E+10,7.19272E+10,7.20371E+10,7.21464E+10,7.22552E+10,7.23634E+10,7.24712E+10,7.25783E+10,7.2685E+10,7.27912E+10,7.28968E+10,7.3002E+10,7.31066E+10,7.32108E+10,7.33145E+10,7.34177E+10,7.35204E+10,7.36226E+10,7.37244E+10,7.38257E+10,7.39266E+10,7.4027E+10,7.41269E+10,7.42264E+10,7.43254E+10,7.4424E+10,7.45221E+10,7.46197E+10,7.47169E+10,7.48137E+10,7.491E+10,7.50059E+10,7.51013E+10,7.51963E+10,7.52909E+10,7.53851E+10,7.54788E+10,7.55722E+10,7.56653E+10,7.57581E+10,7.58505E+10,7.59427E+10,7.60347E+10,7.61265E+10,7.62181E+10,7.63097E+10,7.64011E+10,7.64924E+10,7.65837E+10,7.66748E+10,7.67659E+10,7.68569E+10,7.69478E+10,7.70386E+10,7.71294E+10,7.72202E+10,7.7311E+10,7.74019E+10,7.7493E+10,7.75842E+10,7.76757E+10,7.77674E+10,7.78594E+10,7.79518E+10,7.80445E+10,7.81376E+10,7.8231E+10,7.83249E+10,7.84191E+10,7.85137E+10,7.86085E+10,7.87037E+10,7.8799E+10,7.88946E+10,7.89903E+10,7.90861E+10,7.91819E+10,7.92778E+10,7.93737E+10,7.94693E+10,7.95647E+10,7.96598E+10,7.97545E+10,7.98488E+10,7.99427E+10,8.00361E+10,8.01291E+10,8.02217E+10,8.03139E+10,8.04056E+10,8.0497E+10,8.0588E+10,8.06786E+10,8.07688E+10,8.08587E+10,8.09483E+10,8.10375E+10,8.11263E+10,8.12149E+10,8.13031E+10,8.1391E+10,8.14787E+10,8.15661E+10,8.16532E+10,8.174E+10,8.18266E+10,8.19129E+10,8.19991E+10,8.2085E+10,8.21707E+10,8.22561E+10,8.23414E+10,8.24265E+10,8.25114E+10,8.25961E+10,8.26806E+10,8.2765E+10,8.28491E+10,8.29331E+10,8.30169E+10,8.31005E+10,8.3184E+10,8.32673E+10,8.33504E+10,8.34333E+10,8.3516E+10,8.35985E+10,8.36809E+10,8.3763E+10,8.3845E+10,8.39267E+10,8.40082E+10,8.40895E+10,8.41706E+10,8.42515E+10,8.43321E+10,8.44125E+10,8.44926E+10,8.45725E+10,8.46521E+10,8.47315E+10,8.48106E+10,8.48894E+10,8.4968E+10,8.50462E+10,8.51242E+10,8.52019E+10,8.52793E+10,8.53564E+10,8.54332E+10,8.55097E+10,8.55859E+10,8.56618E+10,8.57374E+10,8.58126E+10,8.58876E+10,8.59622E+10,8.60366E+10,8.61106E+10,8.61843E+10,8.62576E+10,8.63307E+10,8.64034E+10,8.64758E+10,8.65479E+10,8.66197E+10,8.66912E+10,8.67623E+10,8.68331E+10,8.69036E+10,8.69738E+10,8.70437E+10,8.71133E+10,8.71825E+10,8.72515E+10,8.73201E+10,8.73885E+10,8.74565E+10,8.75242E+10,8.75917E+10,8.76588E+10,8.77257E+10,8.77922E+10,8.78585E+10,8.79245E+10,8.79902E+10,8.80556E+10,8.81207E+10,8.81856E+10,8.82502E+10,8.83145E+10,8.83786E+10,8.84423E+10,8.85059E+10,8.85692E+10,8.86322E+10,8.8695E+10,8.87575E+10,8.88198E+10,8.88819E+10,8.89437E+10,8.90053E+10,8.90667E+10
"Cost of GDP Cumulative[Michigan]",0,0,0,0,0,0,0,0,0,0,0,0,0,0,0,0,0,0,0,0,0,1.68519E-41,3.91892E-41,6.69476E-41,1.27693E-40,3.39509E-40,9.90612E-05,0.00390314,0.0291724,0.117752,0.342246,0.811056,1.67323,3.12404,5.41158,8.84464,13.802,20.7433,30.2233,42.9158,59.6572,81.5164,109.883,146.561,194.223,260.161,353.656,497.745,727.213,1069.09,1543.93,2184.33,3032.15,4128.34,5513.76,7229.22,9316.16,11821.4,14820.3,18401.6,22656.3,27682.4,33594.8,40531.2,48656.5,58165.4,69286.3,82281.9,97449.7,115146,135847,162249,197657,243482,301097,372460,460132,570653,713918,900079,1.14828E+06,1.47893E+06,1.91068E+06,2.47137E+06,3.18347E+06,4.0618E+06,5.11747E+06,6.36485E+06,7.83969E+06,9.57614E+06,1.16E+07,1.39848E+07,1.68198E+07,2.01715E+07,2.40803E+07,2.85684E+07,3.36479E+07,3.93245E+07,4.56022E+07,5.2485E+07,5.99785E+07,6.80946E+07,7.68444E+07,8.62371E+07,9.62802E+07,1.0698E+08,1.18342E+08,1.30371E+08,1.43073E+08,1.5645E+08,1.705E+08,1.85205E+08,2.00555E+08,2.16629E+08,2.33815E+08,2.52839E+08,2.74568E+08,2.99639E+08,3.28527E+08,3.61575E+08,3.99007E+08,4.40947E+08,4.87558E+08,5.39064E+08,5.95563E+08,6.57055E+08,7.23472E+08,7.94697E+08,8.70587E+08,9.5099E+08,1.03579E+09,1.12489E+09,1.21819E+09,1.31557E+09,1.41691E+09,1.52206E+09,1.63089E+09,1.74322E+09,1.85889E+09,1.97776E+09,2.09965E+09,2.22441E+09,2.3519E+09,2.48195E+09,2.61443E+09,2.74918E+09,2.88606E+09,3.02492E+09,3.16563E+09,3.30804E+09,3.45201E+09,3.59742E+09,3.74413E+09,3.89201E+09,4.04093E+09,4.19076E+09,4.34137E+09,4.49265E+09,4.64448E+09,4.79674E+09,4.94933E+09,5.10213E+09,5.25505E+09,5.40798E+09,5.56085E+09,5.71355E+09,5.86602E+09,6.01817E+09,6.16993E+09,6.32126E+09,6.47211E+09,6.62248E+09,6.77238E+09,6.92185E+09,7.07094E+09,7.21966E+09,7.36802E+09,7.51599E+09,7.66355E+09,7.81066E+09,7.95731E+09,8.10342E+09,8.24897E+09,8.39389E+09,8.53813E+09,8.68162E+09,8.8243E+09,8.9661E+09,9.10699E+09,9.24695E+09,9.386E+09,9.52414E+09,9.66137E+09,9.79771E+09,9.93315E+09,1.00677E+10,1.02014E+10,1.03341E+10,1.0466E+10,1.05971E+10,1.07273E+10,1.08566E+10,1.09851E+10,1.11127E+10,1.12395E+10,1.13654E+10,1.14905E+10,1.16148E+10,1.17383E+10,1.1861E+10,1.19828E+10,1.21039E+10,1.22241E+10,1.23436E+10,1.24622E+10,1.25801E+10,1.26972E+10,1.28136E+10,1.29291E+10,1.30439E+10,1.3158E+10,1.32713E+10,1.33838E+10,1.34956E+10,1.36066E+10,1.3717E+10,1.38266E+10,1.39354E+10,1.40436E+10,1.4151E+10,1.42577E+10,1.43638E+10,1.44691E+10,1.45737E+10,1.46777E+10,1.47809E+10,1.48835E+10,1.49854E+10,1.50866E+10,1.51872E+10,1.52871E+10,1.53864E+10,1.5485E+10,1.55829E+10,1.56802E+10,1.57769E+10,1.58729E+10,1.59684E+10,1.60632E+10,1.61573E+10,1.62509E+10,1.63438E+10,1.64362E+10,1.65279E+10,1.66191E+10,1.67097E+10,1.67997E+10,1.68891E+10,1.69779E+10,1.70661E+10,1.71538E+10,1.7241E+10,1.73275E+10,1.74135E+10,1.7499E+10,1.75839E+10,1.76683E+10,1.77522E+10,1.78355E+10,1.79183E+10,1.80006E+10,1.80824E+10,1.81636E+10,1.82444E+10,1.83246E+10,1.84044E+10,1.84837E+10,1.85624E+10,1.86407E+10,1.87185E+10,1.87958E+10,1.88727E+10,1.89491E+10,1.9025E+10,1.91005E+10,1.91755E+10,1.925E+10,1.93241E+10,1.93978E+10,1.9471E+10,1.95438E+10,1.96161E+10,1.96881E+10,1.97596E+10,1.98307E+10,1.99014E+10,1.99717E+10,2.00416E+10,2.01111E+10,2.01802E+10,2.02489E+10,2.03173E+10,2.03853E+10,2.04529E+10,2.05201E+10,2.0587E+10,2.06535E+10,2.07196E+10,2.07854E+10,2.08508E+10,2.09159E+10,2.09807E+10,2.10451E+10,2.11091E+10,2.11728E+10,2.12362E+10,2.12993E+10,2.13619E+10,2.14243E+10,2.14863E+10,2.1548E+10,2.16094E+10,2.16704E+10,2.17311E+10,2.17915E+10,2.18515E+10,2.19112E+10,2.19706E+10,2.20296E+10,2.20884E+10,2.21468E+10,2.22049E+10,2.22627E+10,2.23201E+10,2.23773E+10,2.24341E+10,2.24906E+10,2.25469E+10,2.26028E+10,2.26584E+10,2.27137E+10,2.27687E+10,2.28235E+10,2.28779E+10,2.2932E+10,2.29859E+10,2.30394E+10,2.30927E+10,2.31457E+10,2.31985E+10,2.32509E+10,2.33031E+10,2.33551E+10,2.34068E+10,2.34582E+10,2.35094E+10,2.35603E+10,2.3611E+10,2.36615E+10,2.37117E+10,2.37618E+10,2.38116E+10,2.38611E+10,2.39105E+10,2.39597E+10,2.40086E+10,2.40574E+10,2.4106E+10,2.41545E+10,2.42028E+10,2.42509E+10,2.42989E+10,2.43468E+10,2.43946E+10,2.44422E+10,2.44898E+10,2.45373E+10,2.4585E+10,2.4633E+10,2.46817E+10,2.47312E+10,2.47815E+10,2.4833E+10,2.48856E+10,2.49396E+10,2.49949E+10,2.50517E+10,2.51099E+10,2.51695E+10,2.52305E+10,2.52928E+10,2.53564E+10,2.54213E+10,2.54875E+10,2.55549E+10,2.56235E+10,2.56932E+10,2.57639E+10,2.58357E+10,2.59085E+10,2.59822E+10,2.60567E+10,2.61319E+10,2.62078E+10,2.62843E+10,2.63613E+10,2.64388E+10,2.65167E+10,2.65949E+10,2.66734E+10,2.67522E+10,2.68311E+10,2.69103E+10,2.69897E+10,2.70692E+10,2.71489E+10,2.72285E+10,2.73082E+10,2.73878E+10,2.74673E+10,2.75467E+10,2.76259E+10,2.77049E+10,2.77837E+10,2.78621E+10,2.79402E+10,2.80179E+10,2.80951E+10,2.8172E+10,2.82483E+10,2.83243E+10,2.83998E+10,2.84749E+10,2.85496E+10,2.86239E+10,2.86978E+10,2.87712E+10,2.88443E+10,2.89169E+10,2.89892E+10,2.9061E+10,2.91325E+10,2.92036E+10,2.92743E+10,2.93446E+10,2.94146E+10,2.94842E+10,2.95534E+10,2.96223E+10,2.96908E+10,2.97589E+10,2.98267E+10,2.98942E+10,2.99613E+10,3.0028E+10,3.00945E+10,3.01606E+10,3.02263E+10,3.02918E+10,3.03569E+10,3.04217E+10,3.04863E+10,3.05505E+10,3.06144E+10,3.0678E+10,3.07413E+10,3.08044E+10,3.08671E+10,3.09296E+10,3.09918E+10,3.10538E+10,3.11155E+10,3.11769E+10,3.12382E+10,3.12991E+10,3.13599E+10,3.14204E+10,3.14807E+10,3.15407E+10,3.16006E+10,3.16603E+10,3.17201E+10,3.17798E+10,3.18395E+10,3.18994E+10,3.19594E+10,3.20195E+10,3.20797E+10,3.214E+10,3.22003E+10,3.22608E+10,3.23212E+10,3.23815E+10,3.24418E+10,3.2502E+10,3.25621E+10,3.26219E+10,3.26814E+10,3.27407E+10,3.27998E+10,3.28585E+10,3.2917E+10,3.29751E+10,3.3033E+10,3.30907E+10,3.3148E+10,3.32051E+10,3.32618E+10,3.33183E+10,3.33745E+10,3.34305E+10,3.34861E+10,3.35415E+10,3.35966E+10,3.36514E+10,3.37059E+10,3.37602E+10,3.38141E+10,3.38678E+10,3.39212E+10,3.39744E+10,3.40272E+10,3.40798E+10,3.41321E+10,3.41841E+10,3.42359E+10,3.42874E+10,3.43386E+10,3.43896E+10,3.44402E+10,3.44907E+10,3.45408E+10,3.45907E+10,3.46403E+10,3.46897E+10,3.47388E+10,3.47877E+10,3.48363E+10,3.48846E+10,3.49327E+10,3.49806E+10,3.50282E+10,3.50755E+10,3.51226E+10,3.51695E+10,3.52161E+10,3.52625E+10,3.53086E+10,3.53546E+10,3.54002E+10,3.54457E+10,3.54909E+10,3.55359E+10,3.55807E+10,3.56253E+10,3.56696E+10,3.57137E+10,3.57576E+10,3.58013E+10,3.58448E+10,3.58881E+10,3.59311E+10,3.5974E+10,3.60167E+10,3.60591E+10,3.61014E+10,3.61434E+10,3.61853E+10,3.6227E+10,3.62685E+10,3.63098E+10,3.63509E+10,3.63918E+10,3.64326E+10,3.64731E+10,3.65135E+10,3.65538E+10,3.65938E+10,3.66337E+10,3.66734E+10,3.6713E+10,3.67524E+10,3.67917E+10,3.68308E+10,3.68697E+10,3.69085E+10,3.69472E+10,3.69857E+10,3.7024E+10,3.70622E+10,3.71003E+10,3.71383E+10,3.71761E+10,3.72137E+10,3.72512E+10,3.72886E+10,3.7326E+10,3.73635E+10,3.7401E+10,3.74387E+10,3.74767E+10,3.7515E+10,3.75536E+10,3.75925E+10,3.76317E+10,3.76711E+10,3.77108E+10,3.77507E+10,3.77907E+10,3.78309E+10,3.78711E+10,3.79114E+10,3.79516E+10,3.79919E+10,3.80322E+10,3.80724E+10,3.81125E+10,3.81526E+10,3.81924E+10,3.82322E+10,3.82718E+10,3.83112E+10,3.83504E+10,3.83894E+10,3.84282E+10,3.84668E+10,3.85053E+10,3.85437E+10,3.85821E+10,3.86206E+10,3.86591E+10,3.86976E+10,3.87362E+10,3.8775E+10,3.8814E+10,3.88532E+10,3.88927E+10,3.89325E+10,3.89727E+10,3.90132E+10,3.90541E+10,3.90955E+10,3.91372E+10,3.91795E+10,3.92222E+10,3.92656E+10,3.93095E+10,3.9354E+10,3.93992E+10,3.94454E+10,3.9493E+10,3.95423E+10,3.95939E+10,3.96482E+10,3.97055E+10,3.97659E+10,3.98297E+10,3.98968E+10,3.99671E+10,4.00407E+10,4.01174E+10,4.0197E+10,4.02795E+10,4.03646E+10,4.04522E+10,4.05423E+10,4.06346E+10,4.0729E+10,4.08253E+10,4.09236E+10,4.10236E+10,4.11252E+10,4.12283E+10,4.13329E+10,4.14388E+10,4.15459E+10,4.16542E+10,4.17636E+10,4.1874E+10,4.19853E+10,4.20974E+10,4.22104E+10,4.23242E+10,4.24386E+10,4.25537E+10,4.26694E+10,4.27857E+10,4.29026E+10,4.302E+10,4.31379E+10,4.32562E+10,4.3375E+10,4.34941E+10,4.36136E+10,4.37333E+10,4.38532E+10,4.39733E+10,4.40935E+10,4.42138E+10,4.43341E+10,4.44543E+10,4.45744E+10,4.46943E+10,4.48139E+10,4.49332E+10,4.50522E+10,4.51707E+10,4.52887E+10,4.54063E+10,4.55233E+10,4.56397E+10,4.57555E+10,4.58707E+10,4.59853E+10,4.60994E+10,4.62128E+10,4.63257E+10,4.6438E+10,4.65497E+10,4.66608E+10,4.67714E+10,4.68815E+10,4.6991E+10,4.70999E+10,4.72084E+10,4.73163E+10,4.74237E+10,4.75307E+10,4.76371E+10,4.7743E+10,4.78485E+10,4.79534E+10,4.8058E+10,4.81621E+10,4.82658E+10,4.83691E+10,4.8472E+10,4.85745E+10,4.86767E+10,4.87786E+10,4.88802E+10,4.89818E+10,4.90836E+10,4.91857E+10,4.92883E+10,4.93916E+10,4.94956E+10,4.96006E+10,4.97064E+10,4.98132E+10,4.99208E+10,5.00294E+10,5.01387E+10,5.02489E+10,5.03597E+10,5.04713E+10,5.05834E+10,5.06962E+10,5.08095E+10,5.09232E+10,5.10375E+10,5.11521E+10,5.12671E+10,5.13824E+10,5.14981E+10,5.16141E+10,5.17303E+10,5.18467E+10,5.19634E+10,5.20802E+10,5.21973E+10,5.23146E+10,5.24321E+10,5.25497E+10,5.26675E+10,5.27853E+10,5.29033E+10,5.30213E+10,5.31395E+10,5.32579E+10,5.33764E+10,5.34951E+10,5.3614E+10,5.3733E+10,5.38521E+10,5.39714E+10,5.40907E+10,5.421E+10,5.43294E+10,5.44487E+10,5.4568E+10,5.46871E+10,5.48061E+10,5.4925E+10,5.50437E+10,5.51621E+10,5.52804E+10,5.53984E+10,5.55161E+10,5.56335E+10,5.57506E+10,5.58673E+10,5.59836E+10,5.60995E+10,5.6215E+10,5.63301E+10,5.64447E+10,5.6559E+10,5.66728E+10,5.67862E+10,5.68991E+10,5.70117E+10,5.71239E+10,5.72356E+10,5.7347E+10,5.74579E+10,5.75685E+10,5.76786E+10,5.77884E+10,5.78977E+10,5.80066E+10,5.81152E+10,5.82233E+10,5.83311E+10,5.84385E+10,5.85455E+10,5.8652E+10,5.87583E+10,5.88641E+10,5.89695E+10,5.90746E+10,5.91793E+10,5.92835E+10,5.93874E+10,5.9491E+10,5.95941E+10,5.96968E+10,5.97991E+10,5.99011E+10,6.00026E+10,6.01037E+10,6.02045E+10,6.03048E+10,6.04048E+10,6.05043E+10,6.06035E+10,6.07022E+10,6.08006E+10,6.08985E+10,6.0996E+10,6.10932E+10,6.11899E+10,6.12862E+10,6.13821E+10,6.14775E+10,6.15726E+10,6.16672E+10,6.17614E+10,6.18552E+10,6.19486E+10,6.20415E+10,6.2134E+10,6.22261E+10,6.23178E+10,6.24091E+10,6.24999E+10,6.25903E+10,6.26803E+10,6.27698E+10,6.2859E+10,6.29477E+10,6.30359E+10,6.31238E+10,6.32112E+10,6.32982E+10,6.33848E+10,6.34709E+10,6.35566E+10,6.36419E+10,6.37268E+10,6.38113E+10,6.38954E+10,6.39791E+10,6.40623E+10,6.41452E+10,6.42276E+10,6.43097E+10,6.43913E+10,6.44726E+10,6.45535E+10,6.46339E+10,6.4714E+10,6.47938E+10,6.48731E+10,6.49521E+10,6.50307E+10,6.51089E+10,6.51867E+10,6.52642E+10,6.53414E+10,6.54182E+10,6.54947E+10,6.55708E+10,6.56466E+10,6.5722E+10,6.57971E+10,6.58719E+10,6.59464E+10,6.60205E+10,6.60943E+10,6.61679E+10,6.62411E+10,6.6314E+10,6.63867E+10,6.6459E+10,6.65311E+10,6.66029E+10,6.66745E+10,6.67458E+10,6.68168E+10,6.68876E+10,6.69581E+10,6.70283E+10,6.70984E+10,6.71682E+10,6.72377E+10,6.7307E+10,6.73761E+10,6.7445E+10,6.75137E+10,6.75821E+10,6.76503E+10,6.77183E+10,6.7786E+10,6.78536E+10,6.79211E+10,6.79885E+10,6.80559E+10,6.81233E+10,6.81906E+10,6.82578E+10,6.8325E+10,6.83922E+10,6.84592E+10,6.85262E+10,6.85929E+10,6.86595E+10,6.87259E+10,6.87921E+10,6.88581E+10,6.89239E+10,6.89895E+10,6.90549E+10,6.91201E+10,6.91851E+10,6.92499E+10,6.93145E+10,6.93789E+10,6.94431E+10,6.95072E+10,6.9571E+10,6.96347E+10,6.96982E+10,6.97616E+10,6.98247E+10,6.98877E+10,6.99505E+10,7.00132E+10,7.00757E+10,7.01381E+10,7.02003E+10,7.02624E+10,7.03244E+10,7.03862E+10,7.04478E+10,7.05094E+10,7.05708E+10,7.06321E+10,7.06933E+10,7.07544E+10,7.08153E+10,7.08761E+10,7.09369E+10,7.09975E+10,7.1058E+10,7.11184E+10,7.11787E+10,7.12388E+10,7.12989E+10,7.13588E+10,7.14187E+10,7.14784E+10,7.1538E+10,7.15975E+10,7.16569E+10,7.17161E+10,7.17753E+10,7.18343E+10,7.18932E+10,7.19519E+10,7.20105E+10,7.2069E+10,7.21273E+10,7.21855E+10,7.22436E+10,7.23015E+10,7.23593E+10,7.24169E+10,7.24743E+10,7.25316E+10,7.25888E+10,7.26458E+10,7.27026E+10,7.27593E+10,7.28158E+10,7.28722E+10,7.29284E+10,7.29844E+10,7.30402E+10,7.30959E+10,7.31515E+10,7.32068E+10,7.3262E+10,7.3317E+10,7.33718E+10,7.34265E+10,7.3481E+10,7.35354E+10,7.35895E+10,7.36435E+10,7.36974E+10,7.3751E+10,7.38045E+10,7.38579E+10,7.3911E+10,7.3964E+10,7.40169E+10,7.40696E+10,7.41221E+10,7.41745E+10,7.42267E+10,7.42788E+10,7.43307E+10,7.43825E+10,7.44341E+10,7.44856E+10,7.4537E+10,7.45882E+10,7.46393E+10,7.46902E+10,7.4741E+10,7.47917E+10,7.48422E+10,7.48926E+10,7.49429E+10,7.49931E+10,7.50431E+10,7.5093E+10,7.51428E+10,7.51925E+10,7.52421E+10,7.52915E+10,7.53409E+10,7.53901E+10,7.54393E+10,7.54883E+10,7.55372E+10,7.5586E+10,7.56347E+10,7.56834E+10,7.57319E+10
"Cost of GDP Cumulative[Minnesota]",0,0,0,0,0,0,0,0,0,0,0,0,0,0,0,0,0,0,0,0,0,1.22946E-41,2.85911E-41,4.88427E-41,1.76799E-40,6.89353E-40,1.40062E-39,2.11402E-39,2.88533E-39,3.74158E-39,5.18301E-39,0.00102827,0.0136674,0.0710442,0.238323,0.619141,1.36029,2.65624,4.75765,7.99709,12.8523,20.0579,30.7398,46.5376,70.398,113.668,190.963,342.621,630.774,1101.86,1788.9,2746.93,4047.37,5758.34,7945.75,10673,14001.5,17999.2,22783.9,28493.3,35262.6,43232.7,52566,63457.4,76137.6,90875.9,107982,127804,150720,177182,207820,247471,302077,373873,464942,578390,718369,896536,1.13084E+06,1.43958E+06,1.85812E+06,2.42404E+06,3.17139E+06,4.15152E+06,5.40525E+06,6.95839E+06,8.82931E+06,1.10422E+07,1.36618E+07,1.67493E+07,2.0349E+07,2.45963E+07,2.96554E+07,3.56461E+07,4.2637E+07,5.06607E+07,5.97294E+07,6.98415E+07,8.09909E+07,9.31698E+07,1.06372E+08,1.20601E+08,1.35858E+08,1.52138E+08,1.69432E+08,1.87724E+08,2.06998E+08,2.27235E+08,2.48413E+08,2.70505E+08,2.9349E+08,3.17345E+08,3.42049E+08,3.67604E+08,3.9406E+08,4.21815E+08,4.5139E+08,4.83024E+08,5.1684E+08,5.52908E+08,5.91259E+08,6.31895E+08,6.74919E+08,7.20528E+08,7.68831E+08,8.19867E+08,8.73635E+08,9.301E+08,9.89217E+08,1.05093E+09,1.11521E+09,1.18207E+09,1.25149E+09,1.32345E+09,1.39791E+09,1.47482E+09,1.55409E+09,1.63565E+09,1.71942E+09,1.80529E+09,1.89317E+09,1.98298E+09,2.07461E+09,2.16797E+09,2.26296E+09,2.35949E+09,2.45746E+09,2.55677E+09,2.65731E+09,2.759E+09,2.86173E+09,2.96541E+09,3.06993E+09,3.17521E+09,3.28113E+09,3.3876E+09,3.49454E+09,3.60183E+09,3.70939E+09,3.81713E+09,3.92495E+09,4.03279E+09,4.14055E+09,4.24817E+09,4.35555E+09,4.46265E+09,4.5694E+09,4.67574E+09,4.78161E+09,4.88698E+09,4.99184E+09,5.09618E+09,5.20005E+09,5.30351E+09,5.40662E+09,5.50941E+09,5.61192E+09,5.71414E+09,5.81606E+09,5.91768E+09,6.01898E+09,6.11993E+09,6.22052E+09,6.32069E+09,6.42043E+09,6.51968E+09,6.61842E+09,6.71659E+09,6.81416E+09,6.91111E+09,7.00745E+09,7.10319E+09,7.19831E+09,7.29284E+09,7.38676E+09,7.48009E+09,7.57282E+09,7.66496E+09,7.75651E+09,7.84748E+09,7.93787E+09,8.02768E+09,8.11691E+09,8.20558E+09,8.29367E+09,8.3812E+09,8.46816E+09,8.55457E+09,8.64043E+09,8.72573E+09,8.81048E+09,8.89469E+09,8.97836E+09,9.06149E+09,9.14408E+09,9.22615E+09,9.30768E+09,9.38868E+09,9.46917E+09,9.54913E+09,9.62858E+09,9.70751E+09,9.78593E+09,9.86385E+09,9.94125E+09,1.00182E+10,1.00946E+10,1.01705E+10,1.02459E+10,1.03208E+10,1.03952E+10,1.04692E+10,1.05426E+10,1.06156E+10,1.06881E+10,1.07602E+10,1.08318E+10,1.09029E+10,1.09735E+10,1.10437E+10,1.11134E+10,1.11827E+10,1.12515E+10,1.13199E+10,1.13878E+10,1.14553E+10,1.15223E+10,1.15889E+10,1.16551E+10,1.17209E+10,1.17862E+10,1.18511E+10,1.19156E+10,1.19797E+10,1.20433E+10,1.21066E+10,1.21694E+10,1.22318E+10,1.22939E+10,1.23555E+10,1.24167E+10,1.24776E+10,1.2538E+10,1.25981E+10,1.26578E+10,1.27171E+10,1.2776E+10,1.28345E+10,1.28927E+10,1.29505E+10,1.30079E+10,1.30649E+10,1.31216E+10,1.3178E+10,1.32339E+10,1.32895E+10,1.33448E+10,1.33997E+10,1.34543E+10,1.35085E+10,1.35623E+10,1.36159E+10,1.36691E+10,1.37219E+10,1.37744E+10,1.38266E+10,1.38785E+10,1.393E+10,1.39812E+10,1.40321E+10,1.40827E+10,1.41329E+10,1.41829E+10,1.42325E+10,1.42818E+10,1.43309E+10,1.43796E+10,1.4428E+10,1.44761E+10,1.45239E+10,1.45715E+10,1.46187E+10,1.46657E+10,1.47124E+10,1.47588E+10,1.48049E+10,1.48507E+10,1.48963E+10,1.49416E+10,1.49867E+10,1.50314E+10,1.50759E+10,1.51202E+10,1.51642E+10,1.52079E+10,1.52514E+10,1.52947E+10,1.53377E+10,1.53805E+10,1.5423E+10,1.54653E+10,1.55073E+10,1.55491E+10,1.55907E+10,1.5632E+10,1.56732E+10,1.57141E+10,1.57547E+10,1.57952E+10,1.58354E+10,1.58755E+10,1.59153E+10,1.59548E+10,1.59942E+10,1.60334E+10,1.60724E+10,1.61111E+10,1.61497E+10,1.6188E+10,1.62262E+10,1.62641E+10,1.63019E+10,1.63394E+10,1.63768E+10,1.6414E+10,1.6451E+10,1.64878E+10,1.65244E+10,1.65609E+10,1.65971E+10,1.66332E+10,1.66691E+10,1.67048E+10,1.67404E+10,1.67758E+10,1.6811E+10,1.6846E+10,1.68809E+10,1.69156E+10,1.69501E+10,1.69845E+10,1.70187E+10,1.70527E+10,1.70866E+10,1.71204E+10,1.71539E+10,1.71874E+10,1.72207E+10,1.72538E+10,1.72869E+10,1.73198E+10,1.73525E+10,1.73852E+10,1.74178E+10,1.74505E+10,1.74833E+10,1.75162E+10,1.75494E+10,1.75828E+10,1.76166E+10,1.76508E+10,1.76854E+10,1.77206E+10,1.77563E+10,1.77928E+10,1.78299E+10,1.78679E+10,1.79066E+10,1.79461E+10,1.79864E+10,1.80275E+10,1.80693E+10,1.81118E+10,1.81552E+10,1.81993E+10,1.82442E+10,1.82899E+10,1.83363E+10,1.83834E+10,1.84312E+10,1.84797E+10,1.85288E+10,1.85785E+10,1.86287E+10,1.86795E+10,1.87306E+10,1.87823E+10,1.88343E+10,1.88866E+10,1.89393E+10,1.89924E+10,1.90458E+10,1.90995E+10,1.91537E+10,1.92082E+10,1.9263E+10,1.93181E+10,1.93735E+10,1.94292E+10,1.94852E+10,1.95413E+10,1.95978E+10,1.96544E+10,1.97113E+10,1.97684E+10,1.98256E+10,1.9883E+10,1.99405E+10,1.99981E+10,2.0056E+10,2.01139E+10,2.01721E+10,2.02303E+10,2.02887E+10,2.03473E+10,2.04059E+10,2.04647E+10,2.05235E+10,2.05824E+10,2.06413E+10,2.07002E+10,2.07592E+10,2.08181E+10,2.08769E+10,2.09356E+10,2.09941E+10,2.10524E+10,2.11105E+10,2.11682E+10,2.12257E+10,2.12829E+10,2.13398E+10,2.13963E+10,2.14526E+10,2.15086E+10,2.15643E+10,2.16197E+10,2.16748E+10,2.17297E+10,2.17842E+10,2.18385E+10,2.18925E+10,2.19462E+10,2.19996E+10,2.20527E+10,2.21056E+10,2.21582E+10,2.22106E+10,2.22627E+10,2.23145E+10,2.2366E+10,2.24173E+10,2.24684E+10,2.25192E+10,2.25697E+10,2.262E+10,2.267E+10,2.27198E+10,2.27693E+10,2.28186E+10,2.28676E+10,2.29164E+10,2.29649E+10,2.30133E+10,2.30613E+10,2.31092E+10,2.31567E+10,2.32041E+10,2.32512E+10,2.32981E+10,2.33447E+10,2.33911E+10,2.34373E+10,2.34832E+10,2.35289E+10,2.35744E+10,2.36197E+10,2.36647E+10,2.37095E+10,2.3754E+10,2.37984E+10,2.38425E+10,2.38864E+10,2.39301E+10,2.39736E+10,2.40168E+10,2.40598E+10,2.41027E+10,2.41453E+10,2.41876E+10,2.42298E+10,2.42718E+10,2.43135E+10,2.43551E+10,2.43964E+10,2.44375E+10,2.44784E+10,2.45192E+10,2.45597E+10,2.46E+10,2.46401E+10,2.468E+10,2.47197E+10,2.47593E+10,2.47986E+10,2.48377E+10,2.48767E+10,2.49155E+10,2.4954E+10,2.49924E+10,2.50306E+10,2.50686E+10,2.51064E+10,2.5144E+10,2.51815E+10,2.52187E+10,2.52558E+10,2.52927E+10,2.53294E+10,2.5366E+10,2.54023E+10,2.54385E+10,2.54745E+10,2.55104E+10,2.5546E+10,2.55815E+10,2.56168E+10,2.56519E+10,2.56869E+10,2.57217E+10,2.57563E+10,2.57908E+10,2.58251E+10,2.58592E+10,2.58932E+10,2.5927E+10,2.59606E+10,2.5994E+10,2.60274E+10,2.60605E+10,2.60935E+10,2.61263E+10,2.6159E+10,2.61915E+10,2.62238E+10,2.6256E+10,2.6288E+10,2.63199E+10,2.63516E+10,2.63832E+10,2.64146E+10,2.64459E+10,2.6477E+10,2.65079E+10,2.65387E+10,2.65694E+10,2.65999E+10,2.66302E+10,2.66604E+10,2.66905E+10,2.67204E+10,2.67501E+10,2.67797E+10,2.68092E+10,2.68385E+10,2.68677E+10,2.68967E+10,2.69256E+10,2.69543E+10,2.69829E+10,2.70114E+10,2.70398E+10,2.70681E+10,2.70963E+10,2.71245E+10,2.71526E+10,2.71808E+10,2.72091E+10,2.72375E+10,2.7266E+10,2.72948E+10,2.73237E+10,2.7353E+10,2.73825E+10,2.74123E+10,2.74423E+10,2.74726E+10,2.75032E+10,2.75339E+10,2.75649E+10,2.7596E+10,2.76274E+10,2.76589E+10,2.76906E+10,2.77225E+10,2.77545E+10,2.77868E+10,2.78192E+10,2.78518E+10,2.78846E+10,2.79176E+10,2.79508E+10,2.79842E+10,2.80179E+10,2.80518E+10,2.80861E+10,2.81207E+10,2.81558E+10,2.81916E+10,2.82281E+10,2.82653E+10,2.83033E+10,2.83422E+10,2.83819E+10,2.84227E+10,2.84645E+10,2.85076E+10,2.85518E+10,2.85973E+10,2.86441E+10,2.86922E+10,2.87417E+10,2.87925E+10,2.88447E+10,2.88983E+10,2.89534E+10,2.90099E+10,2.90678E+10,2.91272E+10,2.9188E+10,2.92503E+10,2.9314E+10,2.93791E+10,2.94457E+10,2.95136E+10,2.95829E+10,2.96535E+10,2.97253E+10,2.97983E+10,2.98725E+10,2.99476E+10,3.00237E+10,3.01006E+10,3.01784E+10,3.02569E+10,3.03361E+10,3.04159E+10,3.04962E+10,3.05771E+10,3.06584E+10,3.074E+10,3.08221E+10,3.09044E+10,3.0987E+10,3.10698E+10,3.11528E+10,3.1236E+10,3.13193E+10,3.14026E+10,3.1486E+10,3.15695E+10,3.1653E+10,3.17365E+10,3.182E+10,3.19036E+10,3.19871E+10,3.20706E+10,3.21541E+10,3.22377E+10,3.23212E+10,3.24048E+10,3.24883E+10,3.25719E+10,3.26554E+10,3.27389E+10,3.28223E+10,3.29056E+10,3.29888E+10,3.30718E+10,3.31547E+10,3.32373E+10,3.33198E+10,3.34019E+10,3.34837E+10,3.35652E+10,3.36463E+10,3.3727E+10,3.38074E+10,3.38874E+10,3.3967E+10,3.40462E+10,3.41251E+10,3.42036E+10,3.42817E+10,3.43596E+10,3.4437E+10,3.45141E+10,3.45909E+10,3.46673E+10,3.47434E+10,3.48193E+10,3.48949E+10,3.49705E+10,3.50459E+10,3.51214E+10,3.51967E+10,3.5272E+10,3.53473E+10,3.54226E+10,3.5498E+10,3.55734E+10,3.56489E+10,3.57246E+10,3.58004E+10,3.58765E+10,3.59527E+10,3.60292E+10,3.61059E+10,3.61828E+10,3.62599E+10,3.63373E+10,3.64148E+10,3.64926E+10,3.65707E+10,3.66491E+10,3.67277E+10,3.68066E+10,3.68858E+10,3.69654E+10,3.70452E+10,3.71252E+10,3.72055E+10,3.72859E+10,3.73666E+10,3.74473E+10,3.75281E+10,3.7609E+10,3.76899E+10,3.77709E+10,3.78518E+10,3.79328E+10,3.80137E+10,3.80946E+10,3.81755E+10,3.82564E+10,3.83372E+10,3.84179E+10,3.84986E+10,3.85793E+10,3.866E+10,3.87406E+10,3.88214E+10,3.89021E+10,3.89828E+10,3.90636E+10,3.91443E+10,3.92251E+10,3.93059E+10,3.93868E+10,3.94678E+10,3.9549E+10,3.96303E+10,3.97118E+10,3.97935E+10,3.98754E+10,3.99575E+10,4.00396E+10,4.0122E+10,4.02045E+10,4.02871E+10,4.03699E+10,4.04528E+10,4.05358E+10,4.0619E+10,4.07022E+10,4.07856E+10,4.08691E+10,4.09527E+10,4.10365E+10,4.11203E+10,4.12042E+10,4.12883E+10,4.13724E+10,4.14565E+10,4.15408E+10,4.16251E+10,4.17094E+10,4.17937E+10,4.18781E+10,4.19624E+10,4.20467E+10,4.2131E+10,4.22152E+10,4.22994E+10,4.23835E+10,4.24677E+10,4.25518E+10,4.26359E+10,4.27199E+10,4.2804E+10,4.28881E+10,4.2972E+10,4.30559E+10,4.31397E+10,4.32234E+10,4.33069E+10,4.33902E+10,4.34733E+10,4.35561E+10,4.36387E+10,4.37211E+10,4.38031E+10,4.38848E+10,4.39662E+10,4.40473E+10,4.4128E+10,4.42083E+10,4.42882E+10,4.43678E+10,4.44469E+10,4.45257E+10,4.4604E+10,4.46819E+10,4.47594E+10,4.48365E+10,4.49132E+10,4.49895E+10,4.50654E+10,4.51408E+10,4.52159E+10,4.52905E+10,4.53647E+10,4.54385E+10,4.55119E+10,4.55848E+10,4.56574E+10,4.57296E+10,4.58013E+10,4.58727E+10,4.59436E+10,4.60142E+10,4.60843E+10,4.61541E+10,4.62235E+10,4.62925E+10,4.63611E+10,4.64293E+10,4.64971E+10,4.65645E+10,4.66316E+10,4.66982E+10,4.67645E+10,4.68305E+10,4.6896E+10,4.69612E+10,4.7026E+10,4.70905E+10,4.71546E+10,4.72183E+10,4.72817E+10,4.73448E+10,4.74075E+10,4.74698E+10,4.75318E+10,4.75935E+10,4.76548E+10,4.77158E+10,4.77765E+10,4.78368E+10,4.78969E+10,4.79566E+10,4.8016E+10,4.8075E+10,4.81338E+10,4.81922E+10,4.82504E+10,4.83082E+10,4.83658E+10,4.8423E+10,4.848E+10,4.85367E+10,4.85931E+10,4.86492E+10,4.87051E+10,4.87607E+10,4.88161E+10,4.88712E+10,4.89262E+10,4.8981E+10,4.90356E+10,4.90901E+10,4.91445E+10,4.91989E+10,4.92532E+10,4.93074E+10,4.93616E+10,4.94158E+10,4.94699E+10,4.95239E+10,4.9578E+10,4.9632E+10,4.9686E+10,4.974E+10,4.9794E+10,4.9848E+10,4.99021E+10,4.99564E+10,5.00108E+10,5.00653E+10,5.01201E+10,5.0175E+10,5.02302E+10,5.02856E+10,5.03412E+10,5.03971E+10,5.04533E+10,5.05098E+10,5.05664E+10,5.06233E+10,5.06803E+10,5.07375E+10,5.07948E+10,5.08522E+10,5.09097E+10,5.09673E+10,5.10248E+10,5.10823E+10,5.11397E+10,5.1197E+10,5.1254E+10,5.13108E+10,5.13674E+10,5.14236E+10,5.14796E+10,5.15353E+10,5.15908E+10,5.1646E+10,5.17009E+10,5.17555E+10,5.18099E+10,5.18641E+10,5.1918E+10,5.19716E+10,5.2025E+10,5.20781E+10,5.2131E+10,5.21837E+10,5.22361E+10,5.22884E+10,5.23403E+10,5.23921E+10,5.24437E+10,5.2495E+10,5.25462E+10,5.25971E+10,5.26479E+10,5.26984E+10,5.27488E+10,5.2799E+10,5.2849E+10,5.28988E+10,5.29484E+10,5.29979E+10,5.30472E+10,5.30963E+10,5.31453E+10,5.31941E+10,5.32427E+10,5.32912E+10,5.33394E+10,5.33876E+10,5.34356E+10,5.34834E+10,5.3531E+10,5.35785E+10,5.36259E+10,5.36731E+10,5.37201E+10,5.3767E+10,5.38137E+10,5.38602E+10,5.39066E+10,5.39528E+10,5.39989E+10,5.40448E+10,5.40905E+10,5.41361E+10,5.41815E+10,5.42267E+10,5.42718E+10,5.43167E+10,5.43614E+10,5.4406E+10,5.44504E+10,5.44946E+10,5.45386E+10,5.45824E+10,5.46261E+10,5.46696E+10,5.47129E+10,5.4756E+10,5.4799E+10,5.48418E+10,5.48844E+10,5.49268E+10,5.4969E+10,5.50111E+10,5.50529E+10,5.50946E+10,5.51361E+10,5.51775E+10,5.52186E+10,5.52596E+10,5.53003E+10,5.53409E+10,5.53814E+10,5.54216E+10,5.54617E+10,5.55016E+10,5.55413E+10,5.55808E+10,5.56202E+10,5.56593E+10,5.56984E+10,5.57372E+10,5.57759E+10,5.58144E+10,5.58527E+10,5.58909E+10,5.59288E+10,5.59667E+10,5.60044E+10,5.60419E+10,5.60792E+10,5.61164E+10,5.61534E+10,5.61903E+10,5.6227E+10,5.62636E+10,5.63E+10,5.63363E+10,5.63724E+10,5.64083E+10,5.64442E+10,5.64799E+10,5.65154E+10,5.65508E+10,5.65861E+10,5.66212E+10,5.66562E+10,5.66911E+10
"Cost of GDP Cumulative[Mississippi]",0,0,0,0,0,0,0,0,0,0,0,0,0,0,0,0,0,0,0,0,0,3.67322E-42,8.54209E-42,1.45925E-41,5.28156E-41,2.05916E-40,4.18368E-40,6.31459E-40,8.61842E-40,0.00185162,0.0248575,0.130661,0.44386,1.16961,2.61095,5.18837,9.4645,16.1754,26.2699,40.9596,61.7856,90.7081,130.221,183.491,254.721,351.432,483.122,668.211,933.16,1301.64,1795.66,2446.59,3294.15,4381.39,5756.09,7472.19,9591.81,12190.2,15371.9,19264.4,24016.1,29802.6,36837,45379.6,55747.8,68327.3,83588.1,102101,124554,151794,184878,226297,279082,345397,427626,528765,652450,804920,994665,1.23067E+06,1.52736E+06,1.9002E+06,2.36396E+06,2.93888E+06,3.64243E+06,4.4879E+06,5.48673E+06,6.65241E+06,8.01075E+06,9.58675E+06,1.14004E+07,1.34985E+07,1.59352E+07,1.87511E+07,2.19704E+07,2.56055E+07,2.96623E+07,3.41412E+07,3.90408E+07,4.43584E+07,5.00911E+07,5.62387E+07,6.27992E+07,6.97688E+07,7.71419E+07,8.49113E+07,9.30687E+07,1.01605E+08,1.1051E+08,1.19773E+08,1.29381E+08,1.39317E+08,1.49569E+08,1.60129E+08,1.71007E+08,1.82315E+08,1.94202E+08,2.06733E+08,2.19943E+08,2.33848E+08,2.48455E+08,2.6376E+08,2.79792E+08,2.96604E+08,3.14227E+08,3.32669E+08,3.51927E+08,3.7199E+08,3.92841E+08,4.14462E+08,4.36845E+08,4.59988E+08,4.83885E+08,5.08528E+08,5.33906E+08,5.6E+08,5.86785E+08,6.14237E+08,6.42326E+08,6.71025E+08,7.00305E+08,7.30136E+08,7.60489E+08,7.91335E+08,8.22645E+08,8.5439E+08,8.86539E+08,9.19063E+08,9.51933E+08,9.85118E+08,1.01859E+09,1.05232E+09,1.08628E+09,1.12044E+09,1.15477E+09,1.18925E+09,1.22384E+09,1.25852E+09,1.29325E+09,1.32802E+09,1.3628E+09,1.39756E+09,1.43228E+09,1.46694E+09,1.50151E+09,1.53598E+09,1.57033E+09,1.60454E+09,1.6386E+09,1.67249E+09,1.70621E+09,1.73976E+09,1.77316E+09,1.80642E+09,1.83955E+09,1.87258E+09,1.9055E+09,1.93832E+09,1.97104E+09,2.00365E+09,2.03615E+09,2.06853E+09,2.10078E+09,2.1329E+09,2.16488E+09,2.1967E+09,2.22835E+09,2.25982E+09,2.2911E+09,2.32219E+09,2.35308E+09,2.38378E+09,2.41429E+09,2.44461E+09,2.47475E+09,2.50469E+09,2.53446E+09,2.56404E+09,2.59344E+09,2.62266E+09,2.6517E+09,2.68056E+09,2.70925E+09,2.73776E+09,2.7661E+09,2.79426E+09,2.82225E+09,2.85007E+09,2.87772E+09,2.9052E+09,2.93252E+09,2.95967E+09,2.98665E+09,3.01347E+09,3.04013E+09,3.06663E+09,3.09296E+09,3.11914E+09,3.14515E+09,3.17101E+09,3.19672E+09,3.22227E+09,3.24767E+09,3.27292E+09,3.29802E+09,3.32297E+09,3.34777E+09,3.37242E+09,3.39693E+09,3.4213E+09,3.44552E+09,3.46961E+09,3.49355E+09,3.51736E+09,3.54103E+09,3.56456E+09,3.58796E+09,3.61122E+09,3.63436E+09,3.65736E+09,3.68023E+09,3.70297E+09,3.72558E+09,3.74807E+09,3.77043E+09,3.79266E+09,3.81478E+09,3.83678E+09,3.85865E+09,3.88041E+09,3.90206E+09,3.92359E+09,3.945E+09,3.96631E+09,3.98751E+09,4.0086E+09,4.02959E+09,4.05047E+09,4.07125E+09,4.09193E+09,4.11251E+09,4.13299E+09,4.15338E+09,4.17367E+09,4.19386E+09,4.21396E+09,4.23398E+09,4.25389E+09,4.27372E+09,4.29345E+09,4.31309E+09,4.33264E+09,4.3521E+09,4.37147E+09,4.39074E+09,4.40993E+09,4.42903E+09,4.44804E+09,4.46696E+09,4.4858E+09,4.50454E+09,4.5232E+09,4.54177E+09,4.56025E+09,4.57864E+09,4.59694E+09,4.61516E+09,4.63328E+09,4.65132E+09,4.66926E+09,4.68712E+09,4.70489E+09,4.72256E+09,4.74015E+09,4.75764E+09,4.77505E+09,4.79237E+09,4.80959E+09,4.82673E+09,4.84378E+09,4.86074E+09,4.87761E+09,4.89439E+09,4.91108E+09,4.92768E+09,4.9442E+09,4.96062E+09,4.97696E+09,4.9932E+09,5.00936E+09,5.02543E+09,5.04142E+09,5.05731E+09,5.07312E+09,5.08884E+09,5.10448E+09,5.12003E+09,5.13549E+09,5.15087E+09,5.16616E+09,5.18137E+09,5.1965E+09,5.21154E+09,5.22649E+09,5.24137E+09,5.25616E+09,5.27087E+09,5.2855E+09,5.30005E+09,5.31452E+09,5.32891E+09,5.34322E+09,5.35745E+09,5.37161E+09,5.38568E+09,5.39968E+09,5.41361E+09,5.42746E+09,5.44123E+09,5.45494E+09,5.46857E+09,5.48213E+09,5.49561E+09,5.50903E+09,5.52238E+09,5.53566E+09,5.54888E+09,5.56203E+09,5.57512E+09,5.58814E+09,5.6011E+09,5.61401E+09,5.62685E+09,5.63963E+09,5.65236E+09,5.66503E+09,5.67765E+09,5.69022E+09,5.70273E+09,5.71519E+09,5.7276E+09,5.73997E+09,5.75229E+09,5.76456E+09,5.77679E+09,5.78898E+09,5.80112E+09,5.81323E+09,5.82531E+09,5.83735E+09,5.84936E+09,5.86134E+09,5.8733E+09,5.88527E+09,5.89726E+09,5.9093E+09,5.92141E+09,5.93359E+09,5.94588E+09,5.95828E+09,5.97082E+09,5.98351E+09,5.99637E+09,6.00943E+09,6.0227E+09,6.03621E+09,6.04997E+09,6.06397E+09,6.07822E+09,6.09271E+09,6.10744E+09,6.12241E+09,6.13763E+09,6.15309E+09,6.16878E+09,6.18472E+09,6.20089E+09,6.2173E+09,6.23392E+09,6.25076E+09,6.2678E+09,6.28503E+09,6.30243E+09,6.31999E+09,6.3377E+09,6.35555E+09,6.37352E+09,6.3916E+09,6.40979E+09,6.42807E+09,6.44644E+09,6.46492E+09,6.48349E+09,6.50216E+09,6.52093E+09,6.53979E+09,6.55874E+09,6.57776E+09,6.59685E+09,6.61601E+09,6.63523E+09,6.65451E+09,6.67385E+09,6.69325E+09,6.71269E+09,6.73217E+09,6.75169E+09,6.77124E+09,6.79082E+09,6.81044E+09,6.83009E+09,6.84977E+09,6.86949E+09,6.88924E+09,6.90901E+09,6.9288E+09,6.9486E+09,6.96841E+09,6.98822E+09,7.00803E+09,7.02783E+09,7.04762E+09,7.06737E+09,7.0871E+09,7.10676E+09,7.12636E+09,7.14589E+09,7.16533E+09,7.18467E+09,7.20391E+09,7.22306E+09,7.2421E+09,7.26104E+09,7.27988E+09,7.29862E+09,7.31726E+09,7.3358E+09,7.35425E+09,7.3726E+09,7.39085E+09,7.40901E+09,7.42707E+09,7.44504E+09,7.46292E+09,7.48071E+09,7.49841E+09,7.51602E+09,7.53354E+09,7.55097E+09,7.56832E+09,7.58558E+09,7.60275E+09,7.61983E+09,7.63682E+09,7.65373E+09,7.67055E+09,7.68729E+09,7.70394E+09,7.72051E+09,7.73699E+09,7.75338E+09,7.7697E+09,7.78593E+09,7.80208E+09,7.81815E+09,7.83414E+09,7.85004E+09,7.86587E+09,7.88161E+09,7.89728E+09,7.91287E+09,7.92837E+09,7.9438E+09,7.95915E+09,7.97443E+09,7.98962E+09,8.00474E+09,8.01979E+09,8.03475E+09,8.04965E+09,8.06446E+09,8.07921E+09,8.09388E+09,8.10848E+09,8.12301E+09,8.13746E+09,8.15185E+09,8.16616E+09,8.18041E+09,8.19459E+09,8.2087E+09,8.22274E+09,8.23672E+09,8.25063E+09,8.26448E+09,8.27826E+09,8.29198E+09,8.30563E+09,8.31923E+09,8.33276E+09,8.34623E+09,8.35965E+09,8.37301E+09,8.38631E+09,8.39956E+09,8.41275E+09,8.42589E+09,8.43898E+09,8.45201E+09,8.465E+09,8.47794E+09,8.49083E+09,8.50367E+09,8.51647E+09,8.52922E+09,8.54193E+09,8.5546E+09,8.56723E+09,8.57981E+09,8.59236E+09,8.60488E+09,8.61735E+09,8.62979E+09,8.64219E+09,8.65456E+09,8.66689E+09,8.6792E+09,8.69147E+09,8.70371E+09,8.71592E+09,8.7281E+09,8.74026E+09,8.75239E+09,8.7645E+09,8.77658E+09,8.78865E+09,8.80068E+09,8.8127E+09,8.8247E+09,8.83668E+09,8.84864E+09,8.86057E+09,8.8725E+09,8.8844E+09,8.89628E+09,8.90815E+09,8.92E+09,8.93182E+09,8.94363E+09,8.95542E+09,8.96719E+09,8.97894E+09,8.99066E+09,9.00237E+09,9.01405E+09,9.02571E+09,9.03734E+09,9.04895E+09,9.06054E+09,9.0721E+09,9.08364E+09,9.09514E+09,9.10663E+09,9.11808E+09,9.12951E+09,9.14091E+09,9.15228E+09,9.16363E+09,9.17494E+09,9.18623E+09,9.19748E+09,9.20872E+09,9.21994E+09,9.23115E+09,9.24236E+09,9.25356E+09,9.26479E+09,9.27604E+09,9.28733E+09,9.29866E+09,9.31006E+09,9.32152E+09,9.33306E+09,9.34468E+09,9.35638E+09,9.36816E+09,9.38001E+09,9.39193E+09,9.40391E+09,9.41596E+09,9.42806E+09,9.44021E+09,9.45242E+09,9.46468E+09,9.477E+09,9.48938E+09,9.50182E+09,9.51432E+09,9.52687E+09,9.53949E+09,9.55218E+09,9.56494E+09,9.57779E+09,9.59072E+09,9.60374E+09,9.61688E+09,9.63016E+09,9.64362E+09,9.65729E+09,9.67119E+09,9.68535E+09,9.69977E+09,9.71448E+09,9.7295E+09,9.74486E+09,9.76059E+09,9.77671E+09,9.79324E+09,9.81018E+09,9.82757E+09,9.8454E+09,9.86368E+09,9.88242E+09,9.90162E+09,9.9213E+09,9.94144E+09,9.96206E+09,9.98316E+09,1.00047E+10,1.00268E+10,1.00493E+10,1.00722E+10,1.00956E+10,1.01195E+10,1.01438E+10,1.01685E+10,1.01936E+10,1.02191E+10,1.0245E+10,1.02712E+10,1.02977E+10,1.03245E+10,1.03516E+10,1.03789E+10,1.04065E+10,1.04342E+10,1.04622E+10,1.04903E+10,1.05185E+10,1.05469E+10,1.05754E+10,1.0604E+10,1.06327E+10,1.06614E+10,1.06902E+10,1.07191E+10,1.07479E+10,1.07768E+10,1.08058E+10,1.08347E+10,1.08636E+10,1.08925E+10,1.09214E+10,1.09503E+10,1.09791E+10,1.10079E+10,1.10367E+10,1.10655E+10,1.10943E+10,1.1123E+10,1.11517E+10,1.11804E+10,1.1209E+10,1.12376E+10,1.12661E+10,1.12946E+10,1.1323E+10,1.13514E+10,1.13796E+10,1.14078E+10,1.14359E+10,1.14639E+10,1.14918E+10,1.15195E+10,1.15471E+10,1.15745E+10,1.16018E+10,1.16289E+10,1.16559E+10,1.16828E+10,1.17095E+10,1.1736E+10,1.17624E+10,1.17887E+10,1.18148E+10,1.18408E+10,1.18666E+10,1.18923E+10,1.19178E+10,1.19433E+10,1.19686E+10,1.19938E+10,1.20189E+10,1.2044E+10,1.20691E+10,1.2094E+10,1.2119E+10,1.21439E+10,1.21687E+10,1.21936E+10,1.22184E+10,1.22432E+10,1.2268E+10,1.22928E+10,1.23177E+10,1.23426E+10,1.23675E+10,1.23924E+10,1.24174E+10,1.24424E+10,1.24674E+10,1.24925E+10,1.25176E+10,1.25428E+10,1.2568E+10,1.25933E+10,1.26186E+10,1.2644E+10,1.26695E+10,1.2695E+10,1.27206E+10,1.27462E+10,1.27719E+10,1.27976E+10,1.28233E+10,1.28491E+10,1.28749E+10,1.29006E+10,1.29264E+10,1.29522E+10,1.2978E+10,1.30038E+10,1.30296E+10,1.30554E+10,1.30812E+10,1.3107E+10,1.31328E+10,1.31586E+10,1.31844E+10,1.32103E+10,1.32361E+10,1.3262E+10,1.32879E+10,1.33138E+10,1.33398E+10,1.33658E+10,1.33918E+10,1.34179E+10,1.3444E+10,1.34703E+10,1.34966E+10,1.35231E+10,1.35496E+10,1.35763E+10,1.36031E+10,1.36301E+10,1.36571E+10,1.36843E+10,1.37116E+10,1.3739E+10,1.37666E+10,1.37942E+10,1.38219E+10,1.38498E+10,1.38777E+10,1.39057E+10,1.39338E+10,1.3962E+10,1.39903E+10,1.40186E+10,1.40471E+10,1.40756E+10,1.41041E+10,1.41327E+10,1.41614E+10,1.41901E+10,1.42188E+10,1.42475E+10,1.42763E+10,1.43051E+10,1.43339E+10,1.43626E+10,1.43914E+10,1.44202E+10,1.4449E+10,1.44777E+10,1.45065E+10,1.45353E+10,1.45641E+10,1.45929E+10,1.46217E+10,1.46504E+10,1.46792E+10,1.47078E+10,1.47365E+10,1.47651E+10,1.47936E+10,1.4822E+10,1.48504E+10,1.48787E+10,1.49068E+10,1.49349E+10,1.49629E+10,1.49908E+10,1.50185E+10,1.50462E+10,1.50737E+10,1.51011E+10,1.51284E+10,1.51555E+10,1.51825E+10,1.52094E+10,1.52361E+10,1.52627E+10,1.52892E+10,1.53156E+10,1.53418E+10,1.53679E+10,1.53938E+10,1.54197E+10,1.54454E+10,1.54709E+10,1.54964E+10,1.55217E+10,1.55469E+10,1.55719E+10,1.55969E+10,1.56217E+10,1.56463E+10,1.56709E+10,1.56953E+10,1.57196E+10,1.57438E+10,1.57678E+10,1.57917E+10,1.58155E+10,1.58392E+10,1.58628E+10,1.58862E+10,1.59095E+10,1.59327E+10,1.59558E+10,1.59788E+10,1.60016E+10,1.60244E+10,1.6047E+10,1.60695E+10,1.60919E+10,1.61142E+10,1.61364E+10,1.61584E+10,1.61804E+10,1.62022E+10,1.6224E+10,1.62456E+10,1.62672E+10,1.62886E+10,1.63099E+10,1.63312E+10,1.63523E+10,1.63734E+10,1.63943E+10,1.64152E+10,1.6436E+10,1.64566E+10,1.64772E+10,1.64977E+10,1.65182E+10,1.65385E+10,1.65588E+10,1.65789E+10,1.6599E+10,1.6619E+10,1.6639E+10,1.66589E+10,1.66787E+10,1.66984E+10,1.67181E+10,1.67378E+10,1.67574E+10,1.6777E+10,1.67966E+10,1.68162E+10,1.68357E+10,1.68553E+10,1.68748E+10,1.68944E+10,1.69139E+10,1.69335E+10,1.6953E+10,1.69726E+10,1.69921E+10,1.70117E+10,1.70313E+10,1.7051E+10,1.70706E+10,1.70904E+10,1.71101E+10,1.713E+10,1.71499E+10,1.71699E+10,1.71899E+10,1.72101E+10,1.72303E+10,1.72507E+10,1.72711E+10,1.72917E+10,1.73123E+10,1.7333E+10,1.73537E+10,1.73745E+10,1.73954E+10,1.74164E+10,1.74373E+10,1.74584E+10,1.74794E+10,1.75005E+10,1.75215E+10,1.75425E+10,1.75635E+10,1.75844E+10,1.76053E+10,1.76262E+10,1.7647E+10,1.76677E+10,1.76884E+10,1.7709E+10,1.77296E+10,1.77502E+10,1.77706E+10,1.77911E+10,1.78115E+10,1.78318E+10,1.78521E+10,1.78723E+10,1.78925E+10,1.79126E+10,1.79327E+10,1.79527E+10,1.79727E+10,1.79926E+10,1.80124E+10,1.80323E+10,1.8052E+10,1.80718E+10,1.80914E+10,1.8111E+10,1.81306E+10,1.81501E+10,1.81696E+10,1.8189E+10,1.82084E+10,1.82277E+10,1.8247E+10,1.82662E+10,1.82853E+10,1.83044E+10,1.83235E+10,1.83425E+10,1.83614E+10,1.83803E+10,1.83992E+10,1.84179E+10,1.84367E+10,1.84553E+10,1.84739E+10,1.84925E+10,1.8511E+10,1.85294E+10,1.85478E+10,1.85662E+10,1.85845E+10,1.86027E+10,1.86209E+10,1.8639E+10,1.8657E+10,1.8675E+10,1.8693E+10,1.87109E+10,1.87287E+10,1.87465E+10,1.87642E+10,1.87819E+10,1.87995E+10,1.88171E+10,1.88346E+10,1.88521E+10,1.88695E+10,1.88869E+10,1.89042E+10,1.89214E+10,1.89386E+10,1.89558E+10,1.89729E+10,1.899E+10,1.9007E+10,1.9024E+10,1.90409E+10,1.90578E+10,1.90746E+10,1.90914E+10,1.91081E+10,1.91248E+10,1.91415E+10,1.91581E+10,1.91746E+10,1.91911E+10,1.92076E+10,1.9224E+10,1.92404E+10,1.92567E+10,1.9273E+10,1.92892E+10,1.93054E+10,1.93216E+10,1.93377E+10,1.93537E+10,1.93698E+10,1.93857E+10,1.94017E+10,1.94176E+10,1.94335E+10,1.94493E+10,1.94651E+10,1.94809E+10,1.94966E+10,1.95123E+10,1.95279E+10,1.95436E+10,1.95592E+10,1.95747E+10,1.95902E+10,1.96057E+10,1.96212E+10,1.96366E+10,1.9652E+10,1.96674E+10,1.96828E+10,1.96981E+10,1.97134E+10,1.97286E+10
"Cost of GDP Cumulative[Missouri]",0,0,0,0,0,0,0,0,0,0,0,0,0,0,0,0,0,0,0,0,0,1.05152E-41,2.44532E-41,4.17738E-41,1.51207E-40,5.89553E-40,1.19784E-39,1.80795E-39,3.19682E-05,0.00383275,0.0373251,0.171775,0.543132,1.36997,2.97235,5.79353,10.4264,17.6473,28.4618,44.1732,66.4927,97.7076,140.901,200.198,281.628,399.398,571.754,840.45,1267.72,1904.65,2793.65,3999.44,5605.13,7696.59,10364.9,13708.5,17836.5,22879.5,29031.4,36528.8,45638.3,56671.6,70011.7,86138.7,105654,129311,158050,193043,235735,287945,352024,434364,542826,682724,859974,1.08223E+06,1.35902E+06,1.70733E+06,2.15063E+06,2.71376E+06,3.43723E+06,4.36447E+06,5.53686E+06,7.01143E+06,8.83691E+06,1.10499E+07,1.36808E+07,1.67657E+07,2.03749E+07,2.45754E+07,2.94199E+07,3.50376E+07,4.15812E+07,4.91647E+07,5.7857E+07,6.76944E+07,7.86946E+07,9.08617E+07,1.04194E+08,1.18687E+08,1.34336E+08,1.51142E+08,1.69104E+08,1.88213E+08,2.08455E+08,2.29811E+08,2.5226E+08,2.75775E+08,3.00328E+08,3.2589E+08,3.52421E+08,3.79877E+08,4.08218E+08,4.37424E+08,4.6752E+08,4.9883E+08,5.3178E+08,5.66562E+08,6.03269E+08,6.41952E+08,6.82625E+08,7.25283E+08,7.70003E+08,8.16945E+08,8.66191E+08,9.1777E+08,9.7167E+08,1.02786E+09,1.08629E+09,1.14692E+09,1.20971E+09,1.27467E+09,1.34177E+09,1.411E+09,1.48232E+09,1.55567E+09,1.631E+09,1.70822E+09,1.78726E+09,1.86803E+09,1.95046E+09,2.03446E+09,2.11994E+09,2.20683E+09,2.29504E+09,2.38448E+09,2.47508E+09,2.56673E+09,2.65937E+09,2.75291E+09,2.84726E+09,2.94234E+09,3.03807E+09,3.13437E+09,3.23114E+09,3.32832E+09,3.42581E+09,3.52354E+09,3.62143E+09,3.7194E+09,3.81738E+09,3.91531E+09,4.01311E+09,4.11072E+09,4.20807E+09,4.30512E+09,4.40181E+09,4.49809E+09,4.59392E+09,4.68927E+09,4.78411E+09,4.87846E+09,4.97235E+09,5.06584E+09,5.15896E+09,5.25177E+09,5.34426E+09,5.43646E+09,5.52834E+09,5.61992E+09,5.71116E+09,5.80206E+09,5.89259E+09,5.98272E+09,6.07243E+09,6.16168E+09,6.25043E+09,6.33866E+09,6.42633E+09,6.51342E+09,6.59996E+09,6.68593E+09,6.77134E+09,6.85619E+09,6.9405E+09,7.02426E+09,7.10747E+09,7.19015E+09,7.27228E+09,7.35389E+09,7.43496E+09,7.51551E+09,7.59554E+09,7.67505E+09,7.75404E+09,7.83253E+09,7.9105E+09,7.98796E+09,8.06492E+09,8.14138E+09,8.21734E+09,8.2928E+09,8.36778E+09,8.44226E+09,8.51627E+09,8.58978E+09,8.66283E+09,8.73539E+09,8.80748E+09,8.87911E+09,8.95027E+09,9.02097E+09,9.09121E+09,9.16099E+09,9.23033E+09,9.29921E+09,9.36765E+09,9.43564E+09,9.5032E+09,9.57032E+09,9.63702E+09,9.70328E+09,9.76912E+09,9.83453E+09,9.89954E+09,9.96413E+09,1.00283E+10,1.00921E+10,1.01555E+10,1.02185E+10,1.02811E+10,1.03433E+10,1.04051E+10,1.04665E+10,1.05276E+10,1.05883E+10,1.06486E+10,1.07085E+10,1.07681E+10,1.08273E+10,1.08862E+10,1.09447E+10,1.10028E+10,1.10606E+10,1.11181E+10,1.11752E+10,1.12319E+10,1.12884E+10,1.13445E+10,1.14002E+10,1.14557E+10,1.15108E+10,1.15656E+10,1.16201E+10,1.16743E+10,1.17282E+10,1.17817E+10,1.1835E+10,1.1888E+10,1.19406E+10,1.1993E+10,1.20451E+10,1.20969E+10,1.21484E+10,1.21997E+10,1.22507E+10,1.23014E+10,1.23519E+10,1.24021E+10,1.2452E+10,1.25017E+10,1.25511E+10,1.26002E+10,1.26491E+10,1.26978E+10,1.27462E+10,1.27944E+10,1.28423E+10,1.289E+10,1.29374E+10,1.29846E+10,1.30316E+10,1.30783E+10,1.31248E+10,1.31711E+10,1.32171E+10,1.32629E+10,1.33085E+10,1.33538E+10,1.3399E+10,1.34439E+10,1.34885E+10,1.3533E+10,1.35772E+10,1.36212E+10,1.3665E+10,1.37086E+10,1.3752E+10,1.37951E+10,1.38381E+10,1.38808E+10,1.39233E+10,1.39656E+10,1.40077E+10,1.40496E+10,1.40913E+10,1.41327E+10,1.4174E+10,1.42151E+10,1.42559E+10,1.42966E+10,1.4337E+10,1.43773E+10,1.44173E+10,1.44572E+10,1.44968E+10,1.45363E+10,1.45755E+10,1.46146E+10,1.46534E+10,1.46921E+10,1.47306E+10,1.47689E+10,1.4807E+10,1.48449E+10,1.48826E+10,1.49202E+10,1.49575E+10,1.49947E+10,1.50317E+10,1.50685E+10,1.51052E+10,1.51417E+10,1.5178E+10,1.52141E+10,1.525E+10,1.52858E+10,1.53214E+10,1.53569E+10,1.53922E+10,1.54273E+10,1.54623E+10,1.54972E+10,1.55318E+10,1.55664E+10,1.56007E+10,1.5635E+10,1.56691E+10,1.5703E+10,1.57368E+10,1.57705E+10,1.58041E+10,1.58375E+10,1.58708E+10,1.5904E+10,1.59371E+10,1.597E+10,1.60029E+10,1.60357E+10,1.60683E+10,1.61009E+10,1.61334E+10,1.61658E+10,1.61982E+10,1.62307E+10,1.62632E+10,1.6296E+10,1.6329E+10,1.63622E+10,1.63958E+10,1.64297E+10,1.64641E+10,1.64989E+10,1.65343E+10,1.65702E+10,1.66069E+10,1.66441E+10,1.66821E+10,1.67208E+10,1.67601E+10,1.68001E+10,1.68407E+10,1.68821E+10,1.69241E+10,1.69667E+10,1.70101E+10,1.70541E+10,1.70987E+10,1.71439E+10,1.71898E+10,1.72362E+10,1.72831E+10,1.73306E+10,1.73784E+10,1.74267E+10,1.74754E+10,1.75244E+10,1.75738E+10,1.76234E+10,1.76734E+10,1.77236E+10,1.7774E+10,1.78248E+10,1.78759E+10,1.79272E+10,1.79788E+10,1.80307E+10,1.80828E+10,1.8135E+10,1.81875E+10,1.82401E+10,1.8293E+10,1.8346E+10,1.83992E+10,1.84525E+10,1.85059E+10,1.85595E+10,1.86131E+10,1.86669E+10,1.87207E+10,1.87747E+10,1.88288E+10,1.8883E+10,1.89373E+10,1.89916E+10,1.90461E+10,1.91006E+10,1.91552E+10,1.92098E+10,1.92644E+10,1.9319E+10,1.93735E+10,1.94281E+10,1.94825E+10,1.95368E+10,1.95909E+10,1.96448E+10,1.96985E+10,1.97519E+10,1.9805E+10,1.98578E+10,1.99104E+10,1.99627E+10,2.00147E+10,2.00665E+10,2.0118E+10,2.01692E+10,2.02201E+10,2.02708E+10,2.03212E+10,2.03713E+10,2.04211E+10,2.04707E+10,2.052E+10,2.05691E+10,2.06179E+10,2.06664E+10,2.07147E+10,2.07627E+10,2.08104E+10,2.08579E+10,2.09051E+10,2.09521E+10,2.09988E+10,2.10453E+10,2.10915E+10,2.11374E+10,2.11831E+10,2.12286E+10,2.12738E+10,2.13188E+10,2.13635E+10,2.1408E+10,2.14523E+10,2.14963E+10,2.15401E+10,2.15837E+10,2.1627E+10,2.16701E+10,2.1713E+10,2.17556E+10,2.1798E+10,2.18402E+10,2.18822E+10,2.19239E+10,2.19655E+10,2.20068E+10,2.20479E+10,2.20888E+10,2.21294E+10,2.21699E+10,2.22101E+10,2.22501E+10,2.229E+10,2.23296E+10,2.2369E+10,2.24082E+10,2.24471E+10,2.24859E+10,2.25245E+10,2.25629E+10,2.26011E+10,2.2639E+10,2.26768E+10,2.27144E+10,2.27518E+10,2.2789E+10,2.2826E+10,2.28628E+10,2.28994E+10,2.29358E+10,2.2972E+10,2.30081E+10,2.3044E+10,2.30796E+10,2.31151E+10,2.31505E+10,2.31856E+10,2.32206E+10,2.32554E+10,2.329E+10,2.33244E+10,2.33587E+10,2.33928E+10,2.34267E+10,2.34605E+10,2.34941E+10,2.35275E+10,2.35608E+10,2.35939E+10,2.36268E+10,2.36596E+10,2.36922E+10,2.37247E+10,2.3757E+10,2.37892E+10,2.38212E+10,2.38531E+10,2.38848E+10,2.39164E+10,2.39478E+10,2.39791E+10,2.40103E+10,2.40413E+10,2.40722E+10,2.41029E+10,2.41336E+10,2.4164E+10,2.41944E+10,2.42246E+10,2.42547E+10,2.42847E+10,2.43146E+10,2.43443E+10,2.43739E+10,2.44034E+10,2.44328E+10,2.44621E+10,2.44912E+10,2.45203E+10,2.45492E+10,2.4578E+10,2.46067E+10,2.46353E+10,2.46638E+10,2.46922E+10,2.47205E+10,2.47486E+10,2.47767E+10,2.48047E+10,2.48325E+10,2.48603E+10,2.48879E+10,2.49155E+10,2.49429E+10,2.49702E+10,2.49974E+10,2.50245E+10,2.50516E+10,2.50785E+10,2.51053E+10,2.5132E+10,2.51587E+10,2.51854E+10,2.5212E+10,2.52386E+10,2.52653E+10,2.52921E+10,2.53189E+10,2.5346E+10,2.53731E+10,2.54005E+10,2.54281E+10,2.5456E+10,2.5484E+10,2.55123E+10,2.55408E+10,2.55696E+10,2.55985E+10,2.56275E+10,2.56568E+10,2.56862E+10,2.57157E+10,2.57454E+10,2.57752E+10,2.58052E+10,2.58353E+10,2.58656E+10,2.5896E+10,2.59265E+10,2.59572E+10,2.5988E+10,2.60191E+10,2.60502E+10,2.60816E+10,2.61133E+10,2.61452E+10,2.61776E+10,2.62105E+10,2.62439E+10,2.6278E+10,2.63127E+10,2.63481E+10,2.63843E+10,2.64214E+10,2.64594E+10,2.64984E+10,2.65384E+10,2.65796E+10,2.66218E+10,2.66652E+10,2.67099E+10,2.67557E+10,2.68028E+10,2.68511E+10,2.69007E+10,2.69517E+10,2.70039E+10,2.70575E+10,2.71124E+10,2.71686E+10,2.72262E+10,2.7285E+10,2.73452E+10,2.74066E+10,2.74693E+10,2.75332E+10,2.75983E+10,2.76644E+10,2.77316E+10,2.77998E+10,2.78688E+10,2.79387E+10,2.80093E+10,2.80807E+10,2.81527E+10,2.82252E+10,2.82984E+10,2.8372E+10,2.8446E+10,2.85204E+10,2.85951E+10,2.86702E+10,2.87455E+10,2.8821E+10,2.88966E+10,2.89724E+10,2.90483E+10,2.91243E+10,2.92004E+10,2.92765E+10,2.93526E+10,2.94287E+10,2.95048E+10,2.95808E+10,2.96568E+10,2.97328E+10,2.98088E+10,2.98847E+10,2.99606E+10,3.00365E+10,3.01123E+10,3.01881E+10,3.02638E+10,3.03393E+10,3.04148E+10,3.049E+10,3.05652E+10,3.06401E+10,3.07147E+10,3.07892E+10,3.08633E+10,3.09371E+10,3.10105E+10,3.10835E+10,3.11562E+10,3.12284E+10,3.13002E+10,3.13715E+10,3.14425E+10,3.1513E+10,3.15831E+10,3.16528E+10,3.17221E+10,3.1791E+10,3.18595E+10,3.19276E+10,3.19953E+10,3.20626E+10,3.21295E+10,3.21961E+10,3.22625E+10,3.23286E+10,3.23946E+10,3.24604E+10,3.2526E+10,3.25916E+10,3.2657E+10,3.27223E+10,3.27875E+10,3.28527E+10,3.29179E+10,3.29831E+10,3.30484E+10,3.31137E+10,3.31792E+10,3.32447E+10,3.33103E+10,3.3376E+10,3.34418E+10,3.35077E+10,3.35737E+10,3.36399E+10,3.37062E+10,3.37727E+10,3.38393E+10,3.39061E+10,3.39732E+10,3.40404E+10,3.41079E+10,3.41755E+10,3.42433E+10,3.43112E+10,3.43792E+10,3.44474E+10,3.45156E+10,3.45839E+10,3.46523E+10,3.47207E+10,3.47891E+10,3.48576E+10,3.49261E+10,3.49947E+10,3.50633E+10,3.51319E+10,3.52006E+10,3.52693E+10,3.5338E+10,3.54068E+10,3.54757E+10,3.55447E+10,3.56137E+10,3.56829E+10,3.57521E+10,3.58215E+10,3.58909E+10,3.59603E+10,3.60299E+10,3.60996E+10,3.61694E+10,3.62395E+10,3.63097E+10,3.63801E+10,3.64507E+10,3.65215E+10,3.65924E+10,3.66635E+10,3.67348E+10,3.68061E+10,3.68776E+10,3.69491E+10,3.70207E+10,3.70924E+10,3.71641E+10,3.72359E+10,3.73077E+10,3.73795E+10,3.74514E+10,3.75232E+10,3.75951E+10,3.7667E+10,3.77389E+10,3.78107E+10,3.78826E+10,3.79544E+10,3.80261E+10,3.80978E+10,3.81694E+10,3.8241E+10,3.83125E+10,3.83839E+10,3.84553E+10,3.85266E+10,3.85978E+10,3.86689E+10,3.874E+10,3.8811E+10,3.8882E+10,3.8953E+10,3.90239E+10,3.90948E+10,3.91657E+10,3.92364E+10,3.93071E+10,3.93776E+10,3.9448E+10,3.95182E+10,3.95882E+10,3.96581E+10,3.97277E+10,3.97971E+10,3.98662E+10,3.99351E+10,4.00037E+10,4.00721E+10,4.01401E+10,4.02079E+10,4.02753E+10,4.03425E+10,4.04094E+10,4.04759E+10,4.05421E+10,4.0608E+10,4.06736E+10,4.07389E+10,4.08039E+10,4.08686E+10,4.09329E+10,4.0997E+10,4.10608E+10,4.11243E+10,4.11875E+10,4.12504E+10,4.1313E+10,4.13753E+10,4.14373E+10,4.14991E+10,4.15606E+10,4.16218E+10,4.16827E+10,4.17434E+10,4.18038E+10,4.18639E+10,4.19238E+10,4.19834E+10,4.20427E+10,4.21018E+10,4.21607E+10,4.22193E+10,4.22776E+10,4.23357E+10,4.23936E+10,4.24512E+10,4.25086E+10,4.25657E+10,4.26226E+10,4.26793E+10,4.27358E+10,4.2792E+10,4.28481E+10,4.29039E+10,4.29594E+10,4.30148E+10,4.307E+10,4.31249E+10,4.31796E+10,4.32342E+10,4.32885E+10,4.33426E+10,4.33965E+10,4.34503E+10,4.35038E+10,4.35571E+10,4.36103E+10,4.36633E+10,4.3716E+10,4.37686E+10,4.3821E+10,4.38733E+10,4.39253E+10,4.39772E+10,4.4029E+10,4.40805E+10,4.41319E+10,4.41832E+10,4.42343E+10,4.42853E+10,4.43363E+10,4.43871E+10,4.44379E+10,4.44886E+10,4.45394E+10,4.45901E+10,4.46408E+10,4.46916E+10,4.47424E+10,4.47932E+10,4.4844E+10,4.48948E+10,4.49457E+10,4.49966E+10,4.50475E+10,4.50985E+10,4.51495E+10,4.52006E+10,4.52518E+10,4.53032E+10,4.53546E+10,4.54063E+10,4.54581E+10,4.55102E+10,4.55624E+10,4.56149E+10,4.56677E+10,4.57206E+10,4.57739E+10,4.58273E+10,4.5881E+10,4.59348E+10,4.59889E+10,4.6043E+10,4.60973E+10,4.61517E+10,4.62062E+10,4.62608E+10,4.63154E+10,4.63699E+10,4.64244E+10,4.64788E+10,4.6533E+10,4.6587E+10,4.66408E+10,4.66944E+10,4.67478E+10,4.68009E+10,4.68538E+10,4.69065E+10,4.6959E+10,4.70112E+10,4.70633E+10,4.71151E+10,4.71668E+10,4.72182E+10,4.72694E+10,4.73205E+10,4.73713E+10,4.7422E+10,4.74724E+10,4.75227E+10,4.75728E+10,4.76227E+10,4.76725E+10,4.77221E+10,4.77715E+10,4.78208E+10,4.787E+10,4.79189E+10,4.79678E+10,4.80165E+10,4.80651E+10,4.81136E+10,4.81619E+10,4.82101E+10,4.82582E+10,4.83062E+10,4.83541E+10,4.84019E+10,4.84496E+10,4.84972E+10,4.85448E+10,4.85922E+10,4.86396E+10,4.86869E+10,4.87341E+10,4.87812E+10,4.88283E+10,4.88753E+10,4.89223E+10,4.89692E+10,4.9016E+10,4.90628E+10,4.91095E+10,4.91562E+10,4.92028E+10,4.92494E+10,4.92959E+10,4.93423E+10,4.93887E+10,4.9435E+10,4.94813E+10,4.95275E+10,4.95736E+10,4.96197E+10,4.96657E+10,4.97116E+10,4.97575E+10,4.98033E+10,4.9849E+10,4.98946E+10,4.99401E+10,4.99856E+10,5.00309E+10,5.00762E+10,5.01214E+10,5.01664E+10,5.02114E+10,5.02562E+10,5.0301E+10,5.03456E+10,5.03901E+10,5.04346E+10,5.04788E+10,5.0523E+10,5.0567E+10,5.0611E+10,5.06547E+10,5.06984E+10,5.07419E+10,5.07853E+10,5.08286E+10,5.08717E+10,5.09147E+10,5.09575E+10,5.10002E+10,5.10428E+10,5.10852E+10,5.11274E+10,5.11696E+10,5.12115E+10,5.12534E+10,5.1295E+10,5.13366E+10,5.1378E+10,5.14192E+10,5.14603E+10,5.15013E+10,5.15421E+10,5.15828E+10,5.16233E+10,5.16637E+10,5.17039E+10,5.1744E+10,5.1784E+10,5.18238E+10,5.18635E+10,5.19031E+10,5.19425E+10,5.19818E+10,5.2021E+10,5.206E+10,5.20989E+10
"Cost of GDP Cumulative[Montana]",0,0,0,0,0,0,0,0,0,0,0,0,0,0,0,0,0,0,0,0,0,1.69094E-42,3.93228E-42,6.71754E-42,2.43141E-41,9.47973E-41,1.92605E-40,2.90707E-40,3.9677E-40,5.14511E-40,7.12705E-40,9.7735E-40,1.24022E-39,1.70243E-39,2.28107E-39,2.85875E-39,3.29081E-06,0.000130449,0.00143603,0.00921318,0.0414575,0.143841,0.407567,0.9851,2.19807,5.51023,12.821,29.549,64.0899,122.665,209.635,332.358,500.417,722.906,1008.58,1365.79,1802.59,2327.82,2957.12,3708.89,4601.27,5653.5,6888.44,8334.73,10028.5,12015.9,14357.5,17135.6,20466.4,24529.4,29622.5,36780.1,47450.9,62972.9,85203.6,116769,161019,222703,307503,420936,570477,763442,1.00619E+06,1.30698E+06,1.67223E+06,2.10591E+06,2.61065E+06,3.18961E+06,3.85126E+06,4.60339E+06,5.45136E+06,6.41284E+06,7.50932E+06,8.7562E+06,1.01618E+07,1.17295E+07,1.34598E+07,1.53515E+07,1.74026E+07,1.96109E+07,2.19746E+07,2.4493E+07,2.71654E+07,2.99899E+07,3.29643E+07,3.60856E+07,3.93505E+07,4.27555E+07,4.62964E+07,4.99692E+07,5.37696E+07,5.76938E+07,6.17382E+07,6.59016E+07,7.01895E+07,7.4655E+07,7.93682E+07,8.43609E+07,8.96494E+07,9.52426E+07,1.01144E+08,1.07354E+08,1.13886E+08,1.20766E+08,1.2801E+08,1.35621E+08,1.43599E+08,1.5194E+08,1.60637E+08,1.69682E+08,1.79072E+08,1.88806E+08,1.98882E+08,2.09297E+08,2.20046E+08,2.3112E+08,2.42509E+08,2.54201E+08,2.66184E+08,2.78445E+08,2.90971E+08,3.03748E+08,3.16764E+08,3.30005E+08,3.43458E+08,3.5711E+08,3.70947E+08,3.84956E+08,3.99122E+08,4.13434E+08,4.27876E+08,4.42437E+08,4.57103E+08,4.7186E+08,4.86696E+08,5.01597E+08,5.16549E+08,5.31541E+08,5.4656E+08,5.61594E+08,5.76631E+08,5.9166E+08,6.0667E+08,6.21651E+08,6.36592E+08,6.51486E+08,6.66324E+08,6.81097E+08,6.95799E+08,7.10426E+08,7.24973E+08,7.39443E+08,7.53841E+08,7.68175E+08,7.82454E+08,7.96683E+08,8.10864E+08,8.24998E+08,8.39086E+08,8.53125E+08,8.67113E+08,8.81048E+08,8.94925E+08,9.08741E+08,9.22491E+08,9.36169E+08,9.4977E+08,9.63289E+08,9.7672E+08,9.90062E+08,1.00332E+09,1.01648E+09,1.02956E+09,1.04255E+09,1.05546E+09,1.06828E+09,1.08101E+09,1.09366E+09,1.10623E+09,1.11872E+09,1.13112E+09,1.14344E+09,1.15568E+09,1.16784E+09,1.17991E+09,1.19191E+09,1.20383E+09,1.21568E+09,1.22744E+09,1.23913E+09,1.25075E+09,1.26228E+09,1.27375E+09,1.28513E+09,1.29645E+09,1.30769E+09,1.31886E+09,1.32996E+09,1.34099E+09,1.35195E+09,1.36284E+09,1.37366E+09,1.38441E+09,1.3951E+09,1.40572E+09,1.41627E+09,1.42676E+09,1.43718E+09,1.44755E+09,1.45784E+09,1.46808E+09,1.47826E+09,1.48837E+09,1.49842E+09,1.50841E+09,1.51835E+09,1.52822E+09,1.53803E+09,1.54778E+09,1.55748E+09,1.56712E+09,1.57669E+09,1.58621E+09,1.59568E+09,1.60508E+09,1.61443E+09,1.62372E+09,1.63296E+09,1.64213E+09,1.65126E+09,1.66032E+09,1.66933E+09,1.67829E+09,1.68719E+09,1.69604E+09,1.70483E+09,1.71357E+09,1.72226E+09,1.73089E+09,1.73948E+09,1.74801E+09,1.75649E+09,1.76492E+09,1.7733E+09,1.78163E+09,1.78991E+09,1.79815E+09,1.80633E+09,1.81447E+09,1.82256E+09,1.8306E+09,1.8386E+09,1.84655E+09,1.85445E+09,1.86231E+09,1.87012E+09,1.87789E+09,1.88561E+09,1.89329E+09,1.90093E+09,1.90852E+09,1.91607E+09,1.92357E+09,1.93104E+09,1.93846E+09,1.94583E+09,1.95317E+09,1.96046E+09,1.96772E+09,1.97493E+09,1.9821E+09,1.98923E+09,1.99632E+09,2.00337E+09,2.01038E+09,2.01734E+09,2.02427E+09,2.03116E+09,2.03802E+09,2.04483E+09,2.0516E+09,2.05834E+09,2.06504E+09,2.0717E+09,2.07833E+09,2.08492E+09,2.09147E+09,2.09798E+09,2.10447E+09,2.11091E+09,2.11733E+09,2.12371E+09,2.13005E+09,2.13637E+09,2.14265E+09,2.1489E+09,2.15512E+09,2.16131E+09,2.16747E+09,2.1736E+09,2.1797E+09,2.18577E+09,2.19182E+09,2.19784E+09,2.20384E+09,2.2098E+09,2.21575E+09,2.22167E+09,2.22757E+09,2.23345E+09,2.2393E+09,2.24514E+09,2.25095E+09,2.25675E+09,2.26252E+09,2.26827E+09,2.27401E+09,2.27972E+09,2.28542E+09,2.2911E+09,2.29676E+09,2.3024E+09,2.30802E+09,2.31362E+09,2.31921E+09,2.32477E+09,2.33032E+09,2.33584E+09,2.34135E+09,2.34683E+09,2.3523E+09,2.35775E+09,2.36318E+09,2.36859E+09,2.37398E+09,2.37935E+09,2.38471E+09,2.39004E+09,2.39536E+09,2.40066E+09,2.40595E+09,2.41122E+09,2.41647E+09,2.42171E+09,2.42693E+09,2.43215E+09,2.43735E+09,2.44253E+09,2.44771E+09,2.45287E+09,2.45803E+09,2.46317E+09,2.46832E+09,2.47346E+09,2.47863E+09,2.48381E+09,2.48903E+09,2.49429E+09,2.4996E+09,2.50496E+09,2.51038E+09,2.51587E+09,2.52145E+09,2.52711E+09,2.53286E+09,2.53873E+09,2.5447E+09,2.55079E+09,2.55699E+09,2.56329E+09,2.56971E+09,2.57623E+09,2.58287E+09,2.58961E+09,2.59646E+09,2.60342E+09,2.61048E+09,2.61765E+09,2.62491E+09,2.63227E+09,2.63973E+09,2.64726E+09,2.65488E+09,2.66257E+09,2.67034E+09,2.67816E+09,2.68604E+09,2.69398E+09,2.70197E+09,2.71001E+09,2.7181E+09,2.72624E+09,2.73443E+09,2.74267E+09,2.75096E+09,2.75931E+09,2.7677E+09,2.77614E+09,2.78463E+09,2.79315E+09,2.80172E+09,2.81033E+09,2.81898E+09,2.82767E+09,2.83641E+09,2.84518E+09,2.85399E+09,2.86283E+09,2.87171E+09,2.88062E+09,2.88958E+09,2.89857E+09,2.90761E+09,2.91668E+09,2.92578E+09,2.93492E+09,2.94408E+09,2.95327E+09,2.96249E+09,2.97172E+09,2.98096E+09,2.99022E+09,2.99949E+09,3.00875E+09,3.018E+09,3.02724E+09,3.03646E+09,3.04566E+09,3.05482E+09,3.06395E+09,3.07305E+09,3.08211E+09,3.09114E+09,3.10013E+09,3.10909E+09,3.11802E+09,3.12691E+09,3.13576E+09,3.14458E+09,3.15337E+09,3.16212E+09,3.17084E+09,3.17952E+09,3.18816E+09,3.19678E+09,3.20536E+09,3.2139E+09,3.22242E+09,3.2309E+09,3.23935E+09,3.24777E+09,3.25616E+09,3.26452E+09,3.27285E+09,3.28115E+09,3.28942E+09,3.29766E+09,3.30588E+09,3.31406E+09,3.32222E+09,3.33035E+09,3.33845E+09,3.34653E+09,3.35458E+09,3.3626E+09,3.3706E+09,3.37857E+09,3.38651E+09,3.39442E+09,3.40231E+09,3.41018E+09,3.41801E+09,3.42583E+09,3.43361E+09,3.44137E+09,3.44911E+09,3.45682E+09,3.4645E+09,3.47216E+09,3.47979E+09,3.4874E+09,3.49498E+09,3.50254E+09,3.51007E+09,3.51758E+09,3.52506E+09,3.53252E+09,3.53995E+09,3.54735E+09,3.55473E+09,3.56209E+09,3.56942E+09,3.57672E+09,3.58399E+09,3.59124E+09,3.59847E+09,3.60567E+09,3.61284E+09,3.61999E+09,3.62711E+09,3.63421E+09,3.64128E+09,3.64832E+09,3.65534E+09,3.66233E+09,3.6693E+09,3.67624E+09,3.68316E+09,3.69005E+09,3.69692E+09,3.70376E+09,3.71057E+09,3.71736E+09,3.72413E+09,3.73086E+09,3.73758E+09,3.74426E+09,3.75092E+09,3.75756E+09,3.76417E+09,3.77076E+09,3.77732E+09,3.78386E+09,3.79037E+09,3.79685E+09,3.80332E+09,3.80975E+09,3.81616E+09,3.82255E+09,3.82891E+09,3.83524E+09,3.84156E+09,3.84784E+09,3.8541E+09,3.86034E+09,3.86655E+09,3.87273E+09,3.87889E+09,3.88502E+09,3.89113E+09,3.89722E+09,3.90328E+09,3.90931E+09,3.91533E+09,3.92131E+09,3.92727E+09,3.93321E+09,3.93912E+09,3.94501E+09,3.95087E+09,3.95671E+09,3.96252E+09,3.96831E+09,3.97407E+09,3.97981E+09,3.98553E+09,3.99122E+09,3.99689E+09,4.00254E+09,4.00816E+09,4.01376E+09,4.01934E+09,4.02489E+09,4.03042E+09,4.03593E+09,4.04141E+09,4.04687E+09,4.05231E+09,4.05773E+09,4.06312E+09,4.0685E+09,4.07385E+09,4.07919E+09,4.08452E+09,4.08984E+09,4.09515E+09,4.10046E+09,4.10578E+09,4.11112E+09,4.11647E+09,4.12184E+09,4.12725E+09,4.13268E+09,4.13815E+09,4.14366E+09,4.1492E+09,4.15477E+09,4.16038E+09,4.16602E+09,4.17168E+09,4.17738E+09,4.1831E+09,4.18885E+09,4.19463E+09,4.20045E+09,4.20629E+09,4.21217E+09,4.21808E+09,4.22403E+09,4.23002E+09,4.23604E+09,4.24211E+09,4.24823E+09,4.2544E+09,4.26061E+09,4.26689E+09,4.27324E+09,4.27967E+09,4.28621E+09,4.29286E+09,4.29962E+09,4.30651E+09,4.31352E+09,4.32066E+09,4.32796E+09,4.33541E+09,4.34303E+09,4.35082E+09,4.35879E+09,4.36694E+09,4.37527E+09,4.38379E+09,4.3925E+09,4.40139E+09,4.41049E+09,4.41977E+09,4.42926E+09,4.43894E+09,4.44881E+09,4.45888E+09,4.46914E+09,4.47959E+09,4.49025E+09,4.50109E+09,4.51212E+09,4.52333E+09,4.53472E+09,4.54628E+09,4.558E+09,4.56987E+09,4.58189E+09,4.59403E+09,4.60631E+09,4.6187E+09,4.6312E+09,4.6438E+09,4.65649E+09,4.66927E+09,4.68213E+09,4.69507E+09,4.70807E+09,4.72114E+09,4.73426E+09,4.74744E+09,4.76067E+09,4.77394E+09,4.78726E+09,4.80061E+09,4.814E+09,4.82742E+09,4.84088E+09,4.85436E+09,4.86788E+09,4.88141E+09,4.89497E+09,4.90855E+09,4.92216E+09,4.93579E+09,4.94944E+09,4.96311E+09,4.9768E+09,4.99051E+09,5.00423E+09,5.01795E+09,5.03169E+09,5.04543E+09,5.05916E+09,5.07289E+09,5.08661E+09,5.10033E+09,5.11402E+09,5.1277E+09,5.14134E+09,5.15495E+09,5.16853E+09,5.18206E+09,5.19556E+09,5.20901E+09,5.22241E+09,5.23578E+09,5.24911E+09,5.26239E+09,5.27564E+09,5.28885E+09,5.30202E+09,5.31515E+09,5.32824E+09,5.3413E+09,5.35433E+09,5.36732E+09,5.38029E+09,5.39324E+09,5.4062E+09,5.41915E+09,5.43211E+09,5.44508E+09,5.45805E+09,5.47103E+09,5.48402E+09,5.49702E+09,5.51005E+09,5.52309E+09,5.53617E+09,5.54927E+09,5.56241E+09,5.57557E+09,5.58877E+09,5.602E+09,5.61526E+09,5.62855E+09,5.64187E+09,5.65522E+09,5.66859E+09,5.682E+09,5.69544E+09,5.70892E+09,5.72243E+09,5.73598E+09,5.74956E+09,5.76317E+09,5.77682E+09,5.79048E+09,5.80417E+09,5.81788E+09,5.83159E+09,5.84531E+09,5.85904E+09,5.87277E+09,5.88649E+09,5.90022E+09,5.91393E+09,5.92764E+09,5.94133E+09,5.95502E+09,5.96869E+09,5.98235E+09,5.996E+09,6.00963E+09,6.02324E+09,6.03684E+09,6.05044E+09,6.06402E+09,6.0776E+09,6.09116E+09,6.10471E+09,6.11826E+09,6.13179E+09,6.14531E+09,6.15883E+09,6.17236E+09,6.1859E+09,6.19944E+09,6.213E+09,6.22657E+09,6.24015E+09,6.25374E+09,6.26735E+09,6.28096E+09,6.29457E+09,6.3082E+09,6.32183E+09,6.33546E+09,6.3491E+09,6.36274E+09,6.37638E+09,6.39002E+09,6.40366E+09,6.41731E+09,6.43096E+09,6.44461E+09,6.45826E+09,6.47191E+09,6.48556E+09,6.4992E+09,6.51284E+09,6.52648E+09,6.54011E+09,6.55373E+09,6.56735E+09,6.58097E+09,6.59457E+09,6.60817E+09,6.62176E+09,6.63533E+09,6.6489E+09,6.66246E+09,6.67602E+09,6.68958E+09,6.70314E+09,6.71669E+09,6.73023E+09,6.74377E+09,6.75729E+09,6.7708E+09,6.78428E+09,6.79775E+09,6.81118E+09,6.82458E+09,6.83795E+09,6.85129E+09,6.86458E+09,6.87783E+09,6.89104E+09,6.9042E+09,6.91732E+09,6.93039E+09,6.9434E+09,6.95637E+09,6.96928E+09,6.98214E+09,6.99495E+09,7.0077E+09,7.0204E+09,7.03304E+09,7.04563E+09,7.05816E+09,7.07064E+09,7.08306E+09,7.09543E+09,7.10774E+09,7.12E+09,7.1322E+09,7.14435E+09,7.15645E+09,7.16849E+09,7.18047E+09,7.1924E+09,7.20428E+09,7.21611E+09,7.22788E+09,7.2396E+09,7.25127E+09,7.26288E+09,7.27445E+09,7.28596E+09,7.29742E+09,7.30883E+09,7.32019E+09,7.3315E+09,7.34276E+09,7.35397E+09,7.36513E+09,7.37624E+09,7.38731E+09,7.39832E+09,7.40929E+09,7.4202E+09,7.43107E+09,7.44189E+09,7.45267E+09,7.46339E+09,7.47407E+09,7.4847E+09,7.49529E+09,7.50583E+09,7.51633E+09,7.52678E+09,7.53719E+09,7.54755E+09,7.55787E+09,7.56814E+09,7.57837E+09,7.58856E+09,7.59871E+09,7.60881E+09,7.61887E+09,7.62889E+09,7.63887E+09,7.64882E+09,7.65872E+09,7.66858E+09,7.67841E+09,7.6882E+09,7.69795E+09,7.70766E+09,7.71735E+09,7.72701E+09,7.73664E+09,7.74625E+09,7.75584E+09,7.76541E+09,7.77497E+09,7.78452E+09,7.79406E+09,7.8036E+09,7.81313E+09,7.82266E+09,7.83219E+09,7.84171E+09,7.85122E+09,7.86074E+09,7.87026E+09,7.87977E+09,7.88929E+09,7.89882E+09,7.90837E+09,7.91793E+09,7.92751E+09,7.93711E+09,7.94674E+09,7.95641E+09,7.9661E+09,7.97583E+09,7.9856E+09,7.9954E+09,8.00524E+09,8.01512E+09,8.02504E+09,8.03498E+09,8.04495E+09,8.05495E+09,8.06497E+09,8.07501E+09,8.08507E+09,8.09514E+09,8.10522E+09,8.11529E+09,8.12536E+09,8.13542E+09,8.14545E+09,8.15547E+09,8.16545E+09,8.17541E+09,8.18534E+09,8.19523E+09,8.2051E+09,8.21494E+09,8.22476E+09,8.23455E+09,8.24431E+09,8.25404E+09,8.26374E+09,8.27342E+09,8.28308E+09,8.29271E+09,8.30231E+09,8.31189E+09,8.32144E+09,8.33097E+09,8.34047E+09,8.34995E+09,8.35941E+09,8.36885E+09,8.37826E+09,8.38764E+09,8.397E+09,8.40634E+09,8.41566E+09,8.42496E+09,8.43423E+09,8.44348E+09,8.45271E+09,8.46191E+09,8.47109E+09,8.48025E+09,8.48939E+09,8.4985E+09,8.50759E+09,8.51666E+09,8.5257E+09,8.53471E+09,8.54371E+09,8.55268E+09,8.56162E+09,8.57055E+09,8.57944E+09,8.58832E+09,8.59716E+09,8.60599E+09,8.61479E+09,8.62356E+09,8.63231E+09,8.64104E+09,8.64973E+09,8.65841E+09,8.66706E+09,8.67568E+09,8.68428E+09,8.69285E+09,8.7014E+09,8.70992E+09,8.71841E+09,8.72688E+09,8.73533E+09,8.74375E+09,8.75214E+09,8.76051E+09,8.76885E+09,8.77716E+09,8.78545E+09,8.79372E+09,8.80196E+09,8.81017E+09,8.81836E+09,8.82653E+09,8.83466E+09,8.84278E+09,8.85087E+09,8.85894E+09,8.86698E+09,8.875E+09,8.88299E+09,8.89096E+09,8.89891E+09,8.90683E+09,8.91473E+09,8.92261E+09,8.93046E+09,8.93829E+09,8.9461E+09,8.95389E+09,8.96166E+09,8.9694E+09,8.97712E+09,8.98482E+09,8.99251E+09,9.00017E+09,9.00781E+09,9.01543E+09,9.02303E+09,9.03061E+09,9.03817E+09,9.04571E+09,9.05324E+09,9.06074E+09,9.06823E+09,9.0757E+09,9.08315E+09,9.09059E+09,9.09801E+09,9.10541E+09,9.11279E+09,9.12016E+09,9.12751E+09,9.13485E+09,9.14217E+09,9.14947E+09,9.15676E+09,9.16404E+09,9.1713E+09,9.17854E+09
"Cost of GDP Cumulative[Nebraska]",0,0,0,0,0,0,0,0,0,0,0,0,0,0,0,0,0,0,0,0,0,4.29575E-42,0.00174833,0.0382391,0.248717,0.97098,2.85787,7.04175,15.3825,30.8522,58.141,104.618,181.877,308.213,512.556,840.654,1364.75,2198.39,3516.83,5581.93,8769.2,13594,20729.8,31001.2,45345.1,64750,90187,122563,162685,211239,268783,335772,412569,499450,596625,704247,822429,951253,1.09079E+06,1.2411E+06,1.40222E+06,1.57418E+06,1.75701E+06,1.95075E+06,2.15547E+06,2.37123E+06,2.59816E+06,2.83638E+06,3.08605E+06,3.34734E+06,3.62053E+06,3.90736E+06,4.20993E+06,4.52908E+06,4.86557E+06,5.22053E+06,5.59544E+06,5.99438E+06,6.4236E+06,6.88948E+06,7.40432E+06,7.98115E+06,8.63176E+06,9.37398E+06,1.02219E+07,1.11844E+07,1.22677E+07,1.34801E+07,1.4844E+07,1.63804E+07,1.81047E+07,2.00639E+07,2.23148E+07,2.48991E+07,2.78405E+07,3.115E+07,3.48315E+07,3.88844E+07,4.33061E+07,4.80936E+07,5.32443E+07,5.87593E+07,6.46384E+07,7.08795E+07,7.74787E+07,8.44305E+07,9.17285E+07,9.93654E+07,1.07333E+08,1.15621E+08,1.24222E+08,1.33127E+08,1.42327E+08,1.5182E+08,1.61623E+08,1.71875E+08,1.82755E+08,1.94348E+08,2.06696E+08,2.19822E+08,2.33739E+08,2.48445E+08,2.63977E+08,2.80403E+08,2.9776E+08,3.16063E+08,3.35308E+08,3.55485E+08,3.76577E+08,3.98563E+08,4.21437E+08,4.45197E+08,4.69836E+08,4.95348E+08,5.2172E+08,5.4893E+08,5.76951E+08,6.05755E+08,6.35311E+08,6.65585E+08,6.96546E+08,7.2816E+08,7.60395E+08,7.93218E+08,8.26595E+08,8.60494E+08,8.94879E+08,9.29718E+08,9.64976E+08,1.00062E+09,1.03662E+09,1.07293E+09,1.10953E+09,1.14638E+09,1.18345E+09,1.22071E+09,1.25811E+09,1.29564E+09,1.33325E+09,1.37091E+09,1.4086E+09,1.44629E+09,1.48395E+09,1.52155E+09,1.55907E+09,1.59648E+09,1.63377E+09,1.67091E+09,1.70789E+09,1.74468E+09,1.78129E+09,1.81772E+09,1.85398E+09,1.89009E+09,1.92608E+09,1.96195E+09,1.99772E+09,2.03338E+09,2.06893E+09,2.10438E+09,2.13971E+09,2.17492E+09,2.21E+09,2.24493E+09,2.27971E+09,2.31432E+09,2.34874E+09,2.38297E+09,2.41699E+09,2.45079E+09,2.48438E+09,2.51776E+09,2.55093E+09,2.58389E+09,2.61664E+09,2.64918E+09,2.68152E+09,2.71365E+09,2.74559E+09,2.77731E+09,2.80884E+09,2.84018E+09,2.87131E+09,2.90225E+09,2.93299E+09,2.96354E+09,2.9939E+09,3.02406E+09,3.05404E+09,3.08383E+09,3.11344E+09,3.14285E+09,3.17209E+09,3.20114E+09,3.23001E+09,3.25869E+09,3.2872E+09,3.31553E+09,3.34369E+09,3.37167E+09,3.39947E+09,3.42711E+09,3.45457E+09,3.48186E+09,3.50898E+09,3.53593E+09,3.56272E+09,3.58934E+09,3.6158E+09,3.64209E+09,3.66823E+09,3.6942E+09,3.72001E+09,3.74567E+09,3.77117E+09,3.79652E+09,3.82171E+09,3.84675E+09,3.87163E+09,3.89637E+09,3.92095E+09,3.94539E+09,3.96968E+09,3.99383E+09,4.01783E+09,4.04169E+09,4.0654E+09,4.08898E+09,4.11243E+09,4.13573E+09,4.1589E+09,4.18194E+09,4.20484E+09,4.22761E+09,4.25025E+09,4.27276E+09,4.29515E+09,4.3174E+09,4.33954E+09,4.36154E+09,4.38342E+09,4.40518E+09,4.42682E+09,4.44833E+09,4.46973E+09,4.491E+09,4.51216E+09,4.5332E+09,4.55413E+09,4.57493E+09,4.59562E+09,4.6162E+09,4.63666E+09,4.65701E+09,4.67724E+09,4.69737E+09,4.71738E+09,4.73727E+09,4.75706E+09,4.77674E+09,4.7963E+09,4.81576E+09,4.83511E+09,4.85435E+09,4.87348E+09,4.8925E+09,4.91141E+09,4.93022E+09,4.94892E+09,4.96752E+09,4.98601E+09,5.0044E+09,5.02268E+09,5.04086E+09,5.05894E+09,5.07692E+09,5.09479E+09,5.11256E+09,5.13024E+09,5.14781E+09,5.16528E+09,5.18266E+09,5.19994E+09,5.21712E+09,5.2342E+09,5.25119E+09,5.26808E+09,5.28488E+09,5.30159E+09,5.3182E+09,5.33473E+09,5.35116E+09,5.3675E+09,5.38375E+09,5.39992E+09,5.41599E+09,5.43198E+09,5.44788E+09,5.46369E+09,5.47941E+09,5.49505E+09,5.51061E+09,5.52608E+09,5.54147E+09,5.55677E+09,5.57199E+09,5.58714E+09,5.6022E+09,5.61718E+09,5.63209E+09,5.64692E+09,5.66167E+09,5.67634E+09,5.69095E+09,5.70547E+09,5.71993E+09,5.73431E+09,5.74862E+09,5.76286E+09,5.77704E+09,5.79115E+09,5.80519E+09,5.81917E+09,5.83308E+09,5.84693E+09,5.86072E+09,5.87445E+09,5.88813E+09,5.90174E+09,5.9153E+09,5.9288E+09,5.94224E+09,5.95563E+09,5.96897E+09,5.98226E+09,5.99549E+09,6.00868E+09,6.02182E+09,6.0349E+09,6.04794E+09,6.06094E+09,6.07389E+09,6.08679E+09,6.09965E+09,6.11247E+09,6.12524E+09,6.13797E+09,6.15067E+09,6.16332E+09,6.17593E+09,6.18851E+09,6.20105E+09,6.21356E+09,6.22608E+09,6.23862E+09,6.2512E+09,6.26385E+09,6.27659E+09,6.28943E+09,6.3024E+09,6.31551E+09,6.32878E+09,6.34225E+09,6.35593E+09,6.36985E+09,6.38402E+09,6.39848E+09,6.4132E+09,6.4282E+09,6.44347E+09,6.45901E+09,6.47481E+09,6.49088E+09,6.50723E+09,6.52384E+09,6.54072E+09,6.55787E+09,6.57528E+09,6.59294E+09,6.61084E+09,6.62898E+09,6.64733E+09,6.66588E+09,6.68462E+09,6.70353E+09,6.7226E+09,6.74181E+09,6.76116E+09,6.78063E+09,6.80022E+09,6.81993E+09,6.83976E+09,6.85971E+09,6.87978E+09,6.89998E+09,6.92029E+09,6.94072E+09,6.96124E+09,6.98185E+09,7.00255E+09,7.02333E+09,7.0442E+09,7.06515E+09,7.08618E+09,7.10727E+09,7.12843E+09,7.14963E+09,7.17089E+09,7.1922E+09,7.21356E+09,7.23498E+09,7.25646E+09,7.27799E+09,7.29957E+09,7.3212E+09,7.34287E+09,7.36457E+09,7.3863E+09,7.40805E+09,7.42982E+09,7.4516E+09,7.47338E+09,7.49516E+09,7.51691E+09,7.53863E+09,7.56028E+09,7.58187E+09,7.60338E+09,7.6248E+09,7.64611E+09,7.66733E+09,7.68844E+09,7.70946E+09,7.73038E+09,7.75121E+09,7.77194E+09,7.79257E+09,7.8131E+09,7.83354E+09,7.85388E+09,7.87413E+09,7.89427E+09,7.91433E+09,7.93428E+09,7.95415E+09,7.97391E+09,7.99358E+09,8.01316E+09,8.03264E+09,8.05202E+09,8.07131E+09,8.09051E+09,8.10961E+09,8.12862E+09,8.14754E+09,8.16636E+09,8.1851E+09,8.20374E+09,8.22229E+09,8.24075E+09,8.25911E+09,8.27739E+09,8.29558E+09,8.31368E+09,8.33168E+09,8.3496E+09,8.36743E+09,8.38517E+09,8.40282E+09,8.42039E+09,8.43786E+09,8.45525E+09,8.47255E+09,8.48976E+09,8.50688E+09,8.52392E+09,8.54087E+09,8.55774E+09,8.57452E+09,8.59122E+09,8.60783E+09,8.62435E+09,8.6408E+09,8.65716E+09,8.67343E+09,8.68963E+09,8.70574E+09,8.72177E+09,8.73772E+09,8.75359E+09,8.76938E+09,8.78508E+09,8.80071E+09,8.81625E+09,8.83172E+09,8.8471E+09,8.86241E+09,8.87763E+09,8.89278E+09,8.90785E+09,8.92285E+09,8.93776E+09,8.9526E+09,8.96736E+09,8.98205E+09,8.99666E+09,9.0112E+09,9.02566E+09,9.04004E+09,9.05435E+09,9.06859E+09,9.08276E+09,9.09685E+09,9.11087E+09,9.12481E+09,9.13869E+09,9.15249E+09,9.16622E+09,9.17988E+09,9.19347E+09,9.20699E+09,9.22043E+09,9.23381E+09,9.24712E+09,9.26036E+09,9.27353E+09,9.28664E+09,9.29967E+09,9.31264E+09,9.32555E+09,9.33838E+09,9.35116E+09,9.36386E+09,9.3765E+09,9.38907E+09,9.40158E+09,9.41402E+09,9.4264E+09,9.43872E+09,9.45097E+09,9.46315E+09,9.47528E+09,9.48734E+09,9.49934E+09,9.51127E+09,9.52315E+09,9.53497E+09,9.54672E+09,9.55842E+09,9.57006E+09,9.58164E+09,9.59316E+09,9.60462E+09,9.61603E+09,9.62737E+09,9.63867E+09,9.64991E+09,9.66109E+09,9.67222E+09,9.68329E+09,9.69431E+09,9.70528E+09,9.71619E+09,9.72705E+09,9.73786E+09,9.74862E+09,9.75932E+09,9.76998E+09,9.78058E+09,9.79114E+09,9.80165E+09,9.81212E+09,9.82257E+09,9.83299E+09,9.8434E+09,9.8538E+09,9.86422E+09,9.87467E+09,9.88517E+09,9.89572E+09,9.90633E+09,9.91703E+09,9.92783E+09,9.93874E+09,9.94974E+09,9.96084E+09,9.97204E+09,9.98334E+09,9.99472E+09,1.00062E+10,1.00177E+10,1.00293E+10,1.00411E+10,1.00528E+10,1.00647E+10,1.00767E+10,1.00887E+10,1.01008E+10,1.01131E+10,1.01254E+10,1.01378E+10,1.01502E+10,1.01628E+10,1.01756E+10,1.01884E+10,1.02013E+10,1.02145E+10,1.02278E+10,1.02414E+10,1.02552E+10,1.02693E+10,1.02838E+10,1.02985E+10,1.03136E+10,1.0329E+10,1.03449E+10,1.03612E+10,1.0378E+10,1.03952E+10,1.04129E+10,1.04312E+10,1.04499E+10,1.04691E+10,1.04889E+10,1.05092E+10,1.053E+10,1.05514E+10,1.05734E+10,1.05959E+10,1.0619E+10,1.06426E+10,1.06668E+10,1.06916E+10,1.07169E+10,1.07427E+10,1.07691E+10,1.0796E+10,1.08233E+10,1.08512E+10,1.08794E+10,1.09081E+10,1.09372E+10,1.09666E+10,1.09964E+10,1.10264E+10,1.10568E+10,1.10874E+10,1.11183E+10,1.11494E+10,1.11807E+10,1.12122E+10,1.12438E+10,1.12756E+10,1.13075E+10,1.13396E+10,1.13717E+10,1.14039E+10,1.14362E+10,1.14686E+10,1.1501E+10,1.15334E+10,1.15659E+10,1.15984E+10,1.1631E+10,1.16635E+10,1.16961E+10,1.17287E+10,1.17613E+10,1.1794E+10,1.18266E+10,1.18593E+10,1.1892E+10,1.19247E+10,1.19574E+10,1.199E+10,1.20227E+10,1.20554E+10,1.2088E+10,1.21205E+10,1.2153E+10,1.21855E+10,1.22178E+10,1.22501E+10,1.22822E+10,1.23142E+10,1.23461E+10,1.23778E+10,1.24094E+10,1.24409E+10,1.24722E+10,1.25034E+10,1.25345E+10,1.25654E+10,1.25962E+10,1.26268E+10,1.26573E+10,1.26877E+10,1.2718E+10,1.27481E+10,1.27781E+10,1.2808E+10,1.28378E+10,1.28676E+10,1.28973E+10,1.2927E+10,1.29566E+10,1.29862E+10,1.30158E+10,1.30454E+10,1.3075E+10,1.31046E+10,1.31342E+10,1.31638E+10,1.31935E+10,1.32232E+10,1.3253E+10,1.32828E+10,1.33127E+10,1.33427E+10,1.33727E+10,1.34027E+10,1.34328E+10,1.3463E+10,1.34932E+10,1.35235E+10,1.35539E+10,1.35844E+10,1.36149E+10,1.36455E+10,1.36762E+10,1.3707E+10,1.37378E+10,1.37687E+10,1.37996E+10,1.38305E+10,1.38615E+10,1.38924E+10,1.39234E+10,1.39543E+10,1.39853E+10,1.40162E+10,1.4047E+10,1.40779E+10,1.41087E+10,1.41395E+10,1.41702E+10,1.42009E+10,1.42316E+10,1.42623E+10,1.42929E+10,1.43235E+10,1.4354E+10,1.43846E+10,1.44151E+10,1.44456E+10,1.44761E+10,1.45066E+10,1.45371E+10,1.45676E+10,1.45982E+10,1.46287E+10,1.46594E+10,1.46901E+10,1.47208E+10,1.47516E+10,1.47824E+10,1.48133E+10,1.48443E+10,1.48753E+10,1.49064E+10,1.49375E+10,1.49687E+10,1.49999E+10,1.50311E+10,1.50624E+10,1.50938E+10,1.51251E+10,1.51566E+10,1.51881E+10,1.52196E+10,1.52512E+10,1.52828E+10,1.53145E+10,1.53462E+10,1.53779E+10,1.54097E+10,1.54414E+10,1.54732E+10,1.5505E+10,1.55368E+10,1.55686E+10,1.56004E+10,1.56322E+10,1.5664E+10,1.56958E+10,1.57276E+10,1.57593E+10,1.57911E+10,1.58229E+10,1.58547E+10,1.58864E+10,1.59182E+10,1.59499E+10,1.59815E+10,1.60132E+10,1.60447E+10,1.60762E+10,1.61077E+10,1.6139E+10,1.61702E+10,1.62014E+10,1.62324E+10,1.62633E+10,1.62941E+10,1.63248E+10,1.63553E+10,1.63857E+10,1.6416E+10,1.64461E+10,1.64761E+10,1.65059E+10,1.65356E+10,1.65652E+10,1.65946E+10,1.66238E+10,1.66529E+10,1.66819E+10,1.67107E+10,1.67393E+10,1.67679E+10,1.67962E+10,1.68245E+10,1.68525E+10,1.68805E+10,1.69083E+10,1.69359E+10,1.69634E+10,1.69908E+10,1.7018E+10,1.7045E+10,1.7072E+10,1.70987E+10,1.71254E+10,1.71519E+10,1.71783E+10,1.72045E+10,1.72306E+10,1.72566E+10,1.72824E+10,1.73081E+10,1.73336E+10,1.7359E+10,1.73843E+10,1.74095E+10,1.74345E+10,1.74594E+10,1.74842E+10,1.75088E+10,1.75333E+10,1.75577E+10,1.7582E+10,1.76061E+10,1.76301E+10,1.7654E+10,1.76778E+10,1.77014E+10,1.77249E+10,1.77483E+10,1.77716E+10,1.77948E+10,1.78179E+10,1.78408E+10,1.78636E+10,1.78864E+10,1.7909E+10,1.79315E+10,1.79539E+10,1.79761E+10,1.79983E+10,1.80204E+10,1.80424E+10,1.80642E+10,1.8086E+10,1.81077E+10,1.81292E+10,1.81507E+10,1.81721E+10,1.81935E+10,1.82148E+10,1.8236E+10,1.82572E+10,1.82783E+10,1.82995E+10,1.83206E+10,1.83417E+10,1.83628E+10,1.83838E+10,1.84049E+10,1.8426E+10,1.8447E+10,1.84681E+10,1.84891E+10,1.85102E+10,1.85313E+10,1.85524E+10,1.85735E+10,1.85947E+10,1.8616E+10,1.86373E+10,1.86587E+10,1.86802E+10,1.87018E+10,1.87235E+10,1.87453E+10,1.87672E+10,1.87893E+10,1.88114E+10,1.88337E+10,1.8856E+10,1.88784E+10,1.8901E+10,1.89235E+10,1.89462E+10,1.89689E+10,1.89917E+10,1.90145E+10,1.90373E+10,1.90601E+10,1.90829E+10,1.91057E+10,1.91284E+10,1.9151E+10,1.91736E+10,1.91962E+10,1.92187E+10,1.92411E+10,1.92635E+10,1.92858E+10,1.93081E+10,1.93303E+10,1.93524E+10,1.93746E+10,1.93966E+10,1.94186E+10,1.94406E+10,1.94626E+10,1.94844E+10,1.95063E+10,1.95281E+10,1.95498E+10,1.95715E+10,1.95932E+10,1.96148E+10,1.96364E+10,1.96579E+10,1.96794E+10,1.97008E+10,1.97222E+10,1.97436E+10,1.97649E+10,1.97861E+10,1.98073E+10,1.98285E+10,1.98496E+10,1.98707E+10,1.98917E+10,1.99127E+10,1.99336E+10,1.99545E+10,1.99753E+10,1.99961E+10,2.00168E+10,2.00375E+10,2.00581E+10,2.00786E+10,2.00991E+10,2.01196E+10,2.01399E+10,2.01603E+10,2.01805E+10,2.02007E+10,2.02209E+10,2.0241E+10,2.0261E+10,2.02809E+10,2.03008E+10,2.03207E+10,2.03404E+10,2.03602E+10,2.03798E+10,2.03994E+10,2.04189E+10,2.04383E+10,2.04577E+10,2.0477E+10,2.04963E+10,2.05155E+10,2.05346E+10,2.05537E+10,2.05727E+10,2.05916E+10,2.06105E+10,2.06293E+10,2.0648E+10,2.06667E+10,2.06853E+10,2.07038E+10,2.07223E+10,2.07407E+10,2.0759E+10,2.07773E+10,2.07956E+10,2.08137E+10,2.08318E+10,2.08498E+10,2.08678E+10,2.08857E+10,2.09036E+10,2.09214E+10,2.09391E+10,2.09568E+10,2.09744E+10,2.09919E+10,2.10094E+10,2.10269E+10,2.10443E+10,2.10616E+10,2.10789E+10,2.10961E+10,2.11133E+10,2.11304E+10,2.11475E+10,2.11645E+10,2.11814E+10,2.11984E+10,2.12152E+10,2.1232E+10,2.12488E+10,2.12656E+10,2.12822E+10,2.12989E+10,2.13155E+10,2.1332E+10,2.13486E+10,2.1365E+10,2.13815E+10,2.13979E+10,2.14142E+10,2.14306E+10,2.14468E+10,2.14631E+10
"Cost of GDP Cumulative[Nevada]",0,0,0,0,0,0,0,0,0,0,0,0,0,0,0,0,0,0,0,0,0,5.69191E-42,0.00154367,0.0206241,0.107771,0.363215,0.94698,2.08581,4.07939,7.30932,12.2531,19.504,29.7952,44.0269,63.3003,88.9604,122.651,166.385,222.639,294.478,385.727,501.218,647.104,831.22,1063.82,1361.28,1744.29,2248.86,2925.37,3822.16,4987.82,6489.14,8410.24,10845.5,13902.8,17706.4,22401,28159.8,35210.9,43829.5,54336.7,67112.1,82613.8,101398,124135,151634,184865,224980,273349,331599,401707,487892,595223,727413,888503,1.08345E+06,1.31814E+06,1.60242E+06,1.94957E+06,2.37352E+06,2.89673E+06,3.54325E+06,4.33609E+06,5.30686E+06,6.48276E+06,7.88437E+06,9.52846E+06,1.14336E+07,1.36361E+07,1.61689E+07,1.90562E+07,2.23628E+07,2.61658E+07,3.05206E+07,3.54581E+07,4.09918E+07,4.71249E+07,5.3854E+07,6.11732E+07,6.90752E+07,7.75533E+07,8.66057E+07,9.62285E+07,1.06415E+08,1.17157E+08,1.28444E+08,1.40263E+08,1.52601E+08,1.65443E+08,1.78775E+08,1.92581E+08,2.06846E+08,2.21559E+08,2.36714E+08,2.52329E+08,2.6858E+08,2.857E+08,3.03796E+08,3.22918E+08,3.43096E+08,3.64339E+08,3.86645E+08,4.10058E+08,4.34667E+08,4.60518E+08,4.87628E+08,5.15993E+08,5.45596E+08,5.76415E+08,6.08421E+08,6.41604E+08,6.75963E+08,7.11487E+08,7.48166E+08,7.85983E+08,8.24907E+08,8.64903E+08,9.05931E+08,9.4795E+08,9.90915E+08,1.03478E+09,1.07951E+09,1.12504E+09,1.17134E+09,1.21837E+09,1.26607E+09,1.31439E+09,1.36331E+09,1.41276E+09,1.4627E+09,1.51309E+09,1.56388E+09,1.61503E+09,1.66649E+09,1.71822E+09,1.77016E+09,1.82229E+09,1.87455E+09,1.9269E+09,1.9793E+09,2.03171E+09,2.08409E+09,2.13641E+09,2.18862E+09,2.24071E+09,2.29263E+09,2.34436E+09,2.39587E+09,2.44714E+09,2.49815E+09,2.54889E+09,2.59937E+09,2.64959E+09,2.6996E+09,2.74942E+09,2.79907E+09,2.84856E+09,2.89788E+09,2.94705E+09,2.99604E+09,3.04487E+09,3.0935E+09,3.14195E+09,3.19018E+09,3.23818E+09,3.28593E+09,3.33343E+09,3.38064E+09,3.42755E+09,3.47416E+09,3.52046E+09,3.56646E+09,3.61216E+09,3.65757E+09,3.70268E+09,3.7475E+09,3.79203E+09,3.83627E+09,3.88022E+09,3.92389E+09,3.96728E+09,4.01038E+09,4.05321E+09,4.09576E+09,4.13804E+09,4.18005E+09,4.22178E+09,4.26325E+09,4.30445E+09,4.34539E+09,4.38606E+09,4.42647E+09,4.46662E+09,4.50652E+09,4.54616E+09,4.58555E+09,4.62468E+09,4.66357E+09,4.7022E+09,4.74059E+09,4.77874E+09,4.81664E+09,4.8543E+09,4.89172E+09,4.9289E+09,4.96585E+09,5.00256E+09,5.03904E+09,5.07529E+09,5.11132E+09,5.14712E+09,5.18269E+09,5.21804E+09,5.25317E+09,5.28808E+09,5.32278E+09,5.35727E+09,5.39155E+09,5.42562E+09,5.45948E+09,5.49314E+09,5.5266E+09,5.55986E+09,5.59293E+09,5.6258E+09,5.65848E+09,5.69098E+09,5.72328E+09,5.7554E+09,5.78734E+09,5.8191E+09,5.85068E+09,5.88208E+09,5.91331E+09,5.94437E+09,5.97526E+09,6.00598E+09,6.03654E+09,6.06695E+09,6.09719E+09,6.12729E+09,6.15723E+09,6.18702E+09,6.21666E+09,6.24616E+09,6.27551E+09,6.30472E+09,6.33378E+09,6.36269E+09,6.39146E+09,6.42009E+09,6.44857E+09,6.4769E+09,6.50508E+09,6.53312E+09,6.56101E+09,6.58875E+09,6.61635E+09,6.64379E+09,6.67108E+09,6.69822E+09,6.72521E+09,6.75204E+09,6.77873E+09,6.80526E+09,6.83164E+09,6.85787E+09,6.88395E+09,6.90987E+09,6.93565E+09,6.96127E+09,6.98674E+09,7.01205E+09,7.03722E+09,7.06223E+09,7.0871E+09,7.11181E+09,7.13637E+09,7.16078E+09,7.18505E+09,7.20916E+09,7.23313E+09,7.25695E+09,7.28063E+09,7.30415E+09,7.32754E+09,7.35078E+09,7.37387E+09,7.39683E+09,7.41964E+09,7.44231E+09,7.46483E+09,7.48722E+09,7.50948E+09,7.53159E+09,7.55357E+09,7.57541E+09,7.59712E+09,7.61869E+09,7.64014E+09,7.66145E+09,7.68263E+09,7.70368E+09,7.72461E+09,7.74541E+09,7.76609E+09,7.78664E+09,7.80706E+09,7.82737E+09,7.84755E+09,7.86762E+09,7.88757E+09,7.9074E+09,7.92712E+09,7.94672E+09,7.96622E+09,7.9856E+09,8.00488E+09,8.02405E+09,8.04311E+09,8.06207E+09,8.08093E+09,8.0997E+09,8.11837E+09,8.13694E+09,8.15542E+09,8.17382E+09,8.19213E+09,8.21035E+09,8.2285E+09,8.24657E+09,8.26456E+09,8.28249E+09,8.30035E+09,8.31814E+09,8.33587E+09,8.35355E+09,8.37118E+09,8.38876E+09,8.4063E+09,8.4238E+09,8.44125E+09,8.45867E+09,8.47606E+09,8.49341E+09,8.51072E+09,8.528E+09,8.54525E+09,8.56247E+09,8.57966E+09,8.59681E+09,8.61393E+09,8.63104E+09,8.64815E+09,8.66532E+09,8.68255E+09,8.69989E+09,8.71735E+09,8.73497E+09,8.75276E+09,8.77076E+09,8.78899E+09,8.80749E+09,8.82629E+09,8.84543E+09,8.86493E+09,8.88481E+09,8.90507E+09,8.92572E+09,8.94674E+09,8.96814E+09,8.98992E+09,9.01208E+09,9.03462E+09,9.05754E+09,9.08084E+09,9.10452E+09,9.12856E+09,9.15296E+09,9.17772E+09,9.2028E+09,9.22819E+09,9.25388E+09,9.27984E+09,9.30606E+09,9.33251E+09,9.35918E+09,9.38605E+09,9.41311E+09,9.44035E+09,9.46777E+09,9.49538E+09,9.52317E+09,9.55116E+09,9.57933E+09,9.60768E+09,9.6362E+09,9.66488E+09,9.6937E+09,9.72265E+09,9.75173E+09,9.78095E+09,9.8103E+09,9.83977E+09,9.86934E+09,9.89901E+09,9.92877E+09,9.95861E+09,9.98853E+09,1.00185E+10,1.00487E+10,1.00788E+10,1.01091E+10,1.01395E+10,1.01699E+10,1.02004E+10,1.0231E+10,1.02616E+10,1.02922E+10,1.03229E+10,1.03535E+10,1.03842E+10,1.04149E+10,1.04455E+10,1.0476E+10,1.05065E+10,1.05369E+10,1.05671E+10,1.05973E+10,1.06272E+10,1.06571E+10,1.06867E+10,1.07163E+10,1.07457E+10,1.07749E+10,1.08041E+10,1.0833E+10,1.08618E+10,1.08905E+10,1.09191E+10,1.09475E+10,1.09758E+10,1.10039E+10,1.10319E+10,1.10597E+10,1.10875E+10,1.1115E+10,1.11425E+10,1.11698E+10,1.1197E+10,1.1224E+10,1.12509E+10,1.12776E+10,1.13043E+10,1.13308E+10,1.13571E+10,1.13833E+10,1.14094E+10,1.14354E+10,1.14612E+10,1.14869E+10,1.15125E+10,1.15379E+10,1.15632E+10,1.15884E+10,1.16135E+10,1.16384E+10,1.16632E+10,1.16879E+10,1.17125E+10,1.17369E+10,1.17612E+10,1.17854E+10,1.18095E+10,1.18335E+10,1.18573E+10,1.1881E+10,1.19046E+10,1.19281E+10,1.19515E+10,1.19748E+10,1.19979E+10,1.20209E+10,1.20439E+10,1.20667E+10,1.20894E+10,1.2112E+10,1.21344E+10,1.21568E+10,1.2179E+10,1.22012E+10,1.22232E+10,1.22452E+10,1.2267E+10,1.22887E+10,1.23103E+10,1.23318E+10,1.23533E+10,1.23746E+10,1.23958E+10,1.2417E+10,1.2438E+10,1.2459E+10,1.24799E+10,1.25006E+10,1.25213E+10,1.25419E+10,1.25625E+10,1.25829E+10,1.26032E+10,1.26235E+10,1.26436E+10,1.26637E+10,1.26837E+10,1.27036E+10,1.27234E+10,1.27432E+10,1.27628E+10,1.27824E+10,1.28018E+10,1.28212E+10,1.28406E+10,1.28598E+10,1.28789E+10,1.2898E+10,1.2917E+10,1.29359E+10,1.29548E+10,1.29736E+10,1.29923E+10,1.30109E+10,1.30295E+10,1.3048E+10,1.30664E+10,1.30848E+10,1.3103E+10,1.31213E+10,1.31394E+10,1.31575E+10,1.31755E+10,1.31935E+10,1.32114E+10,1.32292E+10,1.3247E+10,1.32647E+10,1.32823E+10,1.32999E+10,1.33174E+10,1.33349E+10,1.33523E+10,1.33697E+10,1.33869E+10,1.34042E+10,1.34214E+10,1.34385E+10,1.34555E+10,1.34725E+10,1.34895E+10,1.35064E+10,1.35232E+10,1.354E+10,1.35567E+10,1.35733E+10,1.35899E+10,1.36064E+10,1.36229E+10,1.36393E+10,1.36556E+10,1.36719E+10,1.36881E+10,1.37042E+10,1.37203E+10,1.37364E+10,1.37524E+10,1.37684E+10,1.37844E+10,1.38004E+10,1.38164E+10,1.38325E+10,1.38487E+10,1.38649E+10,1.38813E+10,1.38978E+10,1.39144E+10,1.39312E+10,1.3948E+10,1.3965E+10,1.39821E+10,1.39992E+10,1.40165E+10,1.40339E+10,1.40513E+10,1.40688E+10,1.40864E+10,1.41041E+10,1.41219E+10,1.41397E+10,1.41576E+10,1.41756E+10,1.41937E+10,1.42118E+10,1.42301E+10,1.42484E+10,1.42669E+10,1.42855E+10,1.43042E+10,1.43231E+10,1.43423E+10,1.43617E+10,1.43815E+10,1.44016E+10,1.44221E+10,1.4443E+10,1.44644E+10,1.44862E+10,1.45086E+10,1.45316E+10,1.45551E+10,1.45792E+10,1.4604E+10,1.46294E+10,1.46555E+10,1.46823E+10,1.47097E+10,1.47378E+10,1.47666E+10,1.47961E+10,1.48264E+10,1.48573E+10,1.48889E+10,1.49212E+10,1.49542E+10,1.49878E+10,1.50222E+10,1.50572E+10,1.50929E+10,1.51291E+10,1.5166E+10,1.52034E+10,1.52413E+10,1.52797E+10,1.53186E+10,1.53579E+10,1.53975E+10,1.54375E+10,1.54778E+10,1.55184E+10,1.55592E+10,1.56003E+10,1.56415E+10,1.5683E+10,1.57246E+10,1.57663E+10,1.58081E+10,1.585E+10,1.5892E+10,1.59341E+10,1.59761E+10,1.60182E+10,1.60604E+10,1.61025E+10,1.61447E+10,1.61868E+10,1.62289E+10,1.6271E+10,1.63131E+10,1.63552E+10,1.63973E+10,1.64393E+10,1.64814E+10,1.65235E+10,1.65655E+10,1.66076E+10,1.66496E+10,1.66916E+10,1.67335E+10,1.67754E+10,1.68173E+10,1.6859E+10,1.69007E+10,1.69423E+10,1.69838E+10,1.70252E+10,1.70664E+10,1.71074E+10,1.71483E+10,1.7189E+10,1.72295E+10,1.72698E+10,1.731E+10,1.735E+10,1.73899E+10,1.74296E+10,1.74691E+10,1.75085E+10,1.75477E+10,1.75867E+10,1.76257E+10,1.76644E+10,1.7703E+10,1.77415E+10,1.77799E+10,1.78183E+10,1.78566E+10,1.78949E+10,1.79332E+10,1.79715E+10,1.80098E+10,1.80481E+10,1.80863E+10,1.81246E+10,1.8163E+10,1.82014E+10,1.82399E+10,1.82785E+10,1.83172E+10,1.83559E+10,1.83947E+10,1.84337E+10,1.84727E+10,1.85118E+10,1.85509E+10,1.85902E+10,1.86296E+10,1.8669E+10,1.87086E+10,1.87483E+10,1.87882E+10,1.88281E+10,1.88682E+10,1.89083E+10,1.89486E+10,1.89889E+10,1.90293E+10,1.90697E+10,1.91101E+10,1.91506E+10,1.91911E+10,1.92315E+10,1.9272E+10,1.93124E+10,1.93528E+10,1.93931E+10,1.94335E+10,1.94737E+10,1.9514E+10,1.95542E+10,1.95944E+10,1.96345E+10,1.96746E+10,1.97146E+10,1.97547E+10,1.97947E+10,1.98347E+10,1.98747E+10,1.99146E+10,1.99546E+10,1.99945E+10,2.00344E+10,2.00744E+10,2.01144E+10,2.01545E+10,2.01946E+10,2.02348E+10,2.02751E+10,2.03155E+10,2.0356E+10,2.03964E+10,2.0437E+10,2.04776E+10,2.05182E+10,2.05589E+10,2.05997E+10,2.06404E+10,2.06813E+10,2.07221E+10,2.0763E+10,2.08039E+10,2.08449E+10,2.08859E+10,2.0927E+10,2.09681E+10,2.10092E+10,2.10504E+10,2.10916E+10,2.11328E+10,2.1174E+10,2.12152E+10,2.12565E+10,2.12977E+10,2.1339E+10,2.13802E+10,2.14215E+10,2.14628E+10,2.15041E+10,2.15454E+10,2.15868E+10,2.16282E+10,2.16696E+10,2.1711E+10,2.17525E+10,2.17939E+10,2.18354E+10,2.18769E+10,2.19183E+10,2.19597E+10,2.20011E+10,2.20423E+10,2.20836E+10,2.21247E+10,2.21657E+10,2.22066E+10,2.22475E+10,2.22881E+10,2.23287E+10,2.23691E+10,2.24094E+10,2.24495E+10,2.24895E+10,2.25293E+10,2.2569E+10,2.26085E+10,2.26478E+10,2.2687E+10,2.2726E+10,2.27648E+10,2.28035E+10,2.2842E+10,2.28804E+10,2.29185E+10,2.29565E+10,2.29944E+10,2.3032E+10,2.30695E+10,2.31069E+10,2.3144E+10,2.3181E+10,2.32178E+10,2.32545E+10,2.32909E+10,2.33272E+10,2.33634E+10,2.33993E+10,2.34351E+10,2.34708E+10,2.35062E+10,2.35415E+10,2.35766E+10,2.36115E+10,2.36463E+10,2.36809E+10,2.37153E+10,2.37496E+10,2.37837E+10,2.38176E+10,2.38514E+10,2.38849E+10,2.39183E+10,2.39516E+10,2.39847E+10,2.40176E+10,2.40503E+10,2.40829E+10,2.41153E+10,2.41475E+10,2.41796E+10,2.42115E+10,2.42433E+10,2.42749E+10,2.43063E+10,2.43375E+10,2.43686E+10,2.43996E+10,2.44304E+10,2.4461E+10,2.44915E+10,2.45218E+10,2.45519E+10,2.45819E+10,2.46118E+10,2.46415E+10,2.4671E+10,2.47004E+10,2.47297E+10,2.47588E+10,2.47878E+10,2.48167E+10,2.48455E+10,2.48742E+10,2.49028E+10,2.49313E+10,2.49597E+10,2.49881E+10,2.50165E+10,2.50448E+10,2.50731E+10,2.51013E+10,2.51296E+10,2.51578E+10,2.51859E+10,2.52141E+10,2.52422E+10,2.52704E+10,2.52985E+10,2.53267E+10,2.53549E+10,2.53831E+10,2.54114E+10,2.54398E+10,2.54683E+10,2.54969E+10,2.55256E+10,2.55545E+10,2.55835E+10,2.56126E+10,2.56419E+10,2.56713E+10,2.57009E+10,2.57306E+10,2.57604E+10,2.57903E+10,2.58203E+10,2.58504E+10,2.58806E+10,2.59109E+10,2.59412E+10,2.59715E+10,2.60018E+10,2.60321E+10,2.60624E+10,2.60926E+10,2.61227E+10,2.61527E+10,2.61827E+10,2.62126E+10,2.62425E+10,2.62722E+10,2.63019E+10,2.63316E+10,2.63611E+10,2.63907E+10,2.64201E+10,2.64495E+10,2.64789E+10,2.65082E+10,2.65374E+10,2.65666E+10,2.65957E+10,2.66248E+10,2.66538E+10,2.66828E+10,2.67117E+10,2.67406E+10,2.67694E+10,2.67982E+10,2.68269E+10,2.68556E+10,2.68842E+10,2.69127E+10,2.69412E+10,2.69696E+10,2.6998E+10,2.70263E+10,2.70545E+10,2.70827E+10,2.71108E+10,2.71388E+10,2.71668E+10,2.71946E+10,2.72224E+10,2.72502E+10,2.72778E+10,2.73053E+10,2.73328E+10,2.73602E+10,2.73875E+10,2.74147E+10,2.74419E+10,2.74689E+10,2.74958E+10,2.75227E+10,2.75494E+10,2.75761E+10,2.76027E+10,2.76291E+10,2.76555E+10,2.76818E+10,2.7708E+10,2.77341E+10,2.776E+10,2.77859E+10,2.78117E+10,2.78374E+10,2.7863E+10,2.78885E+10,2.79139E+10,2.79392E+10,2.79644E+10,2.79895E+10,2.80145E+10,2.80394E+10,2.80643E+10,2.8089E+10,2.81136E+10,2.81382E+10,2.81627E+10,2.8187E+10,2.82113E+10,2.82355E+10,2.82596E+10,2.82837E+10,2.83076E+10,2.83315E+10,2.83552E+10,2.83789E+10,2.84025E+10,2.84261E+10,2.84495E+10,2.84729E+10,2.84962E+10,2.85195E+10,2.85426E+10,2.85657E+10,2.85887E+10,2.86117E+10,2.86346E+10,2.86574E+10,2.86801E+10,2.87028E+10,2.87254E+10,2.87479E+10,2.87704E+10,2.87928E+10,2.88152E+10,2.88375E+10,2.88597E+10,2.88819E+10,2.8904E+10,2.8926E+10,2.8948E+10,2.89699E+10,2.89918E+10,2.90136E+10,2.90353E+10,2.9057E+10,2.90786E+10,2.91002E+10,2.91217E+10,2.91432E+10,2.91646E+10,2.91859E+10
"Cost of GDP Cumulative[New Hampshire]",0,0,0,0,0,0,0,0,0,0,0,0,0,0,0,0,0,0,0,0,0,2.77798E-42,6.46019E-42,1.10361E-41,3.99489E-41,1.55766E-40,3.16483E-40,4.77684E-40,6.51969E-40,8.45449E-40,1.17117E-39,1.60611E-39,2.03813E-39,2.79786E-39,0.00155574,0.0209951,0.110912,0.378792,1.00498,2.26554,4.56597,8.48948,14.8539,24.7691,39.8586,63.9198,101.835,164.731,269.189,428.883,655.232,965.573,1382.11,1927.76,2626.72,3504.94,4590.78,5917.66,7534.8,9501.28,11882.2,14751.7,18199.1,22334,27290.5,33233,40361.9,48920,59199.6,71560.7,86467.6,105412,130226,162011,201930,251466,312387,388180,483732,603958,757555,953628,1.20038E+06,1.50981E+06,1.89146E+06,2.35136E+06,2.89379E+06,3.52426E+06,4.25738E+06,5.1069E+06,6.08271E+06,7.21525E+06,8.5414E+06,1.0088E+07,1.18703E+07,1.38955E+07,1.61659E+07,1.8681E+07,2.1439E+07,2.44379E+07,2.76759E+07,3.11536E+07,3.48708E+07,3.88259E+07,4.30164E+07,4.74386E+07,5.20883E+07,5.69606E+07,6.20499E+07,6.73502E+07,7.28556E+07,7.85606E+07,8.44593E+07,9.05505E+07,9.68445E+07,1.03431E+08,1.10427E+08,1.17886E+08,1.25837E+08,1.34294E+08,1.43264E+08,1.52748E+08,1.62768E+08,1.73369E+08,1.84574E+08,1.96392E+08,2.08823E+08,2.21858E+08,2.35486E+08,2.49695E+08,2.6448E+08,2.7984E+08,2.9577E+08,3.12266E+08,3.29321E+08,3.46918E+08,3.65042E+08,3.83674E+08,4.02793E+08,4.22377E+08,4.42406E+08,4.62858E+08,4.8371E+08,5.04942E+08,5.26532E+08,5.48457E+08,5.70694E+08,5.93223E+08,6.1602E+08,6.39063E+08,6.62331E+08,6.85801E+08,7.09452E+08,7.33261E+08,7.57207E+08,7.81267E+08,8.0542E+08,8.29645E+08,8.53922E+08,8.7823E+08,9.02549E+08,9.26862E+08,9.5115E+08,9.75396E+08,9.99584E+08,1.0237E+09,1.04773E+09,1.07165E+09,1.09547E+09,1.11917E+09,1.14274E+09,1.16619E+09,1.18952E+09,1.21276E+09,1.23591E+09,1.25898E+09,1.28198E+09,1.30491E+09,1.32776E+09,1.35054E+09,1.37325E+09,1.39586E+09,1.41839E+09,1.44082E+09,1.46314E+09,1.48535E+09,1.50744E+09,1.5294E+09,1.55121E+09,1.57288E+09,1.59441E+09,1.61579E+09,1.63704E+09,1.65814E+09,1.67911E+09,1.69994E+09,1.72063E+09,1.74118E+09,1.7616E+09,1.78188E+09,1.80203E+09,1.82204E+09,1.84193E+09,1.86168E+09,1.8813E+09,1.90079E+09,1.92015E+09,1.93939E+09,1.95849E+09,1.97747E+09,1.99633E+09,2.01506E+09,2.03366E+09,2.05215E+09,2.07051E+09,2.08874E+09,2.10686E+09,2.12486E+09,2.14274E+09,2.1605E+09,2.17814E+09,2.19566E+09,2.21307E+09,2.23036E+09,2.24754E+09,2.26461E+09,2.28156E+09,2.2984E+09,2.31513E+09,2.33174E+09,2.34825E+09,2.36464E+09,2.38093E+09,2.39711E+09,2.41318E+09,2.42915E+09,2.44501E+09,2.46077E+09,2.47642E+09,2.49196E+09,2.50741E+09,2.52275E+09,2.53799E+09,2.55313E+09,2.56817E+09,2.58311E+09,2.59795E+09,2.61269E+09,2.62733E+09,2.64188E+09,2.65633E+09,2.67069E+09,2.68495E+09,2.69912E+09,2.7132E+09,2.72718E+09,2.74107E+09,2.75487E+09,2.76858E+09,2.7822E+09,2.79572E+09,2.80917E+09,2.82252E+09,2.83578E+09,2.84896E+09,2.86206E+09,2.87506E+09,2.88799E+09,2.90082E+09,2.91358E+09,2.92625E+09,2.93884E+09,2.95135E+09,2.96378E+09,2.97613E+09,2.9884E+09,3.00059E+09,3.0127E+09,3.02473E+09,3.03669E+09,3.04857E+09,3.06037E+09,3.0721E+09,3.08375E+09,3.09533E+09,3.10684E+09,3.11827E+09,3.12964E+09,3.14093E+09,3.15214E+09,3.16329E+09,3.17437E+09,3.18538E+09,3.19632E+09,3.20719E+09,3.21799E+09,3.22873E+09,3.2394E+09,3.25E+09,3.26054E+09,3.27101E+09,3.28142E+09,3.29176E+09,3.30204E+09,3.31225E+09,3.3224E+09,3.33248E+09,3.34251E+09,3.35247E+09,3.36237E+09,3.3722E+09,3.38198E+09,3.39169E+09,3.40135E+09,3.41094E+09,3.42047E+09,3.42995E+09,3.43936E+09,3.44872E+09,3.45801E+09,3.46725E+09,3.47643E+09,3.48555E+09,3.49462E+09,3.50363E+09,3.51258E+09,3.52147E+09,3.53031E+09,3.5391E+09,3.54783E+09,3.5565E+09,3.56512E+09,3.57368E+09,3.58219E+09,3.59065E+09,3.59906E+09,3.60741E+09,3.61571E+09,3.62396E+09,3.63215E+09,3.6403E+09,3.64839E+09,3.65644E+09,3.66443E+09,3.67238E+09,3.68027E+09,3.68812E+09,3.69592E+09,3.70367E+09,3.71138E+09,3.71904E+09,3.72665E+09,3.73421E+09,3.74173E+09,3.74921E+09,3.75664E+09,3.76402E+09,3.77137E+09,3.77867E+09,3.78592E+09,3.79314E+09,3.80031E+09,3.80744E+09,3.81454E+09,3.82159E+09,3.8286E+09,3.83558E+09,3.84251E+09,3.84942E+09,3.85628E+09,3.86311E+09,3.8699E+09,3.87667E+09,3.88343E+09,3.8902E+09,3.89698E+09,3.9038E+09,3.91067E+09,3.9176E+09,3.9246E+09,3.93169E+09,3.93888E+09,3.94618E+09,3.95362E+09,3.96122E+09,3.96897E+09,3.9769E+09,3.98501E+09,3.99328E+09,4.00174E+09,4.01036E+09,4.01915E+09,4.02811E+09,4.03725E+09,4.04656E+09,4.05604E+09,4.06569E+09,4.07551E+09,4.0855E+09,4.09563E+09,4.10592E+09,4.11635E+09,4.1269E+09,4.13757E+09,4.14836E+09,4.15924E+09,4.17022E+09,4.18129E+09,4.19243E+09,4.20365E+09,4.21495E+09,4.22632E+09,4.23777E+09,4.24931E+09,4.26092E+09,4.27261E+09,4.28437E+09,4.29619E+09,4.30808E+09,4.32001E+09,4.33201E+09,4.34405E+09,4.35616E+09,4.36831E+09,4.3805E+09,4.39274E+09,4.405E+09,4.4173E+09,4.42963E+09,4.442E+09,4.4544E+09,4.46684E+09,4.47931E+09,4.49182E+09,4.50436E+09,4.51692E+09,4.52951E+09,4.54211E+09,4.55472E+09,4.56734E+09,4.57997E+09,4.5926E+09,4.60522E+09,4.61782E+09,4.63039E+09,4.64293E+09,4.65541E+09,4.66784E+09,4.6802E+09,4.69249E+09,4.70472E+09,4.71688E+09,4.72897E+09,4.741E+09,4.75296E+09,4.76485E+09,4.77667E+09,4.78843E+09,4.80013E+09,4.81176E+09,4.82332E+09,4.83482E+09,4.84626E+09,4.85763E+09,4.86894E+09,4.88019E+09,4.89137E+09,4.90249E+09,4.91355E+09,4.92454E+09,4.93548E+09,4.94635E+09,4.95716E+09,4.96792E+09,4.97861E+09,4.98924E+09,4.99982E+09,5.01033E+09,5.02079E+09,5.03118E+09,5.04152E+09,5.0518E+09,5.06203E+09,5.07219E+09,5.0823E+09,5.09235E+09,5.10235E+09,5.11229E+09,5.12218E+09,5.13201E+09,5.14178E+09,5.1515E+09,5.16116E+09,5.17078E+09,5.18033E+09,5.18984E+09,5.19929E+09,5.20869E+09,5.21803E+09,5.22733E+09,5.23657E+09,5.24576E+09,5.2549E+09,5.26399E+09,5.27302E+09,5.28201E+09,5.29095E+09,5.29984E+09,5.30868E+09,5.31747E+09,5.32621E+09,5.33491E+09,5.34355E+09,5.35215E+09,5.36071E+09,5.36921E+09,5.37767E+09,5.38609E+09,5.39445E+09,5.40278E+09,5.41105E+09,5.41928E+09,5.42747E+09,5.43562E+09,5.44372E+09,5.45177E+09,5.45978E+09,5.46775E+09,5.47568E+09,5.48356E+09,5.4914E+09,5.4992E+09,5.50696E+09,5.51468E+09,5.52235E+09,5.52998E+09,5.53758E+09,5.54513E+09,5.55264E+09,5.56011E+09,5.56754E+09,5.57493E+09,5.58228E+09,5.5896E+09,5.59687E+09,5.6041E+09,5.6113E+09,5.61846E+09,5.62558E+09,5.63266E+09,5.6397E+09,5.64671E+09,5.65368E+09,5.66061E+09,5.6675E+09,5.67436E+09,5.68118E+09,5.68797E+09,5.69472E+09,5.70143E+09,5.70811E+09,5.71475E+09,5.72136E+09,5.72793E+09,5.73447E+09,5.74097E+09,5.74744E+09,5.75387E+09,5.76027E+09,5.76664E+09,5.77297E+09,5.77926E+09,5.78552E+09,5.79175E+09,5.79795E+09,5.80411E+09,5.81024E+09,5.81634E+09,5.8224E+09,5.82843E+09,5.83443E+09,5.8404E+09,5.84634E+09,5.85224E+09,5.85811E+09,5.86395E+09,5.86976E+09,5.87554E+09,5.88128E+09,5.887E+09,5.89268E+09,5.89835E+09,5.904E+09,5.90963E+09,5.91525E+09,5.92088E+09,5.92651E+09,5.93217E+09,5.93785E+09,5.94357E+09,5.94933E+09,5.95514E+09,5.96102E+09,5.96697E+09,5.97298E+09,5.97904E+09,5.98517E+09,5.99134E+09,5.99757E+09,6.00385E+09,6.01016E+09,6.01652E+09,6.02292E+09,6.02936E+09,6.03583E+09,6.04235E+09,6.04891E+09,6.0555E+09,6.06213E+09,6.0688E+09,6.07551E+09,6.08226E+09,6.08906E+09,6.09591E+09,6.10281E+09,6.10977E+09,6.11682E+09,6.12399E+09,6.1313E+09,6.13876E+09,6.14639E+09,6.15419E+09,6.16217E+09,6.17037E+09,6.1788E+09,6.18748E+09,6.19643E+09,6.20565E+09,6.21517E+09,6.22498E+09,6.2351E+09,6.24552E+09,6.25627E+09,6.26734E+09,6.27873E+09,6.29047E+09,6.30253E+09,6.31494E+09,6.32768E+09,6.34075E+09,6.35416E+09,6.36791E+09,6.38199E+09,6.39641E+09,6.41115E+09,6.42622E+09,6.44159E+09,6.45725E+09,6.47319E+09,6.4894E+09,6.50585E+09,6.52253E+09,6.53943E+09,6.55653E+09,6.57381E+09,6.59127E+09,6.60888E+09,6.62663E+09,6.64452E+09,6.66252E+09,6.68063E+09,6.69884E+09,6.71713E+09,6.73551E+09,6.75395E+09,6.77245E+09,6.791E+09,6.8096E+09,6.82824E+09,6.84691E+09,6.86561E+09,6.88434E+09,6.90309E+09,6.92186E+09,6.94064E+09,6.95945E+09,6.97827E+09,6.99712E+09,7.01599E+09,7.03489E+09,7.0538E+09,7.07274E+09,7.09169E+09,7.11065E+09,7.12962E+09,7.14859E+09,7.16755E+09,7.18651E+09,7.20545E+09,7.22437E+09,7.24327E+09,7.26212E+09,7.28093E+09,7.29967E+09,7.31836E+09,7.33697E+09,7.35552E+09,7.37399E+09,7.39239E+09,7.41073E+09,7.42899E+09,7.44719E+09,7.46533E+09,7.48339E+09,7.50139E+09,7.51933E+09,7.53719E+09,7.555E+09,7.57274E+09,7.59042E+09,7.60806E+09,7.62567E+09,7.64327E+09,7.66087E+09,7.67846E+09,7.69606E+09,7.71366E+09,7.73128E+09,7.7489E+09,7.76655E+09,7.78422E+09,7.80194E+09,7.8197E+09,7.83752E+09,7.85539E+09,7.87332E+09,7.89132E+09,7.90938E+09,7.92749E+09,7.94567E+09,7.96391E+09,7.98222E+09,8.00059E+09,8.01903E+09,8.03754E+09,8.05613E+09,8.07481E+09,8.09355E+09,8.11238E+09,8.13127E+09,8.15023E+09,8.16925E+09,8.18832E+09,8.20744E+09,8.22659E+09,8.24576E+09,8.26496E+09,8.28418E+09,8.30341E+09,8.32265E+09,8.34189E+09,8.36114E+09,8.38038E+09,8.39962E+09,8.41886E+09,8.43809E+09,8.45731E+09,8.47652E+09,8.49572E+09,8.51491E+09,8.53411E+09,8.55331E+09,8.57251E+09,8.59171E+09,8.6109E+09,8.6301E+09,8.64928E+09,8.66846E+09,8.68766E+09,8.70688E+09,8.72612E+09,8.7454E+09,8.76471E+09,8.78404E+09,8.80341E+09,8.8228E+09,8.84221E+09,8.86165E+09,8.88111E+09,8.90058E+09,8.92007E+09,8.93957E+09,8.95908E+09,8.97859E+09,8.99811E+09,9.01764E+09,9.03717E+09,9.05669E+09,9.07622E+09,9.09575E+09,9.11528E+09,9.13479E+09,9.1543E+09,9.17379E+09,9.19327E+09,9.21273E+09,9.23217E+09,9.25159E+09,9.27098E+09,9.29035E+09,9.30969E+09,9.329E+09,9.34828E+09,9.36753E+09,9.38676E+09,9.40596E+09,9.42515E+09,9.44432E+09,9.46347E+09,9.48261E+09,9.50173E+09,9.52083E+09,9.53989E+09,9.55892E+09,9.57791E+09,9.59685E+09,9.61574E+09,9.63458E+09,9.65335E+09,9.67205E+09,9.69068E+09,9.70923E+09,9.72771E+09,9.7461E+09,9.76441E+09,9.78263E+09,9.80076E+09,9.81879E+09,9.83674E+09,9.85459E+09,9.87235E+09,9.89E+09,9.90757E+09,9.92503E+09,9.9424E+09,9.95967E+09,9.97685E+09,9.99393E+09,1.00109E+10,1.00278E+10,1.00446E+10,1.00613E+10,1.00779E+10,1.00945E+10,1.01109E+10,1.01272E+10,1.01435E+10,1.01596E+10,1.01757E+10,1.01917E+10,1.02076E+10,1.02234E+10,1.02391E+10,1.02547E+10,1.02703E+10,1.02857E+10,1.03011E+10,1.03164E+10,1.03316E+10,1.03467E+10,1.03618E+10,1.03768E+10,1.03917E+10,1.04065E+10,1.04212E+10,1.04359E+10,1.04504E+10,1.04649E+10,1.04794E+10,1.04937E+10,1.0508E+10,1.05222E+10,1.05364E+10,1.05504E+10,1.05644E+10,1.05784E+10,1.05922E+10,1.0606E+10,1.06198E+10,1.06334E+10,1.0647E+10,1.06606E+10,1.06741E+10,1.06875E+10,1.07008E+10,1.07141E+10,1.07273E+10,1.07405E+10,1.07536E+10,1.07666E+10,1.07796E+10,1.07925E+10,1.08054E+10,1.08182E+10,1.08309E+10,1.08436E+10,1.08562E+10,1.08689E+10,1.08814E+10,1.0894E+10,1.09065E+10,1.0919E+10,1.09314E+10,1.09439E+10,1.09564E+10,1.09688E+10,1.09812E+10,1.09937E+10,1.10061E+10,1.10185E+10,1.10309E+10,1.10433E+10,1.10557E+10,1.10681E+10,1.10805E+10,1.10929E+10,1.11054E+10,1.11178E+10,1.11304E+10,1.11429E+10,1.11555E+10,1.11682E+10,1.11809E+10,1.11937E+10,1.12065E+10,1.12194E+10,1.12323E+10,1.12453E+10,1.12584E+10,1.12714E+10,1.12846E+10,1.12977E+10,1.13109E+10,1.13241E+10,1.13373E+10,1.13505E+10,1.13637E+10,1.13769E+10,1.13901E+10,1.14032E+10,1.14162E+10,1.14292E+10,1.14422E+10,1.1455E+10,1.14679E+10,1.14806E+10,1.14933E+10,1.1506E+10,1.15186E+10,1.15311E+10,1.15436E+10,1.1556E+10,1.15684E+10,1.15808E+10,1.1593E+10,1.16053E+10,1.16174E+10,1.16296E+10,1.16417E+10,1.16537E+10,1.16657E+10,1.16777E+10,1.16896E+10,1.17015E+10,1.17133E+10,1.17251E+10,1.17369E+10,1.17486E+10,1.17603E+10,1.17719E+10,1.17836E+10,1.17952E+10,1.18067E+10,1.18183E+10,1.18298E+10,1.18412E+10,1.18527E+10,1.18641E+10,1.18755E+10,1.18869E+10,1.18982E+10,1.19095E+10,1.19208E+10,1.19321E+10,1.19433E+10,1.19545E+10,1.19657E+10,1.19769E+10,1.1988E+10,1.19991E+10,1.20102E+10,1.20213E+10,1.20323E+10,1.20433E+10,1.20543E+10,1.20653E+10,1.20762E+10,1.20871E+10,1.2098E+10,1.21088E+10,1.21196E+10,1.21304E+10,1.21411E+10,1.21518E+10,1.21625E+10,1.21731E+10,1.21837E+10,1.21943E+10,1.22048E+10,1.22153E+10,1.22258E+10,1.22362E+10,1.22466E+10,1.22569E+10,1.22672E+10,1.22775E+10,1.22877E+10,1.22979E+10,1.23081E+10,1.23182E+10,1.23283E+10,1.23383E+10,1.23483E+10,1.23582E+10,1.23681E+10,1.2378E+10,1.23878E+10,1.23976E+10,1.24073E+10,1.2417E+10,1.24266E+10,1.24363E+10,1.24458E+10,1.24553E+10,1.24648E+10,1.24743E+10,1.24837E+10,1.2493E+10,1.25023E+10,1.25116E+10,1.25209E+10,1.25301E+10,1.25392E+10,1.25483E+10,1.25574E+10,1.25664E+10,1.25754E+10,1.25844E+10,1.25933E+10,1.26022E+10,1.2611E+10,1.26198E+10,1.26286E+10,1.26374E+10,1.2646E+10,1.26547E+10,1.26633E+10,1.26719E+10,1.26805E+10,1.2689E+10,1.26975E+10
"Cost of GDP Cumulative[New Jersey]",0,0,0,0,0,0,0,0,0,0,0,0,0,0,0,0,0,0,0,0,0,2.03407E-41,4.73024E-41,8.08077E-41,2.92507E-40,1.14051E-39,2.31728E-39,3.49758E-39,4.77369E-39,6.19033E-39,8.57517E-39,0.000190837,0.00396608,0.0244266,0.0898777,0.247857,0.56836,1.14788,2.12151,3.70417,6.29218,10.6407,18.0751,30.6792,52.5541,101.107,198.873,409.277,830.364,1535.08,2574.9,4036.23,6031.43,8667.38,12047.3,16270,21431,27635.6,35068.4,43945,54476.8,66882.8,81416.3,98380.6,118135,141099,167754,198639,234341,275559,323279,385174,470685,583341,726425,904849,1.12519E+06,1.40597E+06,1.77575E+06,2.26362E+06,2.9259E+06,3.8224E+06,5.00732E+06,6.56245E+06,8.55276E+06,1.10194E+07,1.39915E+07,1.75076E+07,2.16708E+07,2.65785E+07,3.23014E+07,3.90552E+07,4.71012E+07,5.66303E+07,6.7752E+07,8.05182E+07,9.49482E+07,1.11039E+08,1.28782E+08,1.48164E+08,1.69175E+08,1.91822E+08,2.16105E+08,2.42017E+08,2.69544E+08,2.98661E+08,3.29344E+08,3.61562E+08,3.9528E+08,4.3046E+08,4.67066E+08,5.05065E+08,5.44429E+08,5.85162E+08,6.27351E+08,6.71646E+08,7.1889E+08,7.69481E+08,8.23631E+08,8.81466E+08,9.4305E+08,1.0084E+09,1.0777E+09,1.15128E+09,1.22932E+09,1.31192E+09,1.39908E+09,1.49077E+09,1.58694E+09,1.68752E+09,1.7925E+09,1.90189E+09,2.01569E+09,2.13386E+09,2.25637E+09,2.38312E+09,2.51399E+09,2.64885E+09,2.78757E+09,2.92998E+09,3.07593E+09,3.22526E+09,3.37782E+09,3.53344E+09,3.69195E+09,3.85321E+09,4.01703E+09,4.18324E+09,4.35169E+09,4.52219E+09,4.69458E+09,4.8687E+09,5.04438E+09,5.22145E+09,5.39974E+09,5.57909E+09,5.75934E+09,5.94032E+09,6.12187E+09,6.30385E+09,6.48611E+09,6.6685E+09,6.85088E+09,7.03314E+09,7.21513E+09,7.39675E+09,7.5779E+09,7.75846E+09,7.93835E+09,8.1175E+09,8.29587E+09,8.47347E+09,8.65035E+09,8.82662E+09,9.00236E+09,9.17764E+09,9.35248E+09,9.52688E+09,9.70083E+09,9.87432E+09,1.00473E+10,1.02198E+10,1.03916E+10,1.05628E+10,1.07333E+10,1.09031E+10,1.1072E+10,1.124E+10,1.1407E+10,1.1573E+10,1.1738E+10,1.19019E+10,1.20649E+10,1.22269E+10,1.23878E+10,1.25478E+10,1.27068E+10,1.28648E+10,1.30218E+10,1.31779E+10,1.33329E+10,1.3487E+10,1.36402E+10,1.37923E+10,1.39436E+10,1.40938E+10,1.42432E+10,1.43916E+10,1.4539E+10,1.46855E+10,1.48312E+10,1.49758E+10,1.51196E+10,1.52625E+10,1.54044E+10,1.55455E+10,1.56856E+10,1.58249E+10,1.59633E+10,1.61007E+10,1.62374E+10,1.63731E+10,1.6508E+10,1.6642E+10,1.67751E+10,1.69074E+10,1.70388E+10,1.71694E+10,1.72992E+10,1.74281E+10,1.75562E+10,1.76835E+10,1.78099E+10,1.79355E+10,1.80603E+10,1.81843E+10,1.83075E+10,1.84299E+10,1.85516E+10,1.86724E+10,1.87924E+10,1.89117E+10,1.90301E+10,1.91479E+10,1.92648E+10,1.9381E+10,1.94964E+10,1.96111E+10,1.97251E+10,1.98383E+10,1.99507E+10,2.00624E+10,2.01735E+10,2.02837E+10,2.03933E+10,2.05021E+10,2.06103E+10,2.07177E+10,2.08245E+10,2.09305E+10,2.10359E+10,2.11405E+10,2.12445E+10,2.13479E+10,2.14505E+10,2.15525E+10,2.16538E+10,2.17545E+10,2.18545E+10,2.19538E+10,2.20525E+10,2.21506E+10,2.2248E+10,2.23448E+10,2.2441E+10,2.25366E+10,2.26315E+10,2.27258E+10,2.28196E+10,2.29127E+10,2.30052E+10,2.30971E+10,2.31884E+10,2.32791E+10,2.33693E+10,2.34589E+10,2.35478E+10,2.36363E+10,2.37241E+10,2.38114E+10,2.38981E+10,2.39843E+10,2.40699E+10,2.4155E+10,2.42395E+10,2.43235E+10,2.44069E+10,2.44898E+10,2.45722E+10,2.46541E+10,2.47355E+10,2.48163E+10,2.48966E+10,2.49764E+10,2.50557E+10,2.51345E+10,2.52128E+10,2.52906E+10,2.5368E+10,2.54448E+10,2.55212E+10,2.55971E+10,2.56725E+10,2.57474E+10,2.58219E+10,2.58959E+10,2.59695E+10,2.60426E+10,2.61152E+10,2.61874E+10,2.62592E+10,2.63305E+10,2.64013E+10,2.64718E+10,2.65418E+10,2.66114E+10,2.66805E+10,2.67493E+10,2.68176E+10,2.68855E+10,2.6953E+10,2.70201E+10,2.70867E+10,2.7153E+10,2.72189E+10,2.72844E+10,2.73495E+10,2.74143E+10,2.74786E+10,2.75426E+10,2.76062E+10,2.76694E+10,2.77323E+10,2.77948E+10,2.78569E+10,2.79187E+10,2.79802E+10,2.80413E+10,2.8102E+10,2.81625E+10,2.82225E+10,2.82823E+10,2.83417E+10,2.84008E+10,2.84596E+10,2.85181E+10,2.85763E+10,2.86341E+10,2.86917E+10,2.87489E+10,2.88059E+10,2.88626E+10,2.89189E+10,2.8975E+10,2.90309E+10,2.90864E+10,2.91417E+10,2.91967E+10,2.92514E+10,2.93059E+10,2.93601E+10,2.94141E+10,2.94679E+10,2.95216E+10,2.95753E+10,2.96292E+10,2.96833E+10,2.97378E+10,2.97927E+10,2.98481E+10,2.99041E+10,2.99609E+10,3.00185E+10,3.00771E+10,3.01368E+10,3.01976E+10,3.02598E+10,3.03232E+10,3.0388E+10,3.04539E+10,3.05212E+10,3.05897E+10,3.06595E+10,3.07305E+10,3.08029E+10,3.08765E+10,3.09514E+10,3.10276E+10,3.11049E+10,3.11834E+10,3.12631E+10,3.13437E+10,3.14254E+10,3.1508E+10,3.15914E+10,3.16756E+10,3.17605E+10,3.18461E+10,3.19323E+10,3.20191E+10,3.21066E+10,3.21946E+10,3.22832E+10,3.23725E+10,3.24624E+10,3.25528E+10,3.26439E+10,3.27354E+10,3.28274E+10,3.29199E+10,3.30127E+10,3.3106E+10,3.31998E+10,3.32939E+10,3.33884E+10,3.34831E+10,3.35781E+10,3.36734E+10,3.3769E+10,3.38648E+10,3.3961E+10,3.40574E+10,3.41541E+10,3.4251E+10,3.43482E+10,3.44456E+10,3.45432E+10,3.46409E+10,3.47387E+10,3.48366E+10,3.49345E+10,3.50325E+10,3.51305E+10,3.52283E+10,3.53259E+10,3.54233E+10,3.55204E+10,3.56171E+10,3.57133E+10,3.58091E+10,3.59044E+10,3.59993E+10,3.60938E+10,3.61877E+10,3.62813E+10,3.63744E+10,3.6467E+10,3.65593E+10,3.66511E+10,3.67424E+10,3.68334E+10,3.69239E+10,3.7014E+10,3.71037E+10,3.7193E+10,3.72818E+10,3.73702E+10,3.74583E+10,3.75459E+10,3.76331E+10,3.77199E+10,3.78063E+10,3.78923E+10,3.7978E+10,3.80632E+10,3.8148E+10,3.82325E+10,3.83166E+10,3.84003E+10,3.84836E+10,3.85666E+10,3.86491E+10,3.87313E+10,3.88132E+10,3.88946E+10,3.89757E+10,3.90565E+10,3.91368E+10,3.92168E+10,3.92965E+10,3.93758E+10,3.94547E+10,3.95333E+10,3.96115E+10,3.96893E+10,3.97669E+10,3.9844E+10,3.99208E+10,3.99973E+10,4.00735E+10,4.01492E+10,4.02247E+10,4.02998E+10,4.03746E+10,4.0449E+10,4.05232E+10,4.05969E+10,4.06704E+10,4.07435E+10,4.08164E+10,4.08888E+10,4.0961E+10,4.10328E+10,4.11044E+10,4.11756E+10,4.12465E+10,4.1317E+10,4.13873E+10,4.14572E+10,4.15269E+10,4.15962E+10,4.16652E+10,4.17339E+10,4.18023E+10,4.18704E+10,4.19382E+10,4.20057E+10,4.20729E+10,4.21397E+10,4.22063E+10,4.22726E+10,4.23386E+10,4.24042E+10,4.24696E+10,4.25347E+10,4.25995E+10,4.2664E+10,4.27282E+10,4.27921E+10,4.28557E+10,4.2919E+10,4.2982E+10,4.30447E+10,4.31072E+10,4.31693E+10,4.32312E+10,4.32928E+10,4.33541E+10,4.34151E+10,4.34758E+10,4.35363E+10,4.35965E+10,4.36564E+10,4.3716E+10,4.37754E+10,4.38345E+10,4.38933E+10,4.39518E+10,4.40101E+10,4.40681E+10,4.41259E+10,4.41834E+10,4.42406E+10,4.42975E+10,4.43542E+10,4.44107E+10,4.44668E+10,4.45227E+10,4.45784E+10,4.46337E+10,4.46889E+10,4.47437E+10,4.47983E+10,4.48527E+10,4.49068E+10,4.49606E+10,4.50142E+10,4.50676E+10,4.51207E+10,4.51735E+10,4.52261E+10,4.52784E+10,4.53305E+10,4.53824E+10,4.5434E+10,4.54854E+10,4.55365E+10,4.55874E+10,4.56381E+10,4.56885E+10,4.57387E+10,4.57887E+10,4.58385E+10,4.58881E+10,4.59377E+10,4.59872E+10,4.60368E+10,4.60864E+10,4.61363E+10,4.61863E+10,4.62366E+10,4.62873E+10,4.63384E+10,4.63899E+10,4.64418E+10,4.64942E+10,4.65469E+10,4.66E+10,4.66534E+10,4.67072E+10,4.67612E+10,4.68155E+10,4.68701E+10,4.6925E+10,4.69802E+10,4.70357E+10,4.70914E+10,4.71475E+10,4.72038E+10,4.72605E+10,4.73175E+10,4.73748E+10,4.74325E+10,4.74906E+10,4.75492E+10,4.76083E+10,4.76681E+10,4.77288E+10,4.77906E+10,4.78536E+10,4.79179E+10,4.79835E+10,4.80506E+10,4.81193E+10,4.81897E+10,4.82621E+10,4.83365E+10,4.8413E+10,4.84916E+10,4.85725E+10,4.86557E+10,4.87412E+10,4.88291E+10,4.89194E+10,4.90122E+10,4.91074E+10,4.92052E+10,4.93054E+10,4.94081E+10,4.95133E+10,4.9621E+10,4.97312E+10,4.98439E+10,4.99591E+10,5.00766E+10,5.01965E+10,5.03187E+10,5.04431E+10,5.05695E+10,5.06978E+10,5.0828E+10,5.09599E+10,5.10934E+10,5.12283E+10,5.13646E+10,5.15021E+10,5.16408E+10,5.17805E+10,5.19212E+10,5.20627E+10,5.2205E+10,5.23481E+10,5.24917E+10,5.26359E+10,5.27805E+10,5.29256E+10,5.3071E+10,5.32167E+10,5.33627E+10,5.35089E+10,5.36553E+10,5.38019E+10,5.39486E+10,5.40953E+10,5.42422E+10,5.43891E+10,5.45361E+10,5.46832E+10,5.48304E+10,5.49777E+10,5.51251E+10,5.52725E+10,5.54199E+10,5.55673E+10,5.57147E+10,5.5862E+10,5.60091E+10,5.61561E+10,5.63029E+10,5.64493E+10,5.65955E+10,5.67412E+10,5.68865E+10,5.70312E+10,5.71753E+10,5.73188E+10,5.74617E+10,5.76039E+10,5.77454E+10,5.78864E+10,5.80267E+10,5.81663E+10,5.83054E+10,5.84438E+10,5.85816E+10,5.87188E+10,5.88554E+10,5.89915E+10,5.91269E+10,5.92617E+10,5.93961E+10,5.95302E+10,5.9664E+10,5.97977E+10,5.99312E+10,6.00646E+10,6.01979E+10,6.03311E+10,6.04642E+10,6.05974E+10,6.07306E+10,6.0864E+10,6.09976E+10,6.11315E+10,6.12657E+10,6.14001E+10,6.15349E+10,6.16701E+10,6.18055E+10,6.19413E+10,6.20774E+10,6.22139E+10,6.23507E+10,6.24879E+10,6.26256E+10,6.27638E+10,6.29024E+10,6.30416E+10,6.31812E+10,6.33213E+10,6.34618E+10,6.36027E+10,6.37439E+10,6.38854E+10,6.40271E+10,6.4169E+10,6.4311E+10,6.44531E+10,6.45951E+10,6.47372E+10,6.48793E+10,6.50214E+10,6.51634E+10,6.53053E+10,6.54472E+10,6.5589E+10,6.57308E+10,6.58724E+10,6.6014E+10,6.61556E+10,6.62971E+10,6.64388E+10,6.65804E+10,6.67221E+10,6.68638E+10,6.70056E+10,6.71473E+10,6.72892E+10,6.74311E+10,6.75734E+10,6.77159E+10,6.78586E+10,6.80017E+10,6.81451E+10,6.82888E+10,6.84328E+10,6.8577E+10,6.87215E+10,6.88662E+10,6.9011E+10,6.9156E+10,6.93012E+10,6.94465E+10,6.95918E+10,6.97372E+10,6.98827E+10,7.00282E+10,7.01737E+10,7.03193E+10,7.04649E+10,7.06104E+10,7.07559E+10,7.09013E+10,7.10467E+10,7.11919E+10,7.13371E+10,7.14821E+10,7.16269E+10,7.17715E+10,7.1916E+10,7.20603E+10,7.22044E+10,7.23482E+10,7.24919E+10,7.26354E+10,7.27787E+10,7.29218E+10,7.30649E+10,7.32079E+10,7.33507E+10,7.34934E+10,7.36359E+10,7.37782E+10,7.39202E+10,7.40619E+10,7.42033E+10,7.43443E+10,7.44849E+10,7.46249E+10,7.47645E+10,7.49036E+10,7.50421E+10,7.518E+10,7.53173E+10,7.5454E+10,7.559E+10,7.57254E+10,7.58601E+10,7.59941E+10,7.61274E+10,7.626E+10,7.6392E+10,7.65232E+10,7.66538E+10,7.67837E+10,7.69129E+10,7.70415E+10,7.71693E+10,7.72966E+10,7.74231E+10,7.7549E+10,7.76742E+10,7.77988E+10,7.79228E+10,7.8046E+10,7.81687E+10,7.82907E+10,7.84121E+10,7.85328E+10,7.8653E+10,7.87725E+10,7.88914E+10,7.90097E+10,7.91274E+10,7.92445E+10,7.9361E+10,7.94769E+10,7.95923E+10,7.9707E+10,7.98212E+10,7.99349E+10,8.00479E+10,8.01605E+10,8.02724E+10,8.03839E+10,8.04948E+10,8.06051E+10,8.07149E+10,8.08243E+10,8.09331E+10,8.10413E+10,8.11491E+10,8.12564E+10,8.13632E+10,8.14694E+10,8.15752E+10,8.16805E+10,8.17854E+10,8.18897E+10,8.19936E+10,8.2097E+10,8.21999E+10,8.23024E+10,8.24043E+10,8.25059E+10,8.26069E+10,8.27075E+10,8.28077E+10,8.29074E+10,8.30067E+10,8.31055E+10,8.32039E+10,8.33019E+10,8.33995E+10,8.34967E+10,8.35935E+10,8.36901E+10,8.37863E+10,8.38823E+10,8.39781E+10,8.40736E+10,8.41691E+10,8.42644E+10,8.43597E+10,8.4455E+10,8.45502E+10,8.46454E+10,8.47405E+10,8.48356E+10,8.49307E+10,8.50258E+10,8.51209E+10,8.5216E+10,8.53112E+10,8.54065E+10,8.55019E+10,8.55976E+10,8.56935E+10,8.57898E+10,8.58863E+10,8.59833E+10,8.60806E+10,8.61784E+10,8.62767E+10,8.63754E+10,8.64746E+10,8.65742E+10,8.66742E+10,8.67746E+10,8.68754E+10,8.69764E+10,8.70777E+10,8.71792E+10,8.72808E+10,8.73826E+10,8.74844E+10,8.75863E+10,8.76879E+10,8.77894E+10,8.78906E+10,8.79914E+10,8.80918E+10,8.81919E+10,8.82915E+10,8.83908E+10,8.84897E+10,8.85882E+10,8.86864E+10,8.87842E+10,8.88817E+10,8.89789E+10,8.90757E+10,8.91722E+10,8.92684E+10,8.93642E+10,8.94598E+10,8.95551E+10,8.96501E+10,8.97449E+10,8.98394E+10,8.99336E+10,9.00276E+10,9.01214E+10,9.02149E+10,9.03082E+10,9.04013E+10,9.04942E+10,9.05869E+10,9.06794E+10,9.07717E+10,9.08637E+10,9.09556E+10,9.10472E+10,9.11387E+10,9.12299E+10,9.13209E+10,9.14117E+10,9.15023E+10,9.15926E+10,9.16827E+10,9.17726E+10,9.18622E+10,9.19516E+10,9.20407E+10,9.21296E+10,9.22182E+10,9.23066E+10,9.23947E+10,9.24825E+10,9.257E+10,9.26573E+10,9.27442E+10,9.28309E+10,9.29173E+10,9.30033E+10,9.30891E+10,9.31746E+10,9.32597E+10,9.33446E+10,9.34291E+10,9.35133E+10,9.35972E+10,9.36807E+10,9.3764E+10,9.38469E+10,9.39295E+10,9.40118E+10,9.40937E+10,9.41753E+10,9.42566E+10,9.43376E+10,9.44182E+10,9.44985E+10,9.45785E+10,9.46581E+10,9.47374E+10,9.48164E+10,9.48951E+10,9.49735E+10,9.50515E+10,9.51292E+10,9.52067E+10,9.52837E+10,9.53605E+10,9.5437E+10,9.55131E+10,9.5589E+10,9.56645E+10,9.57398E+10,9.58147E+10,9.58894E+10,9.59638E+10,9.60379E+10,9.61117E+10,9.61852E+10,9.62584E+10,9.63314E+10,9.64041E+10,9.64766E+10,9.65488E+10,9.66207E+10,9.66924E+10,9.67638E+10,9.68349E+10,9.69059E+10,9.69766E+10,9.7047E+10,9.71172E+10,9.71872E+10,9.7257E+10,9.73265E+10,9.73958E+10,9.74649E+10,9.75338E+10,9.76025E+10,9.7671E+10,9.77392E+10,9.78073E+10,9.78752E+10,9.79428E+10,9.80103E+10
"Cost of GDP Cumulative[New Mexico]",0,0,0,0,0,0,0,0,0,0,0,0,0,0,0,0,0,0,0,0,0,3.46945E-42,8.06823E-42,1.37832E-41,4.98932E-41,1.94541E-40,3.95267E-40,5.96597E-40,8.1427E-40,7.05668E-05,0.00895886,0.093348,0.46411,1.60254,4.46995,10.8771,24.1388,50.2155,99.7187,191.455,358.699,660.271,1199.81,2157.93,3841.1,6744.38,11602.3,19405.1,31339.9,48672.1,72636.1,104372,144888,195045,255557,327007,409858,504472,611138,730077,861443,1.00534E+06,1.16185E+06,1.33101E+06,1.51287E+06,1.70747E+06,1.91483E+06,2.13501E+06,2.36807E+06,2.61406E+06,2.87313E+06,3.14657E+06,3.43602E+06,3.74205E+06,4.06519E+06,4.40626E+06,4.76638E+06,5.14877E+06,5.55843E+06,6.00043E+06,6.4847E+06,7.02173E+06,7.62104E+06,8.29702E+06,9.06107E+06,9.92037E+06,1.088E+07,1.19466E+07,1.31384E+07,1.44724E+07,1.5961E+07,1.76423E+07,1.95625E+07,2.1755E+07,2.42391E+07,2.70238E+07,3.01122E+07,3.35037E+07,3.71962E+07,4.11873E+07,4.54747E+07,5.00593E+07,5.49408E+07,6.01175E+07,6.55859E+07,7.13418E+07,7.73797E+07,8.36936E+07,9.02765E+07,9.7121E+07,1.0422E+08,1.11566E+08,1.19153E+08,1.26979E+08,1.35057E+08,1.43499E+08,1.52451E+08,1.61981E+08,1.72122E+08,1.82894E+08,1.94306E+08,2.06358E+08,2.19078E+08,2.32521E+08,2.46719E+08,2.61682E+08,2.77408E+08,2.93888E+08,3.11109E+08,3.29054E+08,3.47716E+08,3.67096E+08,3.87187E+08,4.07984E+08,4.29477E+08,4.51646E+08,4.74472E+08,4.97929E+08,5.21994E+08,5.46638E+08,5.71836E+08,5.9756E+08,6.23783E+08,6.50478E+08,6.77618E+08,7.05176E+08,7.33123E+08,7.61432E+08,7.90075E+08,8.19024E+08,8.48253E+08,8.77734E+08,9.07439E+08,9.37342E+08,9.67415E+08,9.9763E+08,1.02796E+09,1.05838E+09,1.08886E+09,1.11939E+09,1.14992E+09,1.18045E+09,1.21094E+09,1.24139E+09,1.27176E+09,1.30203E+09,1.3322E+09,1.36225E+09,1.39216E+09,1.42191E+09,1.45152E+09,1.48097E+09,1.51027E+09,1.53946E+09,1.56854E+09,1.59752E+09,1.62641E+09,1.65522E+09,1.68393E+09,1.71255E+09,1.74108E+09,1.7695E+09,1.79782E+09,1.82601E+09,1.85407E+09,1.88199E+09,1.90976E+09,1.93737E+09,1.96481E+09,1.99206E+09,2.01914E+09,2.04605E+09,2.07278E+09,2.09934E+09,2.12573E+09,2.15194E+09,2.17799E+09,2.20387E+09,2.22958E+09,2.25513E+09,2.28051E+09,2.30573E+09,2.33078E+09,2.35568E+09,2.38041E+09,2.40498E+09,2.4294E+09,2.45366E+09,2.47776E+09,2.5017E+09,2.5255E+09,2.54913E+09,2.57262E+09,2.59596E+09,2.61914E+09,2.64218E+09,2.66507E+09,2.68781E+09,2.7104E+09,2.73285E+09,2.75516E+09,2.77732E+09,2.79934E+09,2.82122E+09,2.84296E+09,2.86457E+09,2.88603E+09,2.90736E+09,2.92855E+09,2.9496E+09,2.97052E+09,2.99131E+09,3.01197E+09,3.0325E+09,3.05289E+09,3.07316E+09,3.0933E+09,3.11332E+09,3.13321E+09,3.15298E+09,3.17262E+09,3.19214E+09,3.21154E+09,3.23082E+09,3.24999E+09,3.26903E+09,3.28796E+09,3.30677E+09,3.32547E+09,3.34405E+09,3.36252E+09,3.38088E+09,3.39912E+09,3.41726E+09,3.43528E+09,3.4532E+09,3.471E+09,3.4887E+09,3.5063E+09,3.52378E+09,3.54117E+09,3.55844E+09,3.57562E+09,3.59269E+09,3.60965E+09,3.62652E+09,3.64329E+09,3.65995E+09,3.67652E+09,3.69298E+09,3.70935E+09,3.72562E+09,3.7418E+09,3.75787E+09,3.77386E+09,3.78975E+09,3.80554E+09,3.82124E+09,3.83685E+09,3.85236E+09,3.86778E+09,3.88312E+09,3.89836E+09,3.91351E+09,3.92857E+09,3.94354E+09,3.95843E+09,3.97322E+09,3.98793E+09,4.00255E+09,4.01709E+09,4.03154E+09,4.04591E+09,4.06019E+09,4.07438E+09,4.08849E+09,4.10252E+09,4.11647E+09,4.13033E+09,4.14411E+09,4.15781E+09,4.17143E+09,4.18496E+09,4.19842E+09,4.2118E+09,4.2251E+09,4.23832E+09,4.25147E+09,4.26453E+09,4.27752E+09,4.29044E+09,4.30328E+09,4.31605E+09,4.32874E+09,4.34137E+09,4.35392E+09,4.36639E+09,4.3788E+09,4.39114E+09,4.40341E+09,4.4156E+09,4.42773E+09,4.43979E+09,4.45179E+09,4.46372E+09,4.47558E+09,4.48737E+09,4.4991E+09,4.51077E+09,4.52237E+09,4.53391E+09,4.54538E+09,4.55679E+09,4.56815E+09,4.57944E+09,4.59067E+09,4.60184E+09,4.61296E+09,4.62401E+09,4.63501E+09,4.64595E+09,4.65684E+09,4.66767E+09,4.67844E+09,4.68917E+09,4.69983E+09,4.71045E+09,4.72101E+09,4.73152E+09,4.74198E+09,4.75238E+09,4.76274E+09,4.77305E+09,4.7833E+09,4.79351E+09,4.80367E+09,4.81378E+09,4.82385E+09,4.83387E+09,4.84384E+09,4.85377E+09,4.86365E+09,4.87349E+09,4.88328E+09,4.89304E+09,4.90275E+09,4.91241E+09,4.92204E+09,4.93163E+09,4.94117E+09,4.95068E+09,4.96014E+09,4.96958E+09,4.97901E+09,4.98844E+09,4.9979E+09,5.00741E+09,5.01698E+09,5.02662E+09,5.03635E+09,5.04619E+09,5.05616E+09,5.06627E+09,5.07656E+09,5.08703E+09,5.09771E+09,5.10861E+09,5.11973E+09,5.13107E+09,5.14263E+09,5.15441E+09,5.1664E+09,5.17861E+09,5.19104E+09,5.20369E+09,5.21655E+09,5.22964E+09,5.24294E+09,5.25644E+09,5.27014E+09,5.28403E+09,5.2981E+09,5.31233E+09,5.32672E+09,5.34125E+09,5.35591E+09,5.37069E+09,5.38558E+09,5.40057E+09,5.41565E+09,5.43084E+09,5.44612E+09,5.46151E+09,5.477E+09,5.49259E+09,5.50828E+09,5.52406E+09,5.53992E+09,5.55586E+09,5.57187E+09,5.58795E+09,5.60411E+09,5.62034E+09,5.63663E+09,5.65298E+09,5.66938E+09,5.68583E+09,5.70233E+09,5.71887E+09,5.73546E+09,5.7521E+09,5.76879E+09,5.78553E+09,5.80232E+09,5.81914E+09,5.83601E+09,5.8529E+09,5.86983E+09,5.88676E+09,5.90372E+09,5.92069E+09,5.93766E+09,5.95462E+09,5.97157E+09,5.98848E+09,6.00535E+09,6.02216E+09,6.03891E+09,6.05558E+09,6.07217E+09,6.08868E+09,6.10511E+09,6.12146E+09,6.13773E+09,6.15392E+09,6.17004E+09,6.18608E+09,6.20204E+09,6.21793E+09,6.23374E+09,6.24948E+09,6.26514E+09,6.28073E+09,6.29625E+09,6.31169E+09,6.32706E+09,6.34235E+09,6.35757E+09,6.37272E+09,6.3878E+09,6.4028E+09,6.41774E+09,6.4326E+09,6.4474E+09,6.46212E+09,6.47677E+09,6.49136E+09,6.50587E+09,6.52032E+09,6.5347E+09,6.54901E+09,6.56325E+09,6.57742E+09,6.59153E+09,6.60556E+09,6.61953E+09,6.63344E+09,6.64727E+09,6.66104E+09,6.67474E+09,6.68837E+09,6.70194E+09,6.71544E+09,6.72888E+09,6.74225E+09,6.75556E+09,6.76879E+09,6.78197E+09,6.79508E+09,6.80812E+09,6.82111E+09,6.83402E+09,6.84688E+09,6.85967E+09,6.87239E+09,6.88506E+09,6.89766E+09,6.9102E+09,6.92268E+09,6.9351E+09,6.94746E+09,6.95975E+09,6.97199E+09,6.98417E+09,6.99628E+09,7.00834E+09,7.02034E+09,7.03228E+09,7.04417E+09,7.056E+09,7.06776E+09,7.07948E+09,7.09114E+09,7.10274E+09,7.11428E+09,7.12578E+09,7.13721E+09,7.1486E+09,7.15993E+09,7.17121E+09,7.18243E+09,7.19361E+09,7.20473E+09,7.2158E+09,7.22682E+09,7.2378E+09,7.24872E+09,7.25959E+09,7.27042E+09,7.28119E+09,7.29192E+09,7.30261E+09,7.31324E+09,7.32383E+09,7.33437E+09,7.34487E+09,7.35532E+09,7.36573E+09,7.37609E+09,7.38641E+09,7.39669E+09,7.40692E+09,7.41711E+09,7.42725E+09,7.43736E+09,7.44742E+09,7.45744E+09,7.46742E+09,7.47736E+09,7.48726E+09,7.49713E+09,7.50695E+09,7.51673E+09,7.52648E+09,7.53619E+09,7.54586E+09,7.5555E+09,7.5651E+09,7.57466E+09,7.58418E+09,7.59367E+09,7.60312E+09,7.61253E+09,7.62191E+09,7.63125E+09,7.64056E+09,7.64983E+09,7.65907E+09,7.66827E+09,7.67743E+09,7.68656E+09,7.69565E+09,7.70471E+09,7.71373E+09,7.72271E+09,7.73167E+09,7.74058E+09,7.74946E+09,7.75831E+09,7.76712E+09,7.77591E+09,7.78467E+09,7.79341E+09,7.80214E+09,7.81086E+09,7.81958E+09,7.82832E+09,7.83709E+09,7.8459E+09,7.85476E+09,7.86368E+09,7.87266E+09,7.88174E+09,7.89089E+09,7.90013E+09,7.90945E+09,7.91884E+09,7.9283E+09,7.93783E+09,7.94743E+09,7.95708E+09,7.96679E+09,7.97656E+09,7.98638E+09,7.99626E+09,8.00619E+09,8.01618E+09,8.02622E+09,8.03632E+09,8.04647E+09,8.05669E+09,8.06697E+09,8.07732E+09,8.08773E+09,8.09823E+09,8.10882E+09,8.11953E+09,8.1304E+09,8.14145E+09,8.15271E+09,8.1642E+09,8.17591E+09,8.18787E+09,8.20012E+09,8.21266E+09,8.22554E+09,8.23877E+09,8.25237E+09,8.26634E+09,8.28071E+09,8.29549E+09,8.31067E+09,8.32628E+09,8.34232E+09,8.35881E+09,8.37574E+09,8.39312E+09,8.41096E+09,8.42925E+09,8.44799E+09,8.4672E+09,8.48687E+09,8.507E+09,8.52758E+09,8.54862E+09,8.57009E+09,8.59199E+09,8.61429E+09,8.63699E+09,8.66006E+09,8.68347E+09,8.70721E+09,8.73126E+09,8.7556E+09,8.7802E+09,8.80505E+09,8.83014E+09,8.85543E+09,8.88092E+09,8.90658E+09,8.93241E+09,8.95839E+09,8.9845E+09,9.01074E+09,9.03709E+09,9.06354E+09,9.09009E+09,9.11671E+09,9.1434E+09,9.17016E+09,9.19698E+09,9.22384E+09,9.25075E+09,9.27769E+09,9.30467E+09,9.33168E+09,9.35872E+09,9.3858E+09,9.41291E+09,9.44005E+09,9.46721E+09,9.4944E+09,9.52161E+09,9.54883E+09,9.57605E+09,9.60327E+09,9.63047E+09,9.65765E+09,9.68481E+09,9.71192E+09,9.73899E+09,9.76599E+09,9.79292E+09,9.81975E+09,9.84649E+09,9.87312E+09,9.89964E+09,9.92604E+09,9.95233E+09,9.97851E+09,1.00046E+10,1.00305E+10,1.00564E+10,1.00821E+10,1.01077E+10,1.01332E+10,1.01586E+10,1.01838E+10,1.0209E+10,1.0234E+10,1.02589E+10,1.02838E+10,1.03086E+10,1.03334E+10,1.03582E+10,1.03829E+10,1.04075E+10,1.04322E+10,1.04568E+10,1.04814E+10,1.0506E+10,1.05306E+10,1.05552E+10,1.05799E+10,1.06046E+10,1.06293E+10,1.0654E+10,1.06788E+10,1.07036E+10,1.07284E+10,1.07532E+10,1.07781E+10,1.0803E+10,1.0828E+10,1.0853E+10,1.0878E+10,1.09031E+10,1.09283E+10,1.09535E+10,1.09788E+10,1.1004E+10,1.10294E+10,1.10547E+10,1.10801E+10,1.11055E+10,1.11308E+10,1.11562E+10,1.11815E+10,1.12068E+10,1.12321E+10,1.12574E+10,1.12826E+10,1.13078E+10,1.1333E+10,1.13581E+10,1.13832E+10,1.14082E+10,1.14332E+10,1.14582E+10,1.14831E+10,1.15081E+10,1.1533E+10,1.15578E+10,1.15827E+10,1.16075E+10,1.16323E+10,1.16571E+10,1.16819E+10,1.17067E+10,1.17315E+10,1.17564E+10,1.17812E+10,1.18062E+10,1.18311E+10,1.18562E+10,1.18812E+10,1.19064E+10,1.19316E+10,1.19569E+10,1.19822E+10,1.20076E+10,1.20331E+10,1.20587E+10,1.20843E+10,1.21101E+10,1.21359E+10,1.21618E+10,1.21878E+10,1.22138E+10,1.224E+10,1.22662E+10,1.22925E+10,1.23189E+10,1.23454E+10,1.23719E+10,1.23985E+10,1.24251E+10,1.24518E+10,1.24785E+10,1.25052E+10,1.2532E+10,1.25589E+10,1.25857E+10,1.26126E+10,1.26395E+10,1.26664E+10,1.26934E+10,1.27203E+10,1.27473E+10,1.27743E+10,1.28013E+10,1.28283E+10,1.28553E+10,1.28823E+10,1.29092E+10,1.29361E+10,1.29629E+10,1.29897E+10,1.30164E+10,1.3043E+10,1.30696E+10,1.30961E+10,1.31224E+10,1.31487E+10,1.31749E+10,1.32009E+10,1.32269E+10,1.32527E+10,1.32784E+10,1.3304E+10,1.33295E+10,1.33549E+10,1.33801E+10,1.34052E+10,1.34302E+10,1.34551E+10,1.34799E+10,1.35045E+10,1.3529E+10,1.35534E+10,1.35777E+10,1.36019E+10,1.36259E+10,1.36499E+10,1.36737E+10,1.36973E+10,1.37209E+10,1.37444E+10,1.37677E+10,1.37909E+10,1.3814E+10,1.3837E+10,1.38599E+10,1.38826E+10,1.39053E+10,1.39278E+10,1.39502E+10,1.39725E+10,1.39947E+10,1.40168E+10,1.40388E+10,1.40606E+10,1.40824E+10,1.41041E+10,1.41256E+10,1.4147E+10,1.41684E+10,1.41896E+10,1.42107E+10,1.42318E+10,1.42527E+10,1.42735E+10,1.42943E+10,1.43149E+10,1.43354E+10,1.43559E+10,1.43762E+10,1.43964E+10,1.44166E+10,1.44367E+10,1.44566E+10,1.44765E+10,1.44963E+10,1.4516E+10,1.45356E+10,1.45552E+10,1.45746E+10,1.4594E+10,1.46133E+10,1.46325E+10,1.46516E+10,1.46706E+10,1.46896E+10,1.47085E+10,1.47273E+10,1.47461E+10,1.47648E+10,1.47835E+10,1.48021E+10,1.48206E+10,1.48392E+10,1.48577E+10,1.48762E+10,1.48947E+10,1.49132E+10,1.49316E+10,1.49501E+10,1.49686E+10,1.4987E+10,1.50055E+10,1.50239E+10,1.50424E+10,1.50608E+10,1.50793E+10,1.50978E+10,1.51163E+10,1.51349E+10,1.51535E+10,1.51721E+10,1.51909E+10,1.52096E+10,1.52285E+10,1.52474E+10,1.52664E+10,1.52855E+10,1.53046E+10,1.53239E+10,1.53431E+10,1.53625E+10,1.53819E+10,1.54014E+10,1.54209E+10,1.54404E+10,1.546E+10,1.54796E+10,1.54992E+10,1.55188E+10,1.55383E+10,1.55579E+10,1.55773E+10,1.55968E+10,1.56161E+10,1.56354E+10,1.56546E+10,1.56737E+10,1.56927E+10,1.57117E+10,1.57306E+10,1.57494E+10,1.57682E+10,1.57869E+10,1.58055E+10,1.58241E+10,1.58426E+10,1.5861E+10,1.58794E+10,1.58977E+10,1.59159E+10,1.5934E+10,1.59521E+10,1.59702E+10,1.59881E+10,1.60061E+10,1.60239E+10,1.60417E+10,1.60594E+10,1.60771E+10,1.60947E+10,1.61123E+10,1.61298E+10,1.61472E+10,1.61646E+10,1.61819E+10,1.61992E+10,1.62164E+10,1.62336E+10,1.62507E+10,1.62678E+10,1.62848E+10,1.63017E+10,1.63186E+10,1.63355E+10,1.63522E+10,1.6369E+10,1.63856E+10,1.64023E+10,1.64188E+10,1.64353E+10,1.64518E+10,1.64682E+10,1.64845E+10,1.65008E+10,1.6517E+10,1.65332E+10,1.65493E+10,1.65654E+10,1.65814E+10,1.65974E+10,1.66133E+10,1.66291E+10,1.66449E+10,1.66607E+10,1.66763E+10,1.6692E+10,1.67075E+10,1.67231E+10,1.67385E+10,1.67539E+10,1.67693E+10,1.67846E+10,1.67998E+10,1.6815E+10,1.68301E+10,1.68452E+10,1.68602E+10,1.68752E+10,1.68901E+10,1.69049E+10,1.69197E+10,1.69345E+10,1.69492E+10,1.69638E+10,1.69784E+10,1.69929E+10,1.70074E+10,1.70218E+10,1.70361E+10,1.70504E+10,1.70647E+10,1.70789E+10,1.70931E+10,1.71071E+10,1.71212E+10,1.71352E+10,1.71491E+10,1.7163E+10,1.71769E+10,1.71906E+10,1.72044E+10,1.72181E+10,1.72317E+10,1.72453E+10,1.72588E+10,1.72723E+10,1.72858E+10,1.72992E+10,1.73125E+10,1.73258E+10,1.73391E+10,1.73523E+10,1.73655E+10,1.73786E+10,1.73917E+10,1.74047E+10,1.74177E+10,1.74307E+10,1.74436E+10,1.74564E+10,1.74693E+10,1.74821E+10,1.74948E+10
"Cost of GDP Cumulative[New York]",0,0,0,0,0,0,0,0,0,0,0,0,0,0,0,0,0,0,0,0,0,0,0,0,5.39792E-41,5.62578E-40,1.25662E-39,1.94602E-39,2.66331E-39,3.42435E-39,4.50549E-39,5.85545E-39,7.19635E-39,9.34752E-39,1.22917E-38,0.000199473,0.00798778,0.0610769,0.254588,0.774667,1.95162,4.33976,8.81155,16.6492,30.0086,55.7922,102.937,194.601,366.124,644.894,1051.71,1620.03,2393.2,3414.05,4725.94,6373.07,8401.46,10864.2,13846,17448.1,21777.7,26953.8,33119.3,40450,49161.3,59516.2,71834.1,86499.5,103971,124819,149807,182081,225536,282247,354443,445209,558575,703152,892616,1.14333E+06,1.48444E+06,1.95062E+06,2.58E+06,3.42915E+06,4.55598E+06,6.01723E+06,7.87439E+06,1.02059E+07,1.31414E+07,1.68285E+07,2.14236E+07,2.72072E+07,3.4532E+07,4.37508E+07,5.52067E+07,6.92465E+07,8.62377E+07,1.06575E+08,1.30695E+08,1.59073E+08,1.92237E+08,2.30775E+08,2.753E+08,3.26431E+08,3.84773E+08,4.50904E+08,5.25354E+08,6.08562E+08,7.00876E+08,8.0256E+08,9.13808E+08,1.03475E+09,1.16547E+09,1.30605E+09,1.4567E+09,1.61858E+09,1.79314E+09,1.98095E+09,2.18226E+09,2.39715E+09,2.62555E+09,2.86733E+09,3.12259E+09,3.39161E+09,3.67449E+09,3.9711E+09,4.28123E+09,4.60461E+09,4.9409E+09,5.28975E+09,5.65092E+09,6.02417E+09,6.40924E+09,6.80586E+09,7.21374E+09,7.63249E+09,8.06174E+09,8.50107E+09,8.95007E+09,9.40832E+09,9.87539E+09,1.03509E+10,1.08343E+10,1.13254E+10,1.18237E+10,1.23287E+10,1.28402E+10,1.33576E+10,1.38807E+10,1.44089E+10,1.49421E+10,1.54797E+10,1.60215E+10,1.65671E+10,1.7116E+10,1.7668E+10,1.82228E+10,1.87799E+10,1.9339E+10,1.98999E+10,2.04622E+10,2.10257E+10,2.159E+10,2.21548E+10,2.272E+10,2.32852E+10,2.38503E+10,2.4415E+10,2.49791E+10,2.55424E+10,2.61049E+10,2.66664E+10,2.72271E+10,2.77869E+10,2.8346E+10,2.89045E+10,2.94622E+10,3.00191E+10,3.05753E+10,3.11305E+10,3.16847E+10,3.22378E+10,3.27897E+10,3.33401E+10,3.38888E+10,3.44356E+10,3.498E+10,3.55218E+10,3.60607E+10,3.65961E+10,3.7128E+10,3.76564E+10,3.81813E+10,3.87028E+10,3.92208E+10,3.97354E+10,4.02465E+10,4.07544E+10,4.12588E+10,4.17599E+10,4.22577E+10,4.27522E+10,4.32435E+10,4.37314E+10,4.42162E+10,4.46977E+10,4.51761E+10,4.56512E+10,4.61232E+10,4.65921E+10,4.70579E+10,4.75206E+10,4.79802E+10,4.84368E+10,4.88903E+10,4.93409E+10,4.97884E+10,5.0233E+10,5.06746E+10,5.11133E+10,5.15491E+10,5.1982E+10,5.2412E+10,5.28392E+10,5.32635E+10,5.3685E+10,5.41037E+10,5.45197E+10,5.49329E+10,5.53433E+10,5.5751E+10,5.61561E+10,5.65584E+10,5.69581E+10,5.73551E+10,5.77495E+10,5.81412E+10,5.85304E+10,5.8917E+10,5.9301E+10,5.96825E+10,6.00615E+10,6.04379E+10,6.08118E+10,6.11833E+10,6.15523E+10,6.19189E+10,6.2283E+10,6.26447E+10,6.30041E+10,6.3361E+10,6.37156E+10,6.40678E+10,6.44178E+10,6.47653E+10,6.51106E+10,6.54536E+10,6.57944E+10,6.61329E+10,6.64691E+10,6.68031E+10,6.7135E+10,6.74646E+10,6.7792E+10,6.81173E+10,6.84405E+10,6.87615E+10,6.90804E+10,6.93972E+10,6.97119E+10,7.00245E+10,7.03351E+10,7.06436E+10,7.09501E+10,7.12546E+10,7.1557E+10,7.18575E+10,7.2156E+10,7.24526E+10,7.27472E+10,7.30399E+10,7.33306E+10,7.36194E+10,7.39064E+10,7.41914E+10,7.44746E+10,7.4756E+10,7.50355E+10,7.53131E+10,7.5589E+10,7.5863E+10,7.61353E+10,7.64058E+10,7.66745E+10,7.69415E+10,7.72067E+10,7.74702E+10,7.7732E+10,7.79921E+10,7.82505E+10,7.85073E+10,7.87624E+10,7.90158E+10,7.92676E+10,7.95177E+10,7.97663E+10,8.00133E+10,8.02586E+10,8.05024E+10,8.07447E+10,8.09853E+10,8.12245E+10,8.14621E+10,8.16982E+10,8.19328E+10,8.21659E+10,8.23975E+10,8.26277E+10,8.28564E+10,8.30836E+10,8.33094E+10,8.35338E+10,8.37568E+10,8.39784E+10,8.41986E+10,8.44174E+10,8.46348E+10,8.48509E+10,8.50656E+10,8.5279E+10,8.54911E+10,8.57018E+10,8.59113E+10,8.61194E+10,8.63263E+10,8.65319E+10,8.67363E+10,8.69393E+10,8.71412E+10,8.73419E+10,8.75413E+10,8.77395E+10,8.79365E+10,8.81324E+10,8.83271E+10,8.85206E+10,8.8713E+10,8.89043E+10,8.90945E+10,8.92835E+10,8.94715E+10,8.96583E+10,8.98441E+10,9.00289E+10,9.02126E+10,9.03952E+10,9.05768E+10,9.07574E+10,9.0937E+10,9.11156E+10,9.12932E+10,9.14699E+10,9.16456E+10,9.18203E+10,9.19941E+10,9.2167E+10,9.2339E+10,9.25101E+10,9.26803E+10,9.28496E+10,9.30181E+10,9.31857E+10,9.33525E+10,9.35184E+10,9.36836E+10,9.3848E+10,9.40116E+10,9.41744E+10,9.43365E+10,9.44978E+10,9.46584E+10,9.48184E+10,9.49783E+10,9.51385E+10,9.52993E+10,9.5461E+10,9.56241E+10,9.57886E+10,9.59547E+10,9.61226E+10,9.62924E+10,9.64643E+10,9.66382E+10,9.68145E+10,9.69931E+10,9.71741E+10,9.73576E+10,9.75435E+10,9.7732E+10,9.79229E+10,9.81163E+10,9.8312E+10,9.851E+10,9.87101E+10,9.89124E+10,9.91167E+10,9.93228E+10,9.95308E+10,9.97405E+10,9.99519E+10,1.00165E+11,1.0038E+11,1.00596E+11,1.00814E+11,1.01033E+11,1.01254E+11,1.01476E+11,1.017E+11,1.01924E+11,1.0215E+11,1.02377E+11,1.02604E+11,1.02833E+11,1.03062E+11,1.03292E+11,1.03522E+11,1.03753E+11,1.03984E+11,1.04215E+11,1.04446E+11,1.04677E+11,1.04908E+11,1.05139E+11,1.0537E+11,1.05601E+11,1.05831E+11,1.06061E+11,1.0629E+11,1.06518E+11,1.06746E+11,1.06973E+11,1.07199E+11,1.07424E+11,1.07647E+11,1.0787E+11,1.08092E+11,1.08313E+11,1.08532E+11,1.08751E+11,1.08969E+11,1.09185E+11,1.09401E+11,1.09616E+11,1.09829E+11,1.10042E+11,1.10254E+11,1.10465E+11,1.10675E+11,1.10884E+11,1.11092E+11,1.11299E+11,1.11506E+11,1.11711E+11,1.11916E+11,1.12119E+11,1.12322E+11,1.12524E+11,1.12725E+11,1.12925E+11,1.13124E+11,1.13323E+11,1.1352E+11,1.13717E+11,1.13913E+11,1.14109E+11,1.14303E+11,1.14497E+11,1.1469E+11,1.14882E+11,1.15073E+11,1.15264E+11,1.15454E+11,1.15643E+11,1.15831E+11,1.16018E+11,1.16205E+11,1.16391E+11,1.16577E+11,1.16761E+11,1.16945E+11,1.17128E+11,1.17311E+11,1.17492E+11,1.17673E+11,1.17853E+11,1.18033E+11,1.18212E+11,1.1839E+11,1.18567E+11,1.18744E+11,1.1892E+11,1.19095E+11,1.19269E+11,1.19443E+11,1.19616E+11,1.19788E+11,1.1996E+11,1.20131E+11,1.20301E+11,1.20471E+11,1.2064E+11,1.20808E+11,1.20975E+11,1.21142E+11,1.21308E+11,1.21474E+11,1.21639E+11,1.21803E+11,1.21966E+11,1.22129E+11,1.22291E+11,1.22452E+11,1.22613E+11,1.22773E+11,1.22932E+11,1.23091E+11,1.23249E+11,1.23406E+11,1.23563E+11,1.23719E+11,1.23874E+11,1.24029E+11,1.24183E+11,1.24337E+11,1.24489E+11,1.24641E+11,1.24793E+11,1.24944E+11,1.25094E+11,1.25243E+11,1.25392E+11,1.25541E+11,1.25688E+11,1.25835E+11,1.25982E+11,1.26128E+11,1.26273E+11,1.26417E+11,1.26561E+11,1.26705E+11,1.26847E+11,1.2699E+11,1.27131E+11,1.27272E+11,1.27412E+11,1.27552E+11,1.27691E+11,1.2783E+11,1.27968E+11,1.28106E+11,1.28243E+11,1.28379E+11,1.28515E+11,1.2865E+11,1.28785E+11,1.28919E+11,1.29053E+11,1.29186E+11,1.29318E+11,1.2945E+11,1.29582E+11,1.29713E+11,1.29843E+11,1.29973E+11,1.30102E+11,1.30231E+11,1.30359E+11,1.30487E+11,1.30614E+11,1.3074E+11,1.30867E+11,1.30992E+11,1.31117E+11,1.31242E+11,1.31366E+11,1.31489E+11,1.31613E+11,1.31735E+11,1.31857E+11,1.31979E+11,1.321E+11,1.3222E+11,1.3234E+11,1.3246E+11,1.32579E+11,1.32697E+11,1.32815E+11,1.32933E+11,1.3305E+11,1.33167E+11,1.33283E+11,1.33398E+11,1.33513E+11,1.33628E+11,1.33742E+11,1.33856E+11,1.33969E+11,1.34081E+11,1.34194E+11,1.34306E+11,1.34417E+11,1.34528E+11,1.34639E+11,1.34749E+11,1.3486E+11,1.3497E+11,1.3508E+11,1.3519E+11,1.35299E+11,1.35409E+11,1.35519E+11,1.3563E+11,1.35741E+11,1.35853E+11,1.35965E+11,1.36079E+11,1.36194E+11,1.36311E+11,1.36431E+11,1.36553E+11,1.36679E+11,1.36808E+11,1.36942E+11,1.37081E+11,1.37225E+11,1.37375E+11,1.37532E+11,1.37696E+11,1.37869E+11,1.38049E+11,1.38239E+11,1.38438E+11,1.38647E+11,1.38865E+11,1.39094E+11,1.39333E+11,1.39582E+11,1.39841E+11,1.40111E+11,1.40391E+11,1.40681E+11,1.40982E+11,1.41292E+11,1.41612E+11,1.41941E+11,1.4228E+11,1.42627E+11,1.42984E+11,1.43349E+11,1.43721E+11,1.44102E+11,1.44489E+11,1.44884E+11,1.45285E+11,1.45692E+11,1.46106E+11,1.46524E+11,1.46947E+11,1.47375E+11,1.47807E+11,1.48243E+11,1.48682E+11,1.49124E+11,1.49568E+11,1.50014E+11,1.50462E+11,1.50911E+11,1.5136E+11,1.5181E+11,1.52259E+11,1.52708E+11,1.53156E+11,1.53603E+11,1.54048E+11,1.54492E+11,1.54934E+11,1.55373E+11,1.55811E+11,1.56246E+11,1.56679E+11,1.5711E+11,1.5754E+11,1.57967E+11,1.58392E+11,1.58815E+11,1.59237E+11,1.59656E+11,1.60074E+11,1.60489E+11,1.60903E+11,1.61315E+11,1.61726E+11,1.62135E+11,1.62542E+11,1.62947E+11,1.63351E+11,1.63754E+11,1.64155E+11,1.64554E+11,1.64953E+11,1.6535E+11,1.65745E+11,1.6614E+11,1.66533E+11,1.66925E+11,1.67316E+11,1.67706E+11,1.68095E+11,1.68483E+11,1.68871E+11,1.69257E+11,1.69644E+11,1.70032E+11,1.7042E+11,1.7081E+11,1.71201E+11,1.71595E+11,1.7199E+11,1.72388E+11,1.72789E+11,1.73192E+11,1.73599E+11,1.74009E+11,1.74422E+11,1.74839E+11,1.75259E+11,1.75683E+11,1.7611E+11,1.76541E+11,1.76975E+11,1.77412E+11,1.77852E+11,1.78296E+11,1.78742E+11,1.79191E+11,1.79643E+11,1.80097E+11,1.80554E+11,1.81013E+11,1.81474E+11,1.81936E+11,1.82401E+11,1.82866E+11,1.83333E+11,1.838E+11,1.84267E+11,1.84735E+11,1.85203E+11,1.8567E+11,1.86136E+11,1.86602E+11,1.87066E+11,1.87529E+11,1.87991E+11,1.88451E+11,1.8891E+11,1.89368E+11,1.89825E+11,1.9028E+11,1.90734E+11,1.91188E+11,1.9164E+11,1.92091E+11,1.92542E+11,1.92991E+11,1.9344E+11,1.93888E+11,1.94336E+11,1.94782E+11,1.95228E+11,1.95674E+11,1.96118E+11,1.96562E+11,1.97005E+11,1.97448E+11,1.9789E+11,1.98331E+11,1.98772E+11,1.99212E+11,1.99652E+11,2.00092E+11,2.00531E+11,2.0097E+11,2.01408E+11,2.01846E+11,2.02283E+11,2.02719E+11,2.03155E+11,2.0359E+11,2.04025E+11,2.04459E+11,2.04892E+11,2.05325E+11,2.05756E+11,2.06188E+11,2.06618E+11,2.07048E+11,2.07478E+11,2.07906E+11,2.08334E+11,2.08761E+11,2.09187E+11,2.09612E+11,2.10036E+11,2.10459E+11,2.10881E+11,2.11302E+11,2.11722E+11,2.12141E+11,2.12558E+11,2.12974E+11,2.13388E+11,2.13801E+11,2.14212E+11,2.14621E+11,2.15029E+11,2.15435E+11,2.15839E+11,2.16242E+11,2.16643E+11,2.17042E+11,2.1744E+11,2.17836E+11,2.1823E+11,2.18622E+11,2.19013E+11,2.19402E+11,2.19789E+11,2.20174E+11,2.20558E+11,2.2094E+11,2.2132E+11,2.21698E+11,2.22075E+11,2.22449E+11,2.22823E+11,2.23194E+11,2.23564E+11,2.23931E+11,2.24298E+11,2.24662E+11,2.25025E+11,2.25386E+11,2.25745E+11,2.26103E+11,2.26459E+11,2.26813E+11,2.27166E+11,2.27517E+11,2.27866E+11,2.28214E+11,2.2856E+11,2.28904E+11,2.29247E+11,2.29588E+11,2.29928E+11,2.30266E+11,2.30603E+11,2.30938E+11,2.31271E+11,2.31604E+11,2.31934E+11,2.32263E+11,2.32591E+11,2.32917E+11,2.33242E+11,2.33565E+11,2.33887E+11,2.34208E+11,2.34527E+11,2.34845E+11,2.35162E+11,2.35477E+11,2.35791E+11,2.36104E+11,2.36415E+11,2.36725E+11,2.37034E+11,2.37342E+11,2.37648E+11,2.37953E+11,2.38257E+11,2.3856E+11,2.38862E+11,2.39162E+11,2.39461E+11,2.39759E+11,2.40056E+11,2.40351E+11,2.40646E+11,2.40939E+11,2.41231E+11,2.41523E+11,2.41813E+11,2.42102E+11,2.42391E+11,2.42678E+11,2.42964E+11,2.4325E+11,2.43534E+11,2.43818E+11,2.441E+11,2.44383E+11,2.44665E+11,2.44946E+11,2.45228E+11,2.4551E+11,2.45792E+11,2.46074E+11,2.46356E+11,2.46639E+11,2.46922E+11,2.47207E+11,2.47491E+11,2.47777E+11,2.48064E+11,2.48352E+11,2.48641E+11,2.48932E+11,2.49224E+11,2.49517E+11,2.49812E+11,2.50108E+11,2.50406E+11,2.50705E+11,2.51006E+11,2.51309E+11,2.51614E+11,2.5192E+11,2.52228E+11,2.52537E+11,2.52847E+11,2.53157E+11,2.53469E+11,2.53781E+11,2.54093E+11,2.54406E+11,2.54718E+11,2.5503E+11,2.55341E+11,2.55651E+11,2.5596E+11,2.56268E+11,2.56574E+11,2.5688E+11,2.57184E+11,2.57488E+11,2.5779E+11,2.58091E+11,2.58391E+11,2.5869E+11,2.58988E+11,2.59285E+11,2.59582E+11,2.59877E+11,2.60171E+11,2.60464E+11,2.60756E+11,2.61048E+11,2.61338E+11,2.61628E+11,2.61917E+11,2.62206E+11,2.62493E+11,2.6278E+11,2.63066E+11,2.63352E+11,2.63637E+11,2.63921E+11,2.64205E+11,2.64488E+11,2.6477E+11,2.65052E+11,2.65333E+11,2.65614E+11,2.65894E+11,2.66173E+11,2.66452E+11,2.6673E+11,2.67007E+11,2.67284E+11,2.6756E+11,2.67836E+11,2.6811E+11,2.68385E+11,2.68658E+11,2.68931E+11,2.69203E+11,2.69474E+11,2.69745E+11,2.70015E+11,2.70284E+11,2.70552E+11,2.7082E+11,2.71087E+11,2.71353E+11,2.71618E+11,2.71882E+11,2.72146E+11,2.72409E+11,2.72671E+11,2.72932E+11,2.73192E+11,2.73451E+11,2.7371E+11,2.73967E+11,2.74224E+11,2.7448E+11,2.74735E+11,2.74988E+11,2.75241E+11,2.75494E+11,2.75745E+11,2.75995E+11,2.76244E+11,2.76493E+11,2.7674E+11,2.76986E+11,2.77232E+11,2.77477E+11,2.7772E+11,2.77963E+11,2.78205E+11,2.78446E+11,2.78686E+11,2.78925E+11,2.79163E+11,2.794E+11,2.79637E+11,2.79872E+11,2.80107E+11,2.80341E+11,2.80573E+11,2.80806E+11,2.81037E+11,2.81267E+11,2.81497E+11,2.81726E+11,2.81954E+11,2.82181E+11,2.82407E+11,2.82633E+11,2.82858E+11,2.83082E+11,2.83305E+11,2.83528E+11,2.8375E+11,2.83971E+11,2.84192E+11,2.84412E+11,2.84631E+11,2.8485E+11,2.85068E+11,2.85285E+11,2.85501E+11,2.85718E+11,2.85933E+11,2.86148E+11,2.86362E+11,2.86576E+11,2.86789E+11
"Cost of GDP Cumulative[North Carolina]",0,0,0,0,0,0,0,0,0,0,0,0,0,0,0,0,0,0,0,0,0,1.861E-41,0.00131466,0.0176262,0.0926102,0.314798,0.831131,1.86172,3.71663,6.8154,11.7107,19.1193,29.9642,45.4303,67.0375,96.7351,137.024,191.111,263.123,358.388,483.83,648.482,864.074,1145.69,1513.62,2004.89,2666.44,3590.27,4908.79,6739.82,9192.16,12421.7,16625.8,22017.5,28831.9,37332.3,47818.8,60650.2,76323.2,95440.7,118696,146905,181057,222365,272308,332687,405690,493957,600654,729618,885630,1.08059E+06,1.32892E+06,1.64037E+06,2.02541E+06,2.49712E+06,3.07118E+06,3.77564E+06,4.64897E+06,5.73084E+06,7.08724E+06,8.7876E+06,1.08959E+07,1.35018E+07,1.66787E+07,2.04762E+07,2.49317E+07,3.00904E+07,3.60575E+07,4.29313E+07,5.07836E+07,5.98225E+07,7.02979E+07,8.23919E+07,9.62082E+07,1.11795E+08,1.29169E+08,1.48324E+08,1.6925E+08,1.91928E+08,2.16347E+08,2.42506E+08,2.704E+08,3.00018E+08,3.31337E+08,3.64328E+08,3.98961E+08,4.35197E+08,4.72995E+08,5.12312E+08,5.53098E+08,5.95298E+08,6.38866E+08,6.83784E+08,7.30116E+08,7.78452E+08,8.29569E+08,8.8382E+08,9.41386E+08,1.00236E+09,1.0668E+09,1.13468E+09,1.20617E+09,1.28155E+09,1.36098E+09,1.44452E+09,1.53215E+09,1.62382E+09,1.71946E+09,1.81898E+09,1.92235E+09,2.02955E+09,2.14056E+09,2.25534E+09,2.37384E+09,2.49595E+09,2.62157E+09,2.75056E+09,2.88278E+09,3.0181E+09,3.15637E+09,3.29744E+09,3.44116E+09,3.5874E+09,3.736E+09,3.88682E+09,4.0397E+09,4.19451E+09,4.35108E+09,4.50927E+09,4.66894E+09,4.82994E+09,4.99212E+09,5.15533E+09,5.31943E+09,5.48426E+09,5.6497E+09,5.81559E+09,5.9818E+09,6.14819E+09,6.31464E+09,6.48102E+09,6.6472E+09,6.81309E+09,6.97856E+09,7.14352E+09,7.30788E+09,7.47154E+09,7.63445E+09,7.79652E+09,7.95775E+09,8.11813E+09,8.27774E+09,8.43665E+09,8.59497E+09,8.75276E+09,8.91003E+09,9.06681E+09,9.22307E+09,9.37882E+09,9.53402E+09,9.68865E+09,9.84265E+09,9.99598E+09,1.01486E+10,1.03004E+10,1.04514E+10,1.06015E+10,1.07507E+10,1.08988E+10,1.1046E+10,1.11922E+10,1.13375E+10,1.14818E+10,1.16252E+10,1.17677E+10,1.19092E+10,1.20498E+10,1.21894E+10,1.23282E+10,1.2466E+10,1.2603E+10,1.2739E+10,1.28742E+10,1.30085E+10,1.31419E+10,1.32744E+10,1.34061E+10,1.35369E+10,1.36669E+10,1.3796E+10,1.39243E+10,1.40517E+10,1.41783E+10,1.43041E+10,1.44291E+10,1.45533E+10,1.46767E+10,1.47992E+10,1.4921E+10,1.5042E+10,1.51622E+10,1.52817E+10,1.54003E+10,1.55182E+10,1.56354E+10,1.57518E+10,1.58674E+10,1.59824E+10,1.60965E+10,1.621E+10,1.63227E+10,1.64348E+10,1.65461E+10,1.66567E+10,1.67666E+10,1.68758E+10,1.69843E+10,1.70921E+10,1.71993E+10,1.73058E+10,1.74116E+10,1.75167E+10,1.76212E+10,1.77251E+10,1.78282E+10,1.79308E+10,1.80327E+10,1.81339E+10,1.82346E+10,1.83346E+10,1.8434E+10,1.85327E+10,1.86309E+10,1.87285E+10,1.88254E+10,1.89218E+10,1.90175E+10,1.91127E+10,1.92073E+10,1.93013E+10,1.93948E+10,1.94877E+10,1.958E+10,1.96718E+10,1.9763E+10,1.98536E+10,1.99438E+10,2.00334E+10,2.01224E+10,2.02109E+10,2.0299E+10,2.03864E+10,2.04734E+10,2.05599E+10,2.06458E+10,2.07313E+10,2.08162E+10,2.09007E+10,2.09847E+10,2.10681E+10,2.11511E+10,2.12336E+10,2.13157E+10,2.13972E+10,2.14783E+10,2.1559E+10,2.16391E+10,2.17188E+10,2.17981E+10,2.18768E+10,2.19552E+10,2.20331E+10,2.21105E+10,2.21875E+10,2.22641E+10,2.23403E+10,2.2416E+10,2.24913E+10,2.25661E+10,2.26406E+10,2.27146E+10,2.27883E+10,2.28615E+10,2.29343E+10,2.30067E+10,2.30787E+10,2.31502E+10,2.32214E+10,2.32922E+10,2.33626E+10,2.34326E+10,2.35023E+10,2.35715E+10,2.36404E+10,2.37088E+10,2.37769E+10,2.38446E+10,2.3912E+10,2.39789E+10,2.40455E+10,2.41118E+10,2.41776E+10,2.42431E+10,2.43083E+10,2.4373E+10,2.44375E+10,2.45015E+10,2.45653E+10,2.46286E+10,2.46917E+10,2.47543E+10,2.48167E+10,2.48787E+10,2.49403E+10,2.50016E+10,2.50626E+10,2.51233E+10,2.51836E+10,2.52436E+10,2.53033E+10,2.53627E+10,2.54217E+10,2.54805E+10,2.55389E+10,2.5597E+10,2.56548E+10,2.57123E+10,2.57695E+10,2.58264E+10,2.5883E+10,2.59394E+10,2.59954E+10,2.60511E+10,2.61066E+10,2.61618E+10,2.62167E+10,2.62713E+10,2.63257E+10,2.63798E+10,2.64336E+10,2.64872E+10,2.65405E+10,2.65935E+10,2.66463E+10,2.66989E+10,2.67512E+10,2.68033E+10,2.68551E+10,2.69068E+10,2.69581E+10,2.70093E+10,2.70603E+10,2.71113E+10,2.71623E+10,2.72134E+10,2.72648E+10,2.73166E+10,2.73687E+10,2.74213E+10,2.74746E+10,2.75285E+10,2.75832E+10,2.76388E+10,2.76955E+10,2.77532E+10,2.78121E+10,2.78722E+10,2.79335E+10,2.7996E+10,2.80596E+10,2.81243E+10,2.81902E+10,2.82573E+10,2.83256E+10,2.83951E+10,2.84657E+10,2.85375E+10,2.86104E+10,2.86843E+10,2.87593E+10,2.88352E+10,2.89121E+10,2.89897E+10,2.90681E+10,2.91473E+10,2.92271E+10,2.93075E+10,2.93884E+10,2.947E+10,2.9552E+10,2.96346E+10,2.97177E+10,2.98015E+10,2.98857E+10,2.99705E+10,3.00558E+10,3.01415E+10,3.02277E+10,3.03142E+10,3.04011E+10,3.04884E+10,3.05761E+10,3.06641E+10,3.07525E+10,3.0841E+10,3.09299E+10,3.10189E+10,3.11082E+10,3.11977E+10,3.12875E+10,3.13776E+10,3.14678E+10,3.15583E+10,3.1649E+10,3.17399E+10,3.18309E+10,3.1922E+10,3.20132E+10,3.21045E+10,3.21958E+10,3.22871E+10,3.23783E+10,3.24694E+10,3.25603E+10,3.26509E+10,3.27412E+10,3.28311E+10,3.29206E+10,3.30096E+10,3.30982E+10,3.31863E+10,3.32739E+10,3.33611E+10,3.34479E+10,3.35342E+10,3.362E+10,3.37054E+10,3.37904E+10,3.38749E+10,3.39589E+10,3.40426E+10,3.41258E+10,3.42085E+10,3.42908E+10,3.43727E+10,3.44542E+10,3.45352E+10,3.46158E+10,3.46959E+10,3.47757E+10,3.4855E+10,3.49339E+10,3.50123E+10,3.50904E+10,3.5168E+10,3.52452E+10,3.53221E+10,3.53985E+10,3.54745E+10,3.555E+10,3.56252E+10,3.57E+10,3.57744E+10,3.58484E+10,3.59219E+10,3.59951E+10,3.60679E+10,3.61403E+10,3.62123E+10,3.6284E+10,3.63552E+10,3.6426E+10,3.64965E+10,3.65666E+10,3.66363E+10,3.67056E+10,3.67745E+10,3.68431E+10,3.69113E+10,3.69791E+10,3.70466E+10,3.71136E+10,3.71804E+10,3.72467E+10,3.73127E+10,3.73784E+10,3.74437E+10,3.75086E+10,3.75732E+10,3.76374E+10,3.77013E+10,3.77649E+10,3.78281E+10,3.78909E+10,3.79535E+10,3.80157E+10,3.80775E+10,3.8139E+10,3.82002E+10,3.82611E+10,3.83217E+10,3.83819E+10,3.84418E+10,3.85014E+10,3.85607E+10,3.86197E+10,3.86784E+10,3.87367E+10,3.87948E+10,3.88526E+10,3.89101E+10,3.89672E+10,3.90241E+10,3.90807E+10,3.91371E+10,3.91931E+10,3.92489E+10,3.93043E+10,3.93595E+10,3.94145E+10,3.94691E+10,3.95235E+10,3.95776E+10,3.96315E+10,3.96851E+10,3.97384E+10,3.97915E+10,3.98443E+10,3.98969E+10,3.99492E+10,4.00013E+10,4.00531E+10,4.01047E+10,4.0156E+10,4.02071E+10,4.0258E+10,4.03086E+10,4.0359E+10,4.04092E+10,4.04592E+10,4.05089E+10,4.05584E+10,4.06077E+10,4.06568E+10,4.07057E+10,4.07543E+10,4.08028E+10,4.0851E+10,4.0899E+10,4.09468E+10,4.09944E+10,4.10418E+10,4.10889E+10,4.11359E+10,4.11826E+10,4.12292E+10,4.12756E+10,4.13217E+10,4.13677E+10,4.14134E+10,4.1459E+10,4.15044E+10,4.15496E+10,4.15946E+10,4.16394E+10,4.1684E+10,4.17284E+10,4.17727E+10,4.18168E+10,4.18607E+10,4.19044E+10,4.19481E+10,4.19917E+10,4.20353E+10,4.20789E+10,4.21226E+10,4.21664E+10,4.22104E+10,4.22547E+10,4.22993E+10,4.23443E+10,4.23897E+10,4.24355E+10,4.24818E+10,4.25285E+10,4.25755E+10,4.26229E+10,4.26707E+10,4.27188E+10,4.27672E+10,4.28158E+10,4.28647E+10,4.29139E+10,4.29634E+10,4.30131E+10,4.30631E+10,4.31133E+10,4.31638E+10,4.32146E+10,4.32656E+10,4.33169E+10,4.33686E+10,4.34206E+10,4.34729E+10,4.35257E+10,4.3579E+10,4.36332E+10,4.36883E+10,4.37445E+10,4.38017E+10,4.38602E+10,4.39199E+10,4.39811E+10,4.40439E+10,4.41084E+10,4.41747E+10,4.42429E+10,4.43131E+10,4.43854E+10,4.44598E+10,4.45363E+10,4.4615E+10,4.4696E+10,4.47792E+10,4.48648E+10,4.49527E+10,4.5043E+10,4.51356E+10,4.52305E+10,4.53278E+10,4.54274E+10,4.55293E+10,4.56336E+10,4.57402E+10,4.5849E+10,4.596E+10,4.6073E+10,4.6188E+10,4.63048E+10,4.64235E+10,4.65437E+10,4.66655E+10,4.67887E+10,4.69133E+10,4.7039E+10,4.71659E+10,4.72939E+10,4.74228E+10,4.75525E+10,4.7683E+10,4.78142E+10,4.7946E+10,4.80784E+10,4.82113E+10,4.83446E+10,4.84783E+10,4.86123E+10,4.87465E+10,4.8881E+10,4.90157E+10,4.91506E+10,4.92856E+10,4.94207E+10,4.95558E+10,4.96911E+10,4.98264E+10,4.99619E+10,5.00974E+10,5.0233E+10,5.03687E+10,5.05044E+10,5.06401E+10,5.07758E+10,5.09115E+10,5.1047E+10,5.11824E+10,5.13176E+10,5.14526E+10,5.15873E+10,5.17216E+10,5.18556E+10,5.1989E+10,5.2122E+10,5.22543E+10,5.23861E+10,5.25172E+10,5.26476E+10,5.27774E+10,5.29066E+10,5.30351E+10,5.3163E+10,5.32903E+10,5.34169E+10,5.35429E+10,5.36682E+10,5.37929E+10,5.3917E+10,5.40405E+10,5.41634E+10,5.42858E+10,5.44078E+10,5.45295E+10,5.4651E+10,5.47723E+10,5.48934E+10,5.50143E+10,5.5135E+10,5.52556E+10,5.53762E+10,5.54967E+10,5.56172E+10,5.57379E+10,5.58586E+10,5.59796E+10,5.61007E+10,5.6222E+10,5.63435E+10,5.64651E+10,5.6587E+10,5.67091E+10,5.68313E+10,5.69538E+10,5.70766E+10,5.71996E+10,5.7323E+10,5.74466E+10,5.75707E+10,5.7695E+10,5.78197E+10,5.79446E+10,5.80698E+10,5.81951E+10,5.83206E+10,5.84462E+10,5.85718E+10,5.86975E+10,5.88231E+10,5.89487E+10,5.90742E+10,5.91996E+10,5.9325E+10,5.94502E+10,5.95753E+10,5.97003E+10,5.98252E+10,5.995E+10,6.00746E+10,6.01991E+10,6.03235E+10,6.04479E+10,6.05724E+10,6.06968E+10,6.08212E+10,6.09456E+10,6.107E+10,6.11944E+10,6.13189E+10,6.14435E+10,6.15684E+10,6.16935E+10,6.1819E+10,6.19448E+10,6.20709E+10,6.21973E+10,6.23241E+10,6.24511E+10,6.25785E+10,6.27062E+10,6.28341E+10,6.29623E+10,6.30908E+10,6.32196E+10,6.33486E+10,6.34778E+10,6.36072E+10,6.37369E+10,6.38668E+10,6.39969E+10,6.41272E+10,6.42577E+10,6.43883E+10,6.45191E+10,6.465E+10,6.4781E+10,6.49121E+10,6.50432E+10,6.51743E+10,6.53054E+10,6.54365E+10,6.55676E+10,6.56986E+10,6.58296E+10,6.59605E+10,6.60913E+10,6.62221E+10,6.63529E+10,6.64837E+10,6.66145E+10,6.67453E+10,6.6876E+10,6.70067E+10,6.71373E+10,6.72677E+10,6.73979E+10,6.75279E+10,6.76575E+10,6.77869E+10,6.79158E+10,6.80444E+10,6.81726E+10,6.83004E+10,6.84276E+10,6.85544E+10,6.86806E+10,6.88063E+10,6.89315E+10,6.90561E+10,6.91801E+10,6.93035E+10,6.94263E+10,6.95484E+10,6.967E+10,6.97909E+10,6.99113E+10,7.00309E+10,7.015E+10,7.02685E+10,7.03863E+10,7.05035E+10,7.06201E+10,7.07361E+10,7.08515E+10,7.09662E+10,7.10803E+10,7.11938E+10,7.13067E+10,7.1419E+10,7.15307E+10,7.16418E+10,7.17522E+10,7.18621E+10,7.19714E+10,7.208E+10,7.21881E+10,7.22956E+10,7.24025E+10,7.25088E+10,7.26145E+10,7.27197E+10,7.28242E+10,7.29282E+10,7.30317E+10,7.31345E+10,7.32368E+10,7.33385E+10,7.34397E+10,7.35404E+10,7.36404E+10,7.374E+10,7.3839E+10,7.39375E+10,7.40354E+10,7.41328E+10,7.42298E+10,7.43262E+10,7.44221E+10,7.45175E+10,7.46123E+10,7.47068E+10,7.48007E+10,7.48941E+10,7.49871E+10,7.50795E+10,7.51715E+10,7.52631E+10,7.53542E+10,7.54448E+10,7.5535E+10,7.56248E+10,7.57141E+10,7.5803E+10,7.58915E+10,7.59796E+10,7.60674E+10,7.61547E+10,7.62418E+10,7.63286E+10,7.64152E+10,7.65015E+10,7.65877E+10,7.66738E+10,7.67597E+10,7.68457E+10,7.69316E+10,7.70174E+10,7.71033E+10,7.71891E+10,7.7275E+10,7.73608E+10,7.74467E+10,7.75326E+10,7.76185E+10,7.77046E+10,7.77907E+10,7.78771E+10,7.79638E+10,7.80507E+10,7.81379E+10,7.82255E+10,7.83135E+10,7.84019E+10,7.84907E+10,7.858E+10,7.86698E+10,7.876E+10,7.88507E+10,7.89418E+10,7.90333E+10,7.91251E+10,7.92172E+10,7.93096E+10,7.94023E+10,7.94951E+10,7.9588E+10,7.9681E+10,7.97741E+10,7.9867E+10,7.99597E+10,8.00522E+10,8.01444E+10,8.02363E+10,8.03279E+10,8.04191E+10,8.05099E+10,8.06004E+10,8.06905E+10,8.07803E+10,8.08698E+10,8.09589E+10,8.10477E+10,8.11361E+10,8.12243E+10,8.1312E+10,8.13995E+10,8.14866E+10,8.15734E+10,8.16599E+10,8.17461E+10,8.18319E+10,8.19175E+10,8.20027E+10,8.20877E+10,8.21723E+10,8.22567E+10,8.23408E+10,8.24246E+10,8.25081E+10,8.25913E+10,8.26743E+10,8.2757E+10,8.28394E+10,8.29216E+10,8.30034E+10,8.3085E+10,8.31664E+10,8.32475E+10,8.33283E+10,8.34089E+10,8.34892E+10,8.35692E+10,8.3649E+10,8.37286E+10,8.38079E+10,8.38869E+10,8.39657E+10,8.40442E+10,8.41225E+10,8.42005E+10,8.42783E+10,8.43558E+10,8.44331E+10,8.45101E+10,8.45869E+10,8.46634E+10,8.47397E+10,8.48157E+10,8.48915E+10,8.49671E+10,8.50423E+10,8.51174E+10,8.51921E+10,8.52666E+10,8.53409E+10,8.54149E+10,8.54887E+10,8.55622E+10,8.56354E+10,8.57084E+10,8.57812E+10,8.58537E+10,8.59259E+10,8.59979E+10,8.60697E+10,8.61412E+10,8.62124E+10,8.62834E+10,8.63541E+10,8.64246E+10,8.64949E+10,8.65649E+10,8.66346E+10,8.67041E+10,8.67734E+10,8.68424E+10,8.69112E+10,8.69797E+10,8.7048E+10,8.71161E+10,8.71839E+10,8.72515E+10,8.73188E+10,8.7386E+10,8.74529E+10,8.75195E+10,8.7586E+10,8.76522E+10,8.77182E+10,8.77839E+10,8.78495E+10,8.79148E+10,8.79799E+10,8.80448E+10,8.81095E+10,8.81739E+10,8.82382E+10,8.83022E+10,8.83661E+10,8.84297E+10,8.84931E+10,8.85564E+10,8.86194E+10,8.86823E+10,8.87449E+10,8.88073E+10,8.88696E+10,8.89317E+10,8.89936E+10,8.90553E+10,8.91168E+10,8.91781E+10
"Cost of GDP Cumulative[North Dakota]",0,0,0,0,0,0,0,0,0,0,0,0,0,0,0,0,0,0,0,0,0,2.03931E-42,4.74241E-42,8.10154E-42,1.54527E-41,4.10857E-41,7.48208E-41,1.10114E-40,1.46941E-40,1.85282E-40,2.62523E-40,0.00069914,0.0146016,0.0904357,0.334849,0.929805,2.14799,4.36709,8.08422,13.9334,22.7093,35.3995,53.2258,77.6971,110.718,155.106,214.336,294.048,401.899,545.277,731.606,970.82,1275.26,1658.76,2137.11,2728.58,3454.5,4340.55,5420.25,6733.96,8328.68,10260.4,12597.6,15425,18847.5,22995,28028.3,34144,41580.7,50628.5,61643.9,75315.5,92475,113799,140048,172147,211199,258894,317469,390429,484926,610507,778788,1.00604E+06,1.30966E+06,1.70684E+06,2.21465E+06,2.85143E+06,3.64256E+06,4.61217E+06,5.78004E+06,7.18099E+06,8.85267E+06,1.08222E+07,1.31054E+07,1.57097E+07,1.8637E+07,2.18849E+07,2.54492E+07,2.93237E+07,3.35015E+07,3.79764E+07,4.27417E+07,4.77898E+07,5.31124E+07,5.87008E+07,6.45457E+07,7.06379E+07,7.69674E+07,8.35246E+07,9.02998E+07,9.72839E+07,1.04468E+08,1.11847E+08,1.19423E+08,1.27249E+08,1.35394E+08,1.43884E+08,1.52728E+08,1.61931E+08,1.71488E+08,1.81395E+08,1.91658E+08,2.02295E+08,2.13315E+08,2.24716E+08,2.36491E+08,2.48631E+08,2.61124E+08,2.73957E+08,2.87121E+08,3.00612E+08,3.14421E+08,3.28541E+08,3.42962E+08,3.5767E+08,3.72654E+08,3.87896E+08,4.03383E+08,4.19099E+08,4.35029E+08,4.51156E+08,4.67466E+08,4.83944E+08,5.00574E+08,5.17342E+08,5.34233E+08,5.51232E+08,5.68324E+08,5.85495E+08,6.02731E+08,6.20019E+08,6.37344E+08,6.54692E+08,6.72051E+08,6.89407E+08,7.06748E+08,7.24059E+08,7.4133E+08,7.58548E+08,7.75701E+08,7.92779E+08,8.09772E+08,8.26668E+08,8.43459E+08,8.6014E+08,8.76711E+08,8.93174E+08,9.09529E+08,9.25777E+08,9.41919E+08,9.57954E+08,9.73885E+08,9.89712E+08,1.00543E+09,1.02105E+09,1.03657E+09,1.05199E+09,1.06731E+09,1.08252E+09,1.09764E+09,1.11265E+09,1.12757E+09,1.14239E+09,1.15712E+09,1.17175E+09,1.18628E+09,1.20072E+09,1.21506E+09,1.22931E+09,1.24346E+09,1.25753E+09,1.2715E+09,1.28538E+09,1.29917E+09,1.31287E+09,1.32648E+09,1.34E+09,1.35343E+09,1.36677E+09,1.38003E+09,1.3932E+09,1.40629E+09,1.41929E+09,1.4322E+09,1.44503E+09,1.45778E+09,1.47044E+09,1.48303E+09,1.49553E+09,1.50794E+09,1.52028E+09,1.53254E+09,1.54472E+09,1.55681E+09,1.56883E+09,1.58078E+09,1.59264E+09,1.60443E+09,1.61614E+09,1.62778E+09,1.63934E+09,1.65082E+09,1.66223E+09,1.67357E+09,1.68483E+09,1.69602E+09,1.70714E+09,1.71819E+09,1.72917E+09,1.74007E+09,1.75091E+09,1.76167E+09,1.77237E+09,1.783E+09,1.79356E+09,1.80405E+09,1.81448E+09,1.82484E+09,1.83513E+09,1.84536E+09,1.85552E+09,1.86562E+09,1.87565E+09,1.88562E+09,1.89553E+09,1.90537E+09,1.91516E+09,1.92488E+09,1.93454E+09,1.94414E+09,1.95368E+09,1.96316E+09,1.97258E+09,1.98194E+09,1.99125E+09,2.00049E+09,2.00968E+09,2.01882E+09,2.02789E+09,2.03691E+09,2.04588E+09,2.05479E+09,2.06365E+09,2.07245E+09,2.0812E+09,2.0899E+09,2.09855E+09,2.10714E+09,2.11569E+09,2.12418E+09,2.13262E+09,2.14102E+09,2.14936E+09,2.15765E+09,2.1659E+09,2.1741E+09,2.18225E+09,2.19036E+09,2.19842E+09,2.20643E+09,2.2144E+09,2.22232E+09,2.2302E+09,2.23804E+09,2.24583E+09,2.25358E+09,2.26129E+09,2.26896E+09,2.27659E+09,2.28417E+09,2.29172E+09,2.29923E+09,2.3067E+09,2.31413E+09,2.32152E+09,2.32888E+09,2.3362E+09,2.34348E+09,2.35073E+09,2.35795E+09,2.36513E+09,2.37228E+09,2.3794E+09,2.38648E+09,2.39353E+09,2.40055E+09,2.40754E+09,2.4145E+09,2.42143E+09,2.42833E+09,2.4352E+09,2.44205E+09,2.44887E+09,2.45566E+09,2.46242E+09,2.46916E+09,2.47587E+09,2.48255E+09,2.48921E+09,2.49584E+09,2.50245E+09,2.50904E+09,2.51559E+09,2.52213E+09,2.52864E+09,2.53513E+09,2.54159E+09,2.54803E+09,2.55445E+09,2.56084E+09,2.56721E+09,2.57356E+09,2.57989E+09,2.5862E+09,2.59249E+09,2.59876E+09,2.60501E+09,2.61124E+09,2.61745E+09,2.62364E+09,2.62981E+09,2.63596E+09,2.6421E+09,2.64822E+09,2.65432E+09,2.6604E+09,2.66647E+09,2.67252E+09,2.67856E+09,2.68458E+09,2.69058E+09,2.69657E+09,2.70255E+09,2.70851E+09,2.71446E+09,2.72039E+09,2.72632E+09,2.73223E+09,2.73812E+09,2.74401E+09,2.74989E+09,2.75575E+09,2.76161E+09,2.76745E+09,2.77329E+09,2.77912E+09,2.78494E+09,2.79075E+09,2.79657E+09,2.80241E+09,2.80827E+09,2.81416E+09,2.8201E+09,2.82611E+09,2.83217E+09,2.83831E+09,2.84452E+09,2.8508E+09,2.85717E+09,2.86362E+09,2.87017E+09,2.87683E+09,2.8836E+09,2.89051E+09,2.89754E+09,2.90472E+09,2.91203E+09,2.91948E+09,2.92705E+09,2.93475E+09,2.94257E+09,2.95051E+09,2.95857E+09,2.96675E+09,2.97505E+09,2.98347E+09,2.99199E+09,3.00064E+09,3.0094E+09,3.01827E+09,3.02727E+09,3.03638E+09,3.04561E+09,3.05495E+09,3.06441E+09,3.07397E+09,3.08363E+09,3.09339E+09,3.10324E+09,3.11319E+09,3.12324E+09,3.13339E+09,3.14364E+09,3.15398E+09,3.1644E+09,3.17489E+09,3.18546E+09,3.19609E+09,3.20678E+09,3.21752E+09,3.22831E+09,3.23915E+09,3.25003E+09,3.26094E+09,3.27188E+09,3.28285E+09,3.29383E+09,3.30483E+09,3.31584E+09,3.32687E+09,3.33791E+09,3.34895E+09,3.36E+09,3.37105E+09,3.3821E+09,3.39314E+09,3.40417E+09,3.41518E+09,3.42617E+09,3.43714E+09,3.44809E+09,3.459E+09,3.46987E+09,3.48069E+09,3.49147E+09,3.50218E+09,3.51285E+09,3.52346E+09,3.53401E+09,3.54451E+09,3.55496E+09,3.56535E+09,3.57569E+09,3.58597E+09,3.59621E+09,3.60639E+09,3.61651E+09,3.62659E+09,3.63661E+09,3.64658E+09,3.6565E+09,3.66636E+09,3.67618E+09,3.68594E+09,3.69566E+09,3.70532E+09,3.71494E+09,3.7245E+09,3.73402E+09,3.74348E+09,3.7529E+09,3.76227E+09,3.7716E+09,3.78087E+09,3.7901E+09,3.79928E+09,3.80842E+09,3.81751E+09,3.82655E+09,3.83555E+09,3.8445E+09,3.8534E+09,3.86226E+09,3.87107E+09,3.87984E+09,3.88857E+09,3.89724E+09,3.90588E+09,3.91446E+09,3.92301E+09,3.93151E+09,3.93996E+09,3.94837E+09,3.95674E+09,3.96506E+09,3.97334E+09,3.98157E+09,3.98976E+09,3.99791E+09,4.00601E+09,4.01407E+09,4.02209E+09,4.03007E+09,4.03801E+09,4.0459E+09,4.05375E+09,4.06156E+09,4.06933E+09,4.07706E+09,4.08475E+09,4.0924E+09,4.10001E+09,4.10758E+09,4.1151E+09,4.12259E+09,4.13004E+09,4.13745E+09,4.14482E+09,4.15215E+09,4.15945E+09,4.1667E+09,4.17392E+09,4.1811E+09,4.18824E+09,4.19534E+09,4.20241E+09,4.20944E+09,4.21644E+09,4.22339E+09,4.23032E+09,4.2372E+09,4.24405E+09,4.25087E+09,4.25765E+09,4.26439E+09,4.27111E+09,4.27778E+09,4.28443E+09,4.29103E+09,4.29761E+09,4.30415E+09,4.31066E+09,4.31714E+09,4.32358E+09,4.32999E+09,4.33637E+09,4.34271E+09,4.34903E+09,4.35531E+09,4.36156E+09,4.36778E+09,4.37396E+09,4.38012E+09,4.38624E+09,4.39234E+09,4.3984E+09,4.40444E+09,4.41044E+09,4.41641E+09,4.42236E+09,4.42827E+09,4.43416E+09,4.44001E+09,4.44584E+09,4.45164E+09,4.45741E+09,4.46315E+09,4.46886E+09,4.47455E+09,4.4802E+09,4.48583E+09,4.49143E+09,4.49701E+09,4.50256E+09,4.50808E+09,4.51357E+09,4.51904E+09,4.52448E+09,4.5299E+09,4.53529E+09,4.54065E+09,4.54599E+09,4.55131E+09,4.5566E+09,4.56186E+09,4.5671E+09,4.57232E+09,4.57751E+09,4.58268E+09,4.58782E+09,4.59294E+09,4.59804E+09,4.60312E+09,4.60817E+09,4.61319E+09,4.6182E+09,4.62318E+09,4.62814E+09,4.63308E+09,4.638E+09,4.6429E+09,4.64777E+09,4.65262E+09,4.65745E+09,4.66226E+09,4.66705E+09,4.67182E+09,4.67657E+09,4.6813E+09,4.68601E+09,4.6907E+09,4.69537E+09,4.70002E+09,4.70465E+09,4.70927E+09,4.71386E+09,4.71844E+09,4.723E+09,4.72754E+09,4.73206E+09,4.73657E+09,4.74106E+09,4.74553E+09,4.74999E+09,4.75443E+09,4.75886E+09,4.76328E+09,4.76769E+09,4.77214E+09,4.77665E+09,4.78125E+09,4.78596E+09,4.79079E+09,4.79577E+09,4.80093E+09,4.80625E+09,4.81176E+09,4.81746E+09,4.82335E+09,4.82946E+09,4.83581E+09,4.84242E+09,4.84932E+09,4.8565E+09,4.86399E+09,4.87179E+09,4.87991E+09,4.88834E+09,4.89709E+09,4.90616E+09,4.91553E+09,4.92522E+09,4.93521E+09,4.94549E+09,4.95605E+09,4.96689E+09,4.97799E+09,4.98934E+09,5.00092E+09,5.01272E+09,5.02473E+09,5.03693E+09,5.0493E+09,5.06184E+09,5.07454E+09,5.08737E+09,5.10034E+09,5.11343E+09,5.12662E+09,5.13992E+09,5.1533E+09,5.16677E+09,5.1803E+09,5.1939E+09,5.20756E+09,5.22126E+09,5.23501E+09,5.24879E+09,5.2626E+09,5.27644E+09,5.2903E+09,5.30417E+09,5.31806E+09,5.33196E+09,5.34586E+09,5.35977E+09,5.37369E+09,5.38761E+09,5.40153E+09,5.41545E+09,5.42937E+09,5.44328E+09,5.45718E+09,5.47107E+09,5.48494E+09,5.49879E+09,5.51261E+09,5.5264E+09,5.54017E+09,5.55389E+09,5.56758E+09,5.58122E+09,5.5948E+09,5.60833E+09,5.62181E+09,5.63523E+09,5.64859E+09,5.6619E+09,5.67515E+09,5.68836E+09,5.70153E+09,5.71464E+09,5.72772E+09,5.74076E+09,5.75376E+09,5.76672E+09,5.77966E+09,5.79257E+09,5.80549E+09,5.81841E+09,5.83135E+09,5.84431E+09,5.8573E+09,5.87031E+09,5.88335E+09,5.89642E+09,5.90951E+09,5.92263E+09,5.93578E+09,5.949E+09,5.96228E+09,5.97563E+09,5.98906E+09,6.00255E+09,6.01611E+09,6.02974E+09,6.04344E+09,6.05719E+09,6.071E+09,6.08486E+09,6.09877E+09,6.11273E+09,6.12674E+09,6.1408E+09,6.1549E+09,6.16905E+09,6.18325E+09,6.19749E+09,6.21176E+09,6.22607E+09,6.2404E+09,6.25475E+09,6.26911E+09,6.28349E+09,6.29786E+09,6.31224E+09,6.32661E+09,6.34096E+09,6.35531E+09,6.36963E+09,6.38394E+09,6.39823E+09,6.4125E+09,6.42674E+09,6.44095E+09,6.45514E+09,6.46931E+09,6.48344E+09,6.49755E+09,6.51163E+09,6.52569E+09,6.53973E+09,6.55374E+09,6.56772E+09,6.58167E+09,6.5956E+09,6.6095E+09,6.62338E+09,6.63725E+09,6.6511E+09,6.66495E+09,6.67878E+09,6.69261E+09,6.70642E+09,6.72021E+09,6.734E+09,6.74777E+09,6.76152E+09,6.77525E+09,6.78897E+09,6.80266E+09,6.81633E+09,6.82997E+09,6.8436E+09,6.8572E+09,6.87078E+09,6.88434E+09,6.89788E+09,6.9114E+09,6.92489E+09,6.93837E+09,6.95182E+09,6.96526E+09,6.97868E+09,6.99209E+09,7.00549E+09,7.01888E+09,7.03226E+09,7.04563E+09,7.05899E+09,7.07233E+09,7.08567E+09,7.09899E+09,7.1123E+09,7.1256E+09,7.1389E+09,7.15219E+09,7.16547E+09,7.17874E+09,7.192E+09,7.20525E+09,7.21847E+09,7.23167E+09,7.24484E+09,7.25798E+09,7.27109E+09,7.28415E+09,7.29718E+09,7.31015E+09,7.32308E+09,7.33595E+09,7.34877E+09,7.36152E+09,7.37422E+09,7.38686E+09,7.39945E+09,7.41197E+09,7.42444E+09,7.43684E+09,7.44919E+09,7.46148E+09,7.47371E+09,7.48589E+09,7.498E+09,7.51005E+09,7.52205E+09,7.53399E+09,7.54586E+09,7.55768E+09,7.56944E+09,7.58113E+09,7.59277E+09,7.60435E+09,7.61587E+09,7.62733E+09,7.63873E+09,7.65007E+09,7.66136E+09,7.67258E+09,7.68375E+09,7.69485E+09,7.7059E+09,7.71689E+09,7.72782E+09,7.7387E+09,7.74952E+09,7.76028E+09,7.77098E+09,7.78163E+09,7.79222E+09,7.80276E+09,7.81324E+09,7.82366E+09,7.83403E+09,7.84435E+09,7.8546E+09,7.86481E+09,7.87496E+09,7.88506E+09,7.89511E+09,7.9051E+09,7.91504E+09,7.92493E+09,7.93476E+09,7.94455E+09,7.95428E+09,7.96396E+09,7.9736E+09,7.98318E+09,7.99271E+09,8.0022E+09,8.01164E+09,8.02103E+09,8.03037E+09,8.03967E+09,8.04892E+09,8.05812E+09,8.06729E+09,8.07641E+09,8.08548E+09,8.09451E+09,8.1035E+09,8.11245E+09,8.12136E+09,8.13023E+09,8.13906E+09,8.14785E+09,8.1566E+09,8.16532E+09,8.17399E+09,8.18264E+09,8.19124E+09,8.19981E+09,8.20835E+09,8.21685E+09,8.22532E+09,8.23376E+09,8.24217E+09,8.25054E+09,8.25889E+09,8.2672E+09,8.27549E+09,8.28374E+09,8.29197E+09,8.30018E+09,8.30835E+09,8.3165E+09,8.32462E+09,8.33272E+09,8.3408E+09,8.34885E+09,8.35687E+09,8.36488E+09,8.37286E+09,8.38081E+09,8.38875E+09,8.39666E+09,8.40455E+09,8.41241E+09,8.42026E+09,8.42808E+09,8.43589E+09,8.44367E+09,8.45143E+09,8.45917E+09,8.46688E+09,8.47458E+09,8.48226E+09,8.48991E+09,8.49755E+09,8.50516E+09,8.51276E+09,8.52033E+09,8.52788E+09,8.53542E+09,8.54293E+09,8.55042E+09,8.5579E+09,8.56535E+09,8.57279E+09,8.5802E+09,8.5876E+09,8.59498E+09,8.60234E+09,8.60968E+09,8.617E+09,8.6243E+09,8.63159E+09,8.63885E+09,8.6461E+09,8.65333E+09,8.66055E+09,8.66774E+09,8.67492E+09,8.68208E+09,8.68923E+09,8.69635E+09,8.70346E+09,8.71055E+09,8.71763E+09,8.72468E+09,8.73172E+09,8.73874E+09,8.74575E+09,8.75273E+09,8.7597E+09,8.76665E+09,8.77358E+09,8.78049E+09,8.78739E+09,8.79426E+09,8.80112E+09,8.80796E+09,8.81478E+09,8.82159E+09,8.82837E+09,8.83514E+09,8.84188E+09,8.84861E+09,8.85532E+09,8.86201E+09,8.86868E+09,8.87533E+09,8.88196E+09,8.88857E+09,8.89517E+09,8.90174E+09,8.9083E+09,8.91483E+09,8.92135E+09,8.92785E+09,8.93433E+09,8.94079E+09,8.94723E+09,8.95365E+09,8.96005E+09,8.96643E+09,8.9728E+09,8.97914E+09,8.98547E+09,8.99177E+09,8.99806E+09,9.00433E+09,9.01058E+09,9.01682E+09,9.02303E+09,9.02923E+09,9.03541E+09,9.04157E+09,9.04771E+09,9.05384E+09,9.05994E+09,9.06604E+09,9.07211E+09,9.07817E+09,9.08421E+09,9.09024E+09,9.09624E+09,9.10224E+09,9.10822E+09,9.11418E+09,9.12012E+09,9.12606E+09,9.13197E+09,9.13787E+09,9.14376E+09,9.14963E+09,9.15549E+09,9.16133E+09,9.16716E+09,9.17298E+09,9.17878E+09,9.18457E+09,9.19035E+09,9.19611E+09,9.20186E+09,9.2076E+09,9.21332E+09,9.21903E+09,9.22473E+09,9.23042E+09,9.2361E+09,9.24176E+09,9.24741E+09,9.25305E+09,9.25868E+09,9.2643E+09,9.26991E+09,9.2755E+09,9.28109E+09
"Cost of GDP Cumulative[Ohio]",0,0,0,0,0,0,0,0,0,0,0,0,0,0,0,0,0,0,0,0,0,2.21014E-41,0.00189631,0.0255111,0.134486,0.458494,1.21291,2.7185,5.42338,9.92942,17.0258,27.7352,43.3775,65.6577,96.782,139.609,197.839,276.241,380.928,519.708,702.553,942.236,1255.14,1662.29,2191.91,2893.52,3830.35,5121.48,6936.86,9432.52,12757.9,17123.5,22796,30070.2,39280.7,50814.3,65127.3,82781.3,104545,131369,164376,204924,254693,315785,390839,483159,596888,737199,910517,1.12487E+06,1.39036E+06,1.72676E+06,2.15827E+06,2.70533E+06,3.39144E+06,4.24582E+06,5.30388E+06,6.61913E+06,8.26063E+06,1.03007E+07,1.28431E+07,1.59938E+07,1.98501E+07,2.45364E+07,3.01541E+07,3.6773E+07,4.44454E+07,5.32297E+07,6.3253E+07,7.46324E+07,8.74518E+07,1.01955E+08,1.18435E+08,1.37102E+08,1.58074E+08,1.81404E+08,2.07105E+08,2.35165E+08,2.65566E+08,2.98282E+08,3.33291E+08,3.70591E+08,4.10171E+08,4.5201E+08,4.9608E+08,5.42342E+08,5.90754E+08,6.41269E+08,6.93835E+08,7.48393E+08,8.04891E+08,8.63274E+08,9.23482E+08,9.85468E+08,1.04928E+09,1.1156E+09,1.18533E+09,1.25887E+09,1.33642E+09,1.4181E+09,1.50393E+09,1.59392E+09,1.68824E+09,1.78721E+09,1.89104E+09,1.99978E+09,2.11342E+09,2.23189E+09,2.3551E+09,2.48295E+09,2.61538E+09,2.75238E+09,2.89391E+09,3.03993E+09,3.19037E+09,3.34511E+09,3.50401E+09,3.66691E+09,3.83365E+09,4.00405E+09,4.17796E+09,4.35518E+09,4.53556E+09,4.71891E+09,4.90506E+09,5.09384E+09,5.28506E+09,5.47855E+09,5.67412E+09,5.87161E+09,6.07083E+09,6.27162E+09,6.47379E+09,6.67717E+09,6.88158E+09,7.08686E+09,7.29283E+09,7.49931E+09,7.70616E+09,7.9132E+09,8.12029E+09,8.32727E+09,8.53401E+09,8.74036E+09,8.94621E+09,9.15142E+09,9.3559E+09,9.55953E+09,9.76223E+09,9.96392E+09,1.01646E+10,1.03642E+10,1.05629E+10,1.07607E+10,1.09578E+10,1.11542E+10,1.135E+10,1.15452E+10,1.17397E+10,1.19336E+10,1.21267E+10,1.23192E+10,1.25109E+10,1.27017E+10,1.28917E+10,1.30807E+10,1.32687E+10,1.34555E+10,1.36412E+10,1.38257E+10,1.4009E+10,1.41911E+10,1.4372E+10,1.45518E+10,1.47304E+10,1.49078E+10,1.50841E+10,1.52592E+10,1.54332E+10,1.56061E+10,1.57778E+10,1.59485E+10,1.6118E+10,1.62864E+10,1.64537E+10,1.662E+10,1.67851E+10,1.69492E+10,1.71122E+10,1.72742E+10,1.74351E+10,1.75949E+10,1.77537E+10,1.79115E+10,1.80682E+10,1.82239E+10,1.83787E+10,1.85324E+10,1.86851E+10,1.88368E+10,1.89875E+10,1.91372E+10,1.9286E+10,1.94337E+10,1.95806E+10,1.97265E+10,1.98714E+10,2.00154E+10,2.01584E+10,2.03005E+10,2.04417E+10,2.0582E+10,2.07214E+10,2.08599E+10,2.09975E+10,2.11342E+10,2.127E+10,2.1405E+10,2.1539E+10,2.16723E+10,2.18046E+10,2.19361E+10,2.20668E+10,2.21967E+10,2.23257E+10,2.24539E+10,2.25813E+10,2.27079E+10,2.28336E+10,2.29586E+10,2.30828E+10,2.32063E+10,2.33289E+10,2.34508E+10,2.35719E+10,2.36923E+10,2.38119E+10,2.39308E+10,2.4049E+10,2.41664E+10,2.42831E+10,2.43991E+10,2.45143E+10,2.46289E+10,2.47428E+10,2.48559E+10,2.49684E+10,2.50802E+10,2.51913E+10,2.53017E+10,2.54114E+10,2.55205E+10,2.56289E+10,2.57367E+10,2.58438E+10,2.59502E+10,2.6056E+10,2.61612E+10,2.62657E+10,2.63696E+10,2.64729E+10,2.65755E+10,2.66775E+10,2.67788E+10,2.68796E+10,2.69798E+10,2.70793E+10,2.71782E+10,2.72765E+10,2.73743E+10,2.74714E+10,2.7568E+10,2.76639E+10,2.77593E+10,2.78541E+10,2.79483E+10,2.8042E+10,2.81351E+10,2.82276E+10,2.83195E+10,2.84109E+10,2.85018E+10,2.85921E+10,2.86818E+10,2.8771E+10,2.88597E+10,2.89478E+10,2.90354E+10,2.91225E+10,2.9209E+10,2.9295E+10,2.93805E+10,2.94655E+10,2.955E+10,2.9634E+10,2.97175E+10,2.98004E+10,2.98829E+10,2.99649E+10,3.00464E+10,3.01274E+10,3.0208E+10,3.02881E+10,3.03677E+10,3.04468E+10,3.05255E+10,3.06037E+10,3.06814E+10,3.07587E+10,3.08356E+10,3.0912E+10,3.0988E+10,3.10635E+10,3.11386E+10,3.12133E+10,3.12875E+10,3.13614E+10,3.14348E+10,3.15078E+10,3.15804E+10,3.16526E+10,3.17244E+10,3.17958E+10,3.18669E+10,3.19375E+10,3.20078E+10,3.20777E+10,3.21472E+10,3.22164E+10,3.22852E+10,3.23536E+10,3.24218E+10,3.24895E+10,3.2557E+10,3.26241E+10,3.26909E+10,3.27573E+10,3.28234E+10,3.28893E+10,3.29548E+10,3.302E+10,3.30849E+10,3.31496E+10,3.32139E+10,3.3278E+10,3.33418E+10,3.34053E+10,3.34686E+10,3.35316E+10,3.35944E+10,3.36569E+10,3.37192E+10,3.37814E+10,3.38435E+10,3.39057E+10,3.39681E+10,3.40308E+10,3.40939E+10,3.41575E+10,3.42217E+10,3.42866E+10,3.43524E+10,3.44191E+10,3.44869E+10,3.45559E+10,3.46262E+10,3.46979E+10,3.47711E+10,3.48456E+10,3.49215E+10,3.49988E+10,3.50774E+10,3.51574E+10,3.52388E+10,3.53216E+10,3.54058E+10,3.54914E+10,3.55782E+10,3.56664E+10,3.57559E+10,3.58465E+10,3.59383E+10,3.60311E+10,3.61249E+10,3.62196E+10,3.63151E+10,3.64113E+10,3.65083E+10,3.66059E+10,3.67042E+10,3.6803E+10,3.69025E+10,3.70026E+10,3.71034E+10,3.72048E+10,3.73068E+10,3.74094E+10,3.75125E+10,3.76161E+10,3.77202E+10,3.78246E+10,3.79296E+10,3.80349E+10,3.81407E+10,3.82467E+10,3.83531E+10,3.84598E+10,3.85667E+10,3.86739E+10,3.87814E+10,3.88892E+10,3.89973E+10,3.91056E+10,3.92142E+10,3.93231E+10,3.94321E+10,3.95414E+10,3.96507E+10,3.97602E+10,3.98697E+10,3.99793E+10,4.00889E+10,4.01984E+10,4.03078E+10,4.04169E+10,4.05258E+10,4.06342E+10,4.07422E+10,4.08497E+10,4.09567E+10,4.10631E+10,4.1169E+10,4.12744E+10,4.13792E+10,4.14835E+10,4.15872E+10,4.16905E+10,4.17932E+10,4.18954E+10,4.1997E+10,4.20981E+10,4.21987E+10,4.22988E+10,4.23983E+10,4.24974E+10,4.25959E+10,4.26939E+10,4.27913E+10,4.28883E+10,4.29847E+10,4.30806E+10,4.3176E+10,4.32709E+10,4.33653E+10,4.34592E+10,4.35526E+10,4.36456E+10,4.3738E+10,4.38299E+10,4.39213E+10,4.40123E+10,4.41028E+10,4.41927E+10,4.42822E+10,4.43713E+10,4.44598E+10,4.45479E+10,4.46355E+10,4.47226E+10,4.48092E+10,4.48954E+10,4.49811E+10,4.50664E+10,4.51512E+10,4.52355E+10,4.53193E+10,4.54028E+10,4.54857E+10,4.55682E+10,4.56503E+10,4.57319E+10,4.5813E+10,4.58937E+10,4.5974E+10,4.60538E+10,4.61332E+10,4.62122E+10,4.62907E+10,4.63688E+10,4.64464E+10,4.65236E+10,4.66004E+10,4.66768E+10,4.67527E+10,4.68282E+10,4.69033E+10,4.6978E+10,4.70522E+10,4.71261E+10,4.71995E+10,4.72726E+10,4.73452E+10,4.74174E+10,4.74892E+10,4.75607E+10,4.76317E+10,4.77024E+10,4.77727E+10,4.78425E+10,4.7912E+10,4.79811E+10,4.80499E+10,4.81182E+10,4.81862E+10,4.82538E+10,4.83211E+10,4.8388E+10,4.84545E+10,4.85207E+10,4.85865E+10,4.86519E+10,4.8717E+10,4.87818E+10,4.88462E+10,4.89103E+10,4.8974E+10,4.90374E+10,4.91004E+10,4.91632E+10,4.92256E+10,4.92877E+10,4.93494E+10,4.94108E+10,4.94719E+10,4.95327E+10,4.95932E+10,4.96534E+10,4.97132E+10,4.97728E+10,4.9832E+10,4.9891E+10,4.99496E+10,5.0008E+10,5.0066E+10,5.01238E+10,5.01813E+10,5.02384E+10,5.02953E+10,5.03519E+10,5.04082E+10,5.04643E+10,5.052E+10,5.05755E+10,5.06307E+10,5.06856E+10,5.07402E+10,5.07945E+10,5.08486E+10,5.09024E+10,5.0956E+10,5.10092E+10,5.10622E+10,5.11149E+10,5.11674E+10,5.12196E+10,5.12715E+10,5.13231E+10,5.13745E+10,5.14256E+10,5.14765E+10,5.15271E+10,5.15775E+10,5.16278E+10,5.16779E+10,5.17279E+10,5.17779E+10,5.1828E+10,5.18782E+10,5.19286E+10,5.19792E+10,5.20302E+10,5.20815E+10,5.21334E+10,5.21857E+10,5.22384E+10,5.22917E+10,5.23453E+10,5.23993E+10,5.24538E+10,5.25085E+10,5.25635E+10,5.26189E+10,5.26745E+10,5.27304E+10,5.27866E+10,5.28431E+10,5.28998E+10,5.29568E+10,5.30141E+10,5.30716E+10,5.31294E+10,5.31875E+10,5.32459E+10,5.33046E+10,5.33637E+10,5.34232E+10,5.34834E+10,5.35444E+10,5.36064E+10,5.36695E+10,5.37338E+10,5.37995E+10,5.38665E+10,5.3935E+10,5.40052E+10,5.40774E+10,5.41515E+10,5.42277E+10,5.4306E+10,5.43866E+10,5.44695E+10,5.45547E+10,5.46424E+10,5.47325E+10,5.48251E+10,5.49203E+10,5.5018E+10,5.51184E+10,5.52214E+10,5.53269E+10,5.54351E+10,5.5546E+10,5.56595E+10,5.57757E+10,5.58945E+10,5.60158E+10,5.61395E+10,5.62656E+10,5.6394E+10,5.65246E+10,5.66571E+10,5.67916E+10,5.69278E+10,5.70657E+10,5.72052E+10,5.73461E+10,5.74883E+10,5.76318E+10,5.77765E+10,5.79222E+10,5.80688E+10,5.82164E+10,5.83647E+10,5.85138E+10,5.86636E+10,5.8814E+10,5.89649E+10,5.91164E+10,5.92683E+10,5.94206E+10,5.95734E+10,5.97265E+10,5.98799E+10,6.00337E+10,6.01878E+10,6.03421E+10,6.04968E+10,6.06519E+10,6.08073E+10,6.0963E+10,6.1119E+10,6.12754E+10,6.1432E+10,6.15889E+10,6.1746E+10,6.19033E+10,6.20608E+10,6.22183E+10,6.23758E+10,6.25334E+10,6.26909E+10,6.28483E+10,6.30054E+10,6.31623E+10,6.33188E+10,6.3475E+10,6.36308E+10,6.37862E+10,6.39413E+10,6.40959E+10,6.42502E+10,6.44042E+10,6.45578E+10,6.47111E+10,6.4864E+10,6.50166E+10,6.51689E+10,6.53208E+10,6.54725E+10,6.56239E+10,6.57751E+10,6.59263E+10,6.60776E+10,6.62291E+10,6.63807E+10,6.65326E+10,6.66847E+10,6.6837E+10,6.69897E+10,6.71426E+10,6.72961E+10,6.745E+10,6.76044E+10,6.77595E+10,6.79152E+10,6.80715E+10,6.82285E+10,6.83862E+10,6.85446E+10,6.87035E+10,6.88631E+10,6.90234E+10,6.91844E+10,6.9346E+10,6.95084E+10,6.96715E+10,6.98354E+10,7E+10,7.01653E+10,7.03313E+10,7.0498E+10,7.06652E+10,7.08329E+10,7.10011E+10,7.11696E+10,7.13384E+10,7.15075E+10,7.16769E+10,7.18463E+10,7.20159E+10,7.21856E+10,7.23553E+10,7.25251E+10,7.26949E+10,7.28646E+10,7.30344E+10,7.32041E+10,7.33738E+10,7.35434E+10,7.3713E+10,7.38826E+10,7.40523E+10,7.4222E+10,7.43917E+10,7.45614E+10,7.47311E+10,7.49008E+10,7.50704E+10,7.52402E+10,7.54102E+10,7.55804E+10,7.57508E+10,7.59215E+10,7.60924E+10,7.62636E+10,7.64349E+10,7.66065E+10,7.67782E+10,7.695E+10,7.7122E+10,7.7294E+10,7.7466E+10,7.76381E+10,7.78101E+10,7.79822E+10,7.81542E+10,7.83263E+10,7.84983E+10,7.86703E+10,7.88423E+10,7.90141E+10,7.91858E+10,7.93574E+10,7.95288E+10,7.97E+10,7.9871E+10,8.00417E+10,8.02123E+10,8.03825E+10,8.05525E+10,8.07221E+10,8.08915E+10,8.10606E+10,8.12294E+10,8.13979E+10,8.15661E+10,8.17341E+10,8.1902E+10,8.20696E+10,8.2237E+10,8.24043E+10,8.25712E+10,8.27378E+10,8.29041E+10,8.30699E+10,8.32354E+10,8.34003E+10,8.35648E+10,8.37286E+10,8.38919E+10,8.40545E+10,8.42165E+10,8.43777E+10,8.45383E+10,8.46981E+10,8.48572E+10,8.50155E+10,8.5173E+10,8.53298E+10,8.54857E+10,8.56408E+10,8.57951E+10,8.59486E+10,8.61012E+10,8.62531E+10,8.64041E+10,8.65544E+10,8.67038E+10,8.68524E+10,8.70003E+10,8.71473E+10,8.72936E+10,8.74391E+10,8.75838E+10,8.77277E+10,8.78708E+10,8.80132E+10,8.81548E+10,8.82956E+10,8.84357E+10,8.8575E+10,8.87136E+10,8.88514E+10,8.89885E+10,8.91249E+10,8.92605E+10,8.93954E+10,8.95295E+10,8.9663E+10,8.97957E+10,8.99278E+10,9.00591E+10,9.01897E+10,9.03196E+10,9.04489E+10,9.05774E+10,9.07053E+10,9.08325E+10,9.0959E+10,9.10848E+10,9.121E+10,9.13345E+10,9.14583E+10,9.15815E+10,9.1704E+10,9.18259E+10,9.19472E+10,9.20678E+10,9.21878E+10,9.23072E+10,9.24259E+10,9.25441E+10,9.26616E+10,9.27785E+10,9.28948E+10,9.30105E+10,9.31256E+10,9.32401E+10,9.3354E+10,9.34673E+10,9.35801E+10,9.36923E+10,9.3804E+10,9.39151E+10,9.40257E+10,9.41358E+10,9.42454E+10,9.43547E+10,9.44636E+10,9.45722E+10,9.46805E+10,9.47885E+10,9.48964E+10,9.50041E+10,9.51117E+10,9.52191E+10,9.53265E+10,9.54337E+10,9.55408E+10,9.56479E+10,9.57548E+10,9.58617E+10,9.59686E+10,9.60755E+10,9.61824E+10,9.62895E+10,9.63967E+10,9.65042E+10,9.6612E+10,9.67201E+10,9.68286E+10,9.69375E+10,9.70469E+10,9.71567E+10,9.7267E+10,9.73778E+10,9.74891E+10,9.76009E+10,9.7713E+10,9.78256E+10,9.79385E+10,9.80517E+10,9.81651E+10,9.82788E+10,9.83927E+10,9.85067E+10,9.86207E+10,9.87346E+10,9.88484E+10,9.8962E+10,9.90753E+10,9.91883E+10,9.9301E+10,9.94133E+10,9.95253E+10,9.96371E+10,9.97485E+10,9.98597E+10,9.99707E+10,1.00081E+11,1.00192E+11,1.00302E+11,1.00412E+11,1.00522E+11,1.00632E+11,1.00741E+11,1.0085E+11,1.00959E+11,1.01068E+11,1.01177E+11,1.01286E+11,1.01395E+11,1.01503E+11,1.01612E+11,1.0172E+11,1.01829E+11,1.01937E+11,1.02046E+11,1.02154E+11,1.02262E+11,1.0237E+11,1.02479E+11,1.02587E+11,1.02695E+11,1.02803E+11,1.02911E+11,1.03019E+11,1.03127E+11,1.03235E+11,1.03343E+11,1.03451E+11,1.03559E+11,1.03667E+11,1.03775E+11,1.03882E+11,1.0399E+11,1.04098E+11,1.04205E+11,1.04312E+11,1.0442E+11,1.04527E+11,1.04634E+11,1.04741E+11,1.04847E+11,1.04954E+11,1.0506E+11,1.05166E+11,1.05272E+11,1.05378E+11,1.05484E+11,1.05589E+11,1.05694E+11,1.05799E+11,1.05904E+11,1.06008E+11,1.06112E+11,1.06216E+11,1.0632E+11,1.06423E+11,1.06526E+11,1.06629E+11,1.06731E+11,1.06834E+11,1.06935E+11,1.07037E+11,1.07138E+11,1.07239E+11,1.07339E+11,1.0744E+11,1.0754E+11,1.07639E+11,1.07738E+11,1.07837E+11,1.07936E+11,1.08034E+11,1.08131E+11,1.08229E+11,1.08326E+11,1.08423E+11,1.08519E+11,1.08615E+11,1.08711E+11,1.08806E+11,1.08901E+11,1.08996E+11,1.0909E+11,1.09184E+11,1.09278E+11,1.09372E+11,1.09465E+11,1.09557E+11,1.0965E+11,1.09742E+11,1.09834E+11,1.09925E+11,1.10017E+11,1.10108E+11,1.10199E+11,1.10289E+11,1.10379E+11,1.10469E+11,1.10559E+11,1.10648E+11,1.10738E+11,1.10827E+11,1.10916E+11,1.11004E+11,1.11093E+11,1.11181E+11,1.11269E+11,1.11357E+11
"Cost of GDP Cumulative[Oklahoma]",0,0,0,0,0,0,0,0,0,0,0,0,0,0,0,0,0,0,0,0,0,7.27381E-42,1.69153E-41,2.88966E-41,1.04595E-40,4.0781E-40,4.60242E-05,0.00546962,0.0528209,0.241105,0.756367,1.89358,4.07957,7.9003,14.1347,23.7962,38.1844,58.9515,88.1863,128.526,183.308,256.791,354.461,483.416,653.217,880.561,1186.79,1611.82,2212.55,3041.64,4150.15,5609.99,7512.77,9960.87,13071.5,16981.5,21853.3,27887.9,35359,44605.6,56032,70130.2,87515.9,108969,135478,168297,209011,259620,322638,401229,499409,624552,785707,990929,1.24958E+06,1.57321E+06,1.97571E+06,2.4772E+06,3.10322E+06,3.88119E+06,4.85008E+06,6.05144E+06,7.52572E+06,9.3242E+06,1.14921E+07,1.40658E+07,1.70764E+07,2.05472E+07,2.45087E+07,2.89944E+07,3.403E+07,3.96954E+07,4.60873E+07,5.32761E+07,6.13017E+07,7.01818E+07,7.99217E+07,9.0517E+07,1.0196E+08,1.1424E+08,1.27348E+08,1.4128E+08,1.56029E+08,1.71583E+08,1.87931E+08,2.05055E+08,2.22936E+08,2.41553E+08,2.60882E+08,2.80899E+08,3.01581E+08,3.22904E+08,3.44846E+08,3.67398E+08,3.90578E+08,4.1461E+08,4.39788E+08,4.66243E+08,4.94039E+08,5.23209E+08,5.53762E+08,5.85692E+08,6.19051E+08,6.53946E+08,6.90433E+08,7.28528E+08,7.68223E+08,8.09493E+08,8.52303E+08,8.96617E+08,9.42417E+08,9.89698E+08,1.03845E+09,1.08864E+09,1.14027E+09,1.19328E+09,1.24764E+09,1.30328E+09,1.36016E+09,1.41821E+09,1.47738E+09,1.53762E+09,1.59886E+09,1.66105E+09,1.72413E+09,1.78804E+09,1.85273E+09,1.91813E+09,1.98419E+09,2.05085E+09,2.11805E+09,2.18574E+09,2.25386E+09,2.32236E+09,2.39117E+09,2.46024E+09,2.52951E+09,2.59893E+09,2.66845E+09,2.73802E+09,2.80758E+09,2.87708E+09,2.94649E+09,3.01575E+09,3.08482E+09,3.15368E+09,3.22227E+09,3.29057E+09,3.35855E+09,3.42618E+09,3.49346E+09,3.56039E+09,3.62699E+09,3.6933E+09,3.75935E+09,3.82517E+09,3.89078E+09,3.95616E+09,4.02133E+09,4.08627E+09,4.15097E+09,4.21543E+09,4.27963E+09,4.34355E+09,4.40716E+09,4.47046E+09,4.53341E+09,4.59599E+09,4.65818E+09,4.71997E+09,4.78137E+09,4.84237E+09,4.90299E+09,4.96322E+09,5.02307E+09,5.08254E+09,5.14163E+09,5.20035E+09,5.2587E+09,5.31668E+09,5.37429E+09,5.43154E+09,5.48842E+09,5.54495E+09,5.60112E+09,5.65694E+09,5.71241E+09,5.76753E+09,5.82231E+09,5.87674E+09,5.93084E+09,5.98459E+09,6.03802E+09,6.09111E+09,6.14387E+09,6.1963E+09,6.2484E+09,6.30019E+09,6.35165E+09,6.40279E+09,6.45362E+09,6.50413E+09,6.55433E+09,6.60423E+09,6.65381E+09,6.7031E+09,6.75208E+09,6.80076E+09,6.84915E+09,6.89724E+09,6.94504E+09,6.99255E+09,7.03977E+09,7.08671E+09,7.13337E+09,7.17974E+09,7.22584E+09,7.27166E+09,7.31721E+09,7.36249E+09,7.40749E+09,7.45223E+09,7.49671E+09,7.54092E+09,7.58487E+09,7.62856E+09,7.672E+09,7.71518E+09,7.75811E+09,7.80079E+09,7.84322E+09,7.8854E+09,7.92734E+09,7.96903E+09,8.01049E+09,8.0517E+09,8.09267E+09,8.13341E+09,8.17392E+09,8.21419E+09,8.25423E+09,8.29405E+09,8.33363E+09,8.373E+09,8.41213E+09,8.45105E+09,8.48976E+09,8.52824E+09,8.56652E+09,8.60458E+09,8.64243E+09,8.68007E+09,8.71751E+09,8.75474E+09,8.79177E+09,8.8286E+09,8.86523E+09,8.90166E+09,8.93789E+09,8.97393E+09,9.00978E+09,9.04543E+09,9.08089E+09,9.11616E+09,9.15123E+09,9.18612E+09,9.22081E+09,9.25532E+09,9.28963E+09,9.32376E+09,9.3577E+09,9.39145E+09,9.42502E+09,9.45841E+09,9.49162E+09,9.52465E+09,9.5575E+09,9.59018E+09,9.62269E+09,9.65502E+09,9.68719E+09,9.71918E+09,9.75102E+09,9.78269E+09,9.81419E+09,9.84554E+09,9.87673E+09,9.90777E+09,9.93864E+09,9.96937E+09,9.99994E+09,1.00304E+10,1.00606E+10,1.00908E+10,1.01208E+10,1.01506E+10,1.01803E+10,1.02099E+10,1.02393E+10,1.02686E+10,1.02978E+10,1.03268E+10,1.03557E+10,1.03845E+10,1.04132E+10,1.04417E+10,1.04702E+10,1.04985E+10,1.05267E+10,1.05549E+10,1.05829E+10,1.06108E+10,1.06386E+10,1.06663E+10,1.06939E+10,1.07214E+10,1.07488E+10,1.07762E+10,1.08034E+10,1.08306E+10,1.08577E+10,1.08848E+10,1.09118E+10,1.09387E+10,1.09656E+10,1.09924E+10,1.10191E+10,1.10459E+10,1.10726E+10,1.10992E+10,1.11259E+10,1.11525E+10,1.11791E+10,1.12057E+10,1.12323E+10,1.12589E+10,1.12855E+10,1.13121E+10,1.13387E+10,1.13654E+10,1.13921E+10,1.14188E+10,1.14455E+10,1.14724E+10,1.14992E+10,1.15262E+10,1.15532E+10,1.15802E+10,1.16074E+10,1.16346E+10,1.1662E+10,1.16894E+10,1.17169E+10,1.17447E+10,1.17726E+10,1.18007E+10,1.18291E+10,1.18579E+10,1.18869E+10,1.19164E+10,1.19462E+10,1.19764E+10,1.20071E+10,1.20384E+10,1.20701E+10,1.21024E+10,1.21353E+10,1.21687E+10,1.22027E+10,1.22373E+10,1.22724E+10,1.23081E+10,1.23443E+10,1.23811E+10,1.24183E+10,1.24562E+10,1.24945E+10,1.25334E+10,1.25728E+10,1.26126E+10,1.26529E+10,1.26937E+10,1.27349E+10,1.27764E+10,1.28183E+10,1.28605E+10,1.2903E+10,1.29458E+10,1.29889E+10,1.30322E+10,1.30757E+10,1.31195E+10,1.31635E+10,1.32078E+10,1.32523E+10,1.3297E+10,1.3342E+10,1.33871E+10,1.34324E+10,1.34779E+10,1.35235E+10,1.35693E+10,1.36152E+10,1.36613E+10,1.37074E+10,1.37537E+10,1.38001E+10,1.38466E+10,1.38932E+10,1.39399E+10,1.39867E+10,1.40336E+10,1.40806E+10,1.41277E+10,1.41748E+10,1.4222E+10,1.42693E+10,1.43167E+10,1.4364E+10,1.44114E+10,1.44588E+10,1.45062E+10,1.45535E+10,1.46008E+10,1.46481E+10,1.46952E+10,1.47422E+10,1.4789E+10,1.48357E+10,1.48821E+10,1.49284E+10,1.49745E+10,1.50204E+10,1.50661E+10,1.51116E+10,1.51569E+10,1.5202E+10,1.52469E+10,1.52916E+10,1.53362E+10,1.53805E+10,1.54246E+10,1.54686E+10,1.55123E+10,1.55559E+10,1.55993E+10,1.56424E+10,1.56854E+10,1.57282E+10,1.57707E+10,1.58131E+10,1.58553E+10,1.58973E+10,1.59391E+10,1.59807E+10,1.60221E+10,1.60634E+10,1.61044E+10,1.61453E+10,1.61859E+10,1.62264E+10,1.62667E+10,1.63068E+10,1.63467E+10,1.63864E+10,1.6426E+10,1.64653E+10,1.65045E+10,1.65435E+10,1.65823E+10,1.66209E+10,1.66593E+10,1.66975E+10,1.67356E+10,1.67735E+10,1.68112E+10,1.68487E+10,1.6886E+10,1.69231E+10,1.69601E+10,1.69969E+10,1.70335E+10,1.70699E+10,1.71061E+10,1.71422E+10,1.71781E+10,1.72138E+10,1.72494E+10,1.72847E+10,1.73199E+10,1.7355E+10,1.73898E+10,1.74245E+10,1.7459E+10,1.74933E+10,1.75275E+10,1.75615E+10,1.75953E+10,1.7629E+10,1.76625E+10,1.76958E+10,1.7729E+10,1.7762E+10,1.77949E+10,1.78276E+10,1.78601E+10,1.78925E+10,1.79247E+10,1.79568E+10,1.79887E+10,1.80204E+10,1.8052E+10,1.80835E+10,1.81148E+10,1.8146E+10,1.8177E+10,1.82078E+10,1.82386E+10,1.82691E+10,1.82996E+10,1.83299E+10,1.836E+10,1.83901E+10,1.84199E+10,1.84497E+10,1.84793E+10,1.85088E+10,1.85382E+10,1.85674E+10,1.85965E+10,1.86255E+10,1.86543E+10,1.86831E+10,1.87117E+10,1.87402E+10,1.87686E+10,1.87968E+10,1.8825E+10,1.8853E+10,1.8881E+10,1.89088E+10,1.89365E+10,1.89641E+10,1.89916E+10,1.9019E+10,1.90464E+10,1.90736E+10,1.91007E+10,1.91278E+10,1.91547E+10,1.91816E+10,1.92083E+10,1.9235E+10,1.92616E+10,1.92882E+10,1.93146E+10,1.9341E+10,1.93673E+10,1.93935E+10,1.94197E+10,1.94458E+10,1.94718E+10,1.94978E+10,1.95237E+10,1.95495E+10,1.95752E+10,1.9601E+10,1.96266E+10,1.96522E+10,1.96778E+10,1.97033E+10,1.97289E+10,1.97544E+10,1.97799E+10,1.98055E+10,1.98311E+10,1.98569E+10,1.98827E+10,1.99088E+10,1.9935E+10,1.99614E+10,1.9988E+10,2.00149E+10,2.00421E+10,2.00697E+10,2.00975E+10,2.01255E+10,2.01539E+10,2.01826E+10,2.02116E+10,2.02409E+10,2.02705E+10,2.03004E+10,2.03306E+10,2.03612E+10,2.0392E+10,2.04232E+10,2.04548E+10,2.04866E+10,2.05188E+10,2.05514E+10,2.05842E+10,2.06175E+10,2.06511E+10,2.0685E+10,2.07194E+10,2.07542E+10,2.07895E+10,2.08254E+10,2.08619E+10,2.08989E+10,2.09366E+10,2.0975E+10,2.1014E+10,2.10538E+10,2.10943E+10,2.11357E+10,2.11779E+10,2.12209E+10,2.12648E+10,2.13095E+10,2.1355E+10,2.14015E+10,2.14488E+10,2.14969E+10,2.1546E+10,2.15959E+10,2.16466E+10,2.16982E+10,2.17506E+10,2.18039E+10,2.1858E+10,2.19129E+10,2.19686E+10,2.2025E+10,2.20822E+10,2.21401E+10,2.21987E+10,2.2258E+10,2.23178E+10,2.23781E+10,2.2439E+10,2.25003E+10,2.2562E+10,2.26241E+10,2.26866E+10,2.27493E+10,2.28122E+10,2.28754E+10,2.29388E+10,2.30023E+10,2.3066E+10,2.31297E+10,2.31935E+10,2.32573E+10,2.33212E+10,2.33851E+10,2.34489E+10,2.35127E+10,2.35764E+10,2.36401E+10,2.37037E+10,2.37672E+10,2.38306E+10,2.38939E+10,2.39572E+10,2.40203E+10,2.40833E+10,2.41462E+10,2.4209E+10,2.42718E+10,2.43344E+10,2.43969E+10,2.44593E+10,2.45215E+10,2.45836E+10,2.46456E+10,2.47073E+10,2.47689E+10,2.48303E+10,2.48914E+10,2.49524E+10,2.5013E+10,2.50733E+10,2.51333E+10,2.51931E+10,2.52524E+10,2.53115E+10,2.53702E+10,2.54286E+10,2.54867E+10,2.55445E+10,2.5602E+10,2.56592E+10,2.5716E+10,2.57726E+10,2.58289E+10,2.58849E+10,2.59406E+10,2.5996E+10,2.60512E+10,2.61062E+10,2.6161E+10,2.62157E+10,2.62704E+10,2.63249E+10,2.63793E+10,2.64337E+10,2.6488E+10,2.65423E+10,2.65965E+10,2.66508E+10,2.67051E+10,2.67595E+10,2.68139E+10,2.68685E+10,2.69231E+10,2.69779E+10,2.70327E+10,2.70877E+10,2.71428E+10,2.7198E+10,2.72533E+10,2.73088E+10,2.73645E+10,2.74204E+10,2.74764E+10,2.75327E+10,2.75891E+10,2.76457E+10,2.77026E+10,2.77596E+10,2.78167E+10,2.7874E+10,2.79314E+10,2.7989E+10,2.80466E+10,2.81044E+10,2.81622E+10,2.82201E+10,2.8278E+10,2.83361E+10,2.83942E+10,2.84523E+10,2.85105E+10,2.85688E+10,2.86271E+10,2.86854E+10,2.87438E+10,2.88023E+10,2.88608E+10,2.89194E+10,2.89781E+10,2.90369E+10,2.90957E+10,2.91545E+10,2.92135E+10,2.92724E+10,2.93315E+10,2.93907E+10,2.94501E+10,2.95095E+10,2.95691E+10,2.96289E+10,2.96888E+10,2.97488E+10,2.98089E+10,2.98692E+10,2.99296E+10,2.99901E+10,3.00506E+10,3.01113E+10,3.0172E+10,3.02329E+10,3.02938E+10,3.03548E+10,3.04158E+10,3.04769E+10,3.05382E+10,3.05994E+10,3.06608E+10,3.07222E+10,3.07836E+10,3.08451E+10,3.09066E+10,3.09682E+10,3.10297E+10,3.10913E+10,3.11529E+10,3.12145E+10,3.1276E+10,3.13376E+10,3.13991E+10,3.14606E+10,3.15221E+10,3.15835E+10,3.1645E+10,3.17064E+10,3.17678E+10,3.18292E+10,3.18905E+10,3.19518E+10,3.20131E+10,3.20742E+10,3.21353E+10,3.21962E+10,3.22571E+10,3.23178E+10,3.23783E+10,3.24387E+10,3.24989E+10,3.25588E+10,3.26186E+10,3.26782E+10,3.27376E+10,3.27967E+10,3.28556E+10,3.29143E+10,3.29727E+10,3.30309E+10,3.30889E+10,3.31465E+10,3.3204E+10,3.32612E+10,3.33181E+10,3.33748E+10,3.34312E+10,3.34874E+10,3.35433E+10,3.3599E+10,3.36545E+10,3.37097E+10,3.37646E+10,3.38193E+10,3.38738E+10,3.39281E+10,3.3982E+10,3.40358E+10,3.40893E+10,3.41426E+10,3.41957E+10,3.42485E+10,3.43011E+10,3.43535E+10,3.44057E+10,3.44576E+10,3.45093E+10,3.45608E+10,3.46121E+10,3.46632E+10,3.4714E+10,3.47647E+10,3.48151E+10,3.48654E+10,3.49154E+10,3.49652E+10,3.50149E+10,3.50643E+10,3.51136E+10,3.51626E+10,3.52115E+10,3.52602E+10,3.53087E+10,3.5357E+10,3.54051E+10,3.54531E+10,3.55008E+10,3.55484E+10,3.55959E+10,3.56432E+10,3.56903E+10,3.57372E+10,3.5784E+10,3.58306E+10,3.58771E+10,3.59235E+10,3.59696E+10,3.60157E+10,3.60616E+10,3.61074E+10,3.6153E+10,3.61985E+10,3.62439E+10,3.62891E+10,3.63343E+10,3.63793E+10,3.64243E+10,3.64691E+10,3.65139E+10,3.65587E+10,3.66034E+10,3.66481E+10,3.66928E+10,3.67376E+10,3.67823E+10,3.6827E+10,3.68718E+10,3.69166E+10,3.69614E+10,3.70062E+10,3.7051E+10,3.70959E+10,3.71408E+10,3.71858E+10,3.72308E+10,3.72759E+10,3.73211E+10,3.73665E+10,3.74119E+10,3.74575E+10,3.75033E+10,3.75492E+10,3.75953E+10,3.76416E+10,3.76881E+10,3.77347E+10,3.77816E+10,3.78286E+10,3.78757E+10,3.7923E+10,3.79704E+10,3.80179E+10,3.80655E+10,3.81132E+10,3.81609E+10,3.82087E+10,3.82564E+10,3.83042E+10,3.83519E+10,3.83995E+10,3.8447E+10,3.84944E+10,3.85416E+10,3.85888E+10,3.86358E+10,3.86826E+10,3.87294E+10,3.8776E+10,3.88226E+10,3.88689E+10,3.89152E+10,3.89614E+10,3.90074E+10,3.90533E+10,3.90992E+10,3.91449E+10,3.91904E+10,3.92359E+10,3.92813E+10,3.93265E+10,3.93716E+10,3.94167E+10,3.94616E+10,3.95064E+10,3.95511E+10,3.95957E+10,3.96402E+10,3.96846E+10,3.97289E+10,3.9773E+10,3.98171E+10,3.98611E+10,3.9905E+10,3.99487E+10,3.99924E+10,4.0036E+10,4.00794E+10,4.01228E+10,4.0166E+10,4.02092E+10,4.02522E+10,4.02952E+10,4.0338E+10,4.03807E+10,4.04233E+10,4.04659E+10,4.05083E+10,4.05506E+10,4.05928E+10,4.06349E+10,4.06769E+10,4.07188E+10,4.07606E+10,4.08023E+10,4.08439E+10,4.08854E+10,4.09268E+10,4.0968E+10,4.10092E+10,4.10503E+10,4.10913E+10,4.11321E+10,4.11729E+10,4.12136E+10,4.12541E+10,4.12946E+10,4.1335E+10,4.13752E+10,4.14154E+10,4.14555E+10,4.14955E+10,4.15354E+10,4.15752E+10,4.16149E+10,4.16545E+10,4.1694E+10,4.17334E+10,4.17728E+10,4.1812E+10,4.18512E+10,4.18903E+10,4.19293E+10,4.19682E+10,4.2007E+10,4.20457E+10,4.20844E+10,4.21229E+10,4.21614E+10,4.21998E+10,4.22381E+10,4.22763E+10,4.23145E+10,4.23526E+10,4.23906E+10,4.24285E+10,4.24663E+10,4.25041E+10,4.25418E+10,4.25794E+10,4.26169E+10,4.26544E+10,4.26918E+10,4.27291E+10,4.27663E+10,4.28035E+10,4.28406E+10,4.28777E+10,4.29147E+10,4.29516E+10,4.29884E+10,4.30252E+10,4.3062E+10,4.30986E+10,4.31352E+10,4.31718E+10,4.32083E+10,4.32447E+10,4.3281E+10,4.33173E+10,4.33536E+10,4.33898E+10
"Cost of GDP Cumulative[Oregon]",0,0,0,0,0,0,0,0,0,0,0,0,0,0,0,0,0,0,0,0,0,7.95705E-42,0.00268444,0.0372981,0.203715,0.722714,2.00034,4.71767,9.96007,19.4063,35.611,62.4382,105.75,174.526,282.661,451.771,715.541,1126.51,1766.58,2763.24,4314.1,6723.35,10455.4,16212.5,25044.6,38501.3,58832.8,89872.6,138061,210885,315578,458928,647090,885395,1.17838E+06,1.52985E+06,1.94291E+06,2.42012E+06,2.96374E+06,3.57565E+06,4.25726E+06,5.00958E+06,5.83338E+06,6.72926E+06,7.69768E+06,8.73898E+06,9.8534E+06,1.10411E+07,1.23022E+07,1.36368E+07,1.50453E+07,1.65372E+07,1.81229E+07,1.98044E+07,2.15834E+07,2.34628E+07,2.54468E+07,2.75496E+07,2.97915E+07,3.21913E+07,3.47843E+07,3.76052E+07,4.0683E+07,4.40605E+07,4.77696E+07,5.1828E+07,5.6247E+07,6.1042E+07,6.62607E+07,7.19463E+07,7.81282E+07,8.49025E+07,9.23834E+07,1.0065E+08,1.09744E+08,1.19681E+08,1.30463E+08,1.42081E+08,1.54526E+08,1.67785E+08,1.81846E+08,1.96708E+08,2.12362E+08,2.28801E+08,2.4601E+08,2.63974E+08,2.82676E+08,3.02096E+08,3.22213E+08,3.43005E+08,3.64448E+08,3.86521E+08,4.09202E+08,4.32486E+08,4.56399E+08,4.81195E+08,5.07201E+08,5.34562E+08,5.6335E+08,5.936E+08,6.25327E+08,6.58525E+08,6.9325E+08,7.29617E+08,7.67684E+08,8.07469E+08,8.48962E+08,8.92139E+08,9.36964E+08,9.83395E+08,1.03142E+09,1.08102E+09,1.13219E+09,1.18491E+09,1.23915E+09,1.29488E+09,1.35203E+09,1.41056E+09,1.47041E+09,1.53151E+09,1.59382E+09,1.65727E+09,1.72179E+09,1.78733E+09,1.85383E+09,1.92122E+09,1.98944E+09,2.05843E+09,2.12814E+09,2.19849E+09,2.26943E+09,2.3409E+09,2.41283E+09,2.48517E+09,2.55786E+09,2.63083E+09,2.70403E+09,2.7774E+09,2.85087E+09,2.92441E+09,2.99795E+09,3.07144E+09,3.14483E+09,3.21808E+09,3.29114E+09,3.36396E+09,3.43652E+09,3.50876E+09,3.58067E+09,3.65221E+09,3.72337E+09,3.79416E+09,3.86459E+09,3.9347E+09,4.00453E+09,4.07409E+09,4.1434E+09,4.21246E+09,4.28126E+09,4.34979E+09,4.41805E+09,4.48601E+09,4.55366E+09,4.62098E+09,4.68794E+09,4.75452E+09,4.82069E+09,4.88643E+09,4.95173E+09,5.0166E+09,5.08103E+09,5.14503E+09,5.2086E+09,5.27175E+09,5.33448E+09,5.39678E+09,5.45867E+09,5.52015E+09,5.58122E+09,5.64188E+09,5.70213E+09,5.76199E+09,5.82144E+09,5.8805E+09,5.93916E+09,5.99743E+09,6.05531E+09,6.1128E+09,6.16991E+09,6.22664E+09,6.283E+09,6.33897E+09,6.39458E+09,6.44981E+09,6.50468E+09,6.55918E+09,6.61331E+09,6.66709E+09,6.72051E+09,6.77357E+09,6.82629E+09,6.87865E+09,6.93066E+09,6.98234E+09,7.03366E+09,7.08465E+09,7.1353E+09,7.18562E+09,7.23561E+09,7.28526E+09,7.33459E+09,7.38359E+09,7.43228E+09,7.48064E+09,7.52869E+09,7.57642E+09,7.62384E+09,7.67096E+09,7.71777E+09,7.76427E+09,7.81048E+09,7.85638E+09,7.90199E+09,7.94731E+09,7.99234E+09,8.03709E+09,8.08154E+09,8.12572E+09,8.16962E+09,8.21324E+09,8.25659E+09,8.29967E+09,8.34247E+09,8.38501E+09,8.42729E+09,8.4693E+09,8.51105E+09,8.55253E+09,8.59376E+09,8.63473E+09,8.67545E+09,8.71591E+09,8.75611E+09,8.79606E+09,8.83576E+09,8.87521E+09,8.91441E+09,8.95336E+09,8.99206E+09,9.03052E+09,9.06873E+09,9.1067E+09,9.14443E+09,9.18191E+09,9.21916E+09,9.25617E+09,9.29294E+09,9.32948E+09,9.36578E+09,9.40185E+09,9.43769E+09,9.47329E+09,9.50867E+09,9.54382E+09,9.57874E+09,9.61344E+09,9.64791E+09,9.68216E+09,9.71619E+09,9.75E+09,9.78359E+09,9.81696E+09,9.85012E+09,9.88306E+09,9.91579E+09,9.9483E+09,9.98061E+09,1.00127E+10,1.00446E+10,1.00763E+10,1.01077E+10,1.0139E+10,1.01701E+10,1.02009E+10,1.02316E+10,1.02621E+10,1.02923E+10,1.03224E+10,1.03523E+10,1.03819E+10,1.04114E+10,1.04407E+10,1.04698E+10,1.04987E+10,1.05275E+10,1.0556E+10,1.05843E+10,1.06125E+10,1.06405E+10,1.06683E+10,1.06959E+10,1.07234E+10,1.07506E+10,1.07777E+10,1.08046E+10,1.08314E+10,1.08579E+10,1.08843E+10,1.09105E+10,1.09366E+10,1.09625E+10,1.09882E+10,1.10137E+10,1.10391E+10,1.10644E+10,1.10894E+10,1.11143E+10,1.11391E+10,1.11637E+10,1.11881E+10,1.12124E+10,1.12365E+10,1.12605E+10,1.12843E+10,1.1308E+10,1.13315E+10,1.13549E+10,1.13782E+10,1.14013E+10,1.14243E+10,1.14471E+10,1.14698E+10,1.14924E+10,1.15148E+10,1.15371E+10,1.15593E+10,1.15814E+10,1.16033E+10,1.16251E+10,1.16468E+10,1.16684E+10,1.16899E+10,1.17112E+10,1.17324E+10,1.17536E+10,1.17746E+10,1.17955E+10,1.18162E+10,1.18369E+10,1.18575E+10,1.1878E+10,1.18984E+10,1.19189E+10,1.19394E+10,1.196E+10,1.19807E+10,1.20017E+10,1.20228E+10,1.20441E+10,1.20657E+10,1.20877E+10,1.211E+10,1.21327E+10,1.21558E+10,1.21794E+10,1.22036E+10,1.22283E+10,1.22536E+10,1.22794E+10,1.23058E+10,1.23327E+10,1.23602E+10,1.23881E+10,1.24167E+10,1.24457E+10,1.24753E+10,1.25054E+10,1.2536E+10,1.25671E+10,1.25986E+10,1.26307E+10,1.26631E+10,1.26959E+10,1.27291E+10,1.27626E+10,1.27964E+10,1.28305E+10,1.28648E+10,1.28994E+10,1.29342E+10,1.29693E+10,1.30045E+10,1.304E+10,1.30758E+10,1.31117E+10,1.31479E+10,1.31843E+10,1.32209E+10,1.32576E+10,1.32946E+10,1.33316E+10,1.33688E+10,1.34062E+10,1.34437E+10,1.34814E+10,1.35191E+10,1.35569E+10,1.35948E+10,1.36328E+10,1.36709E+10,1.37091E+10,1.37473E+10,1.37857E+10,1.38241E+10,1.38627E+10,1.39012E+10,1.39399E+10,1.39785E+10,1.40172E+10,1.40559E+10,1.40946E+10,1.41333E+10,1.4172E+10,1.42106E+10,1.42491E+10,1.42874E+10,1.43257E+10,1.43637E+10,1.44016E+10,1.44392E+10,1.44767E+10,1.45139E+10,1.45509E+10,1.45876E+10,1.46242E+10,1.46605E+10,1.46966E+10,1.47325E+10,1.47682E+10,1.48036E+10,1.48389E+10,1.48739E+10,1.49087E+10,1.49433E+10,1.49777E+10,1.50119E+10,1.50459E+10,1.50797E+10,1.51133E+10,1.51467E+10,1.51799E+10,1.52129E+10,1.52457E+10,1.52783E+10,1.53107E+10,1.53429E+10,1.5375E+10,1.54068E+10,1.54384E+10,1.54699E+10,1.55012E+10,1.55323E+10,1.55632E+10,1.55939E+10,1.56244E+10,1.56548E+10,1.5685E+10,1.5715E+10,1.57448E+10,1.57744E+10,1.58039E+10,1.58332E+10,1.58623E+10,1.58912E+10,1.592E+10,1.59486E+10,1.5977E+10,1.60052E+10,1.60333E+10,1.60612E+10,1.60889E+10,1.61165E+10,1.61439E+10,1.61711E+10,1.61982E+10,1.62251E+10,1.62518E+10,1.62784E+10,1.63048E+10,1.63311E+10,1.63572E+10,1.63831E+10,1.64089E+10,1.64345E+10,1.64599E+10,1.64852E+10,1.65104E+10,1.65354E+10,1.65602E+10,1.65849E+10,1.66095E+10,1.66339E+10,1.66581E+10,1.66822E+10,1.67062E+10,1.673E+10,1.67536E+10,1.67772E+10,1.68005E+10,1.68238E+10,1.68469E+10,1.68698E+10,1.68927E+10,1.69153E+10,1.69379E+10,1.69603E+10,1.69826E+10,1.70047E+10,1.70268E+10,1.70486E+10,1.70704E+10,1.7092E+10,1.71135E+10,1.71349E+10,1.71561E+10,1.71772E+10,1.71982E+10,1.72191E+10,1.72398E+10,1.72604E+10,1.72809E+10,1.73013E+10,1.73215E+10,1.73417E+10,1.73617E+10,1.73816E+10,1.74014E+10,1.74211E+10,1.74406E+10,1.74601E+10,1.74794E+10,1.74986E+10,1.75177E+10,1.75367E+10,1.75556E+10,1.75744E+10,1.75931E+10,1.76116E+10,1.76301E+10,1.76485E+10,1.76667E+10,1.76849E+10,1.77029E+10,1.77209E+10,1.77387E+10,1.77565E+10,1.77741E+10,1.77917E+10,1.78091E+10,1.78265E+10,1.78438E+10,1.78609E+10,1.7878E+10,1.7895E+10,1.79119E+10,1.79287E+10,1.79454E+10,1.79621E+10,1.79786E+10,1.79951E+10,1.80116E+10,1.8028E+10,1.80445E+10,1.8061E+10,1.80774E+10,1.8094E+10,1.81106E+10,1.81274E+10,1.81442E+10,1.81612E+10,1.81784E+10,1.81957E+10,1.82133E+10,1.82311E+10,1.82491E+10,1.82674E+10,1.82858E+10,1.83044E+10,1.83231E+10,1.8342E+10,1.83611E+10,1.83803E+10,1.83996E+10,1.84191E+10,1.84387E+10,1.84584E+10,1.84782E+10,1.84981E+10,1.85181E+10,1.85383E+10,1.85585E+10,1.85789E+10,1.85994E+10,1.862E+10,1.86407E+10,1.86616E+10,1.86827E+10,1.87041E+10,1.87259E+10,1.8748E+10,1.87706E+10,1.87936E+10,1.8817E+10,1.8841E+10,1.88656E+10,1.88908E+10,1.89166E+10,1.89432E+10,1.89705E+10,1.89985E+10,1.90273E+10,1.90569E+10,1.90873E+10,1.91185E+10,1.91505E+10,1.91835E+10,1.92174E+10,1.92522E+10,1.9288E+10,1.93248E+10,1.93626E+10,1.94013E+10,1.94411E+10,1.94819E+10,1.95238E+10,1.95665E+10,1.96102E+10,1.96549E+10,1.97003E+10,1.97466E+10,1.97937E+10,1.98414E+10,1.98898E+10,1.99388E+10,1.99884E+10,2.00385E+10,2.00891E+10,2.01401E+10,2.01915E+10,2.02433E+10,2.02954E+10,2.03478E+10,2.04004E+10,2.04533E+10,2.05064E+10,2.05596E+10,2.0613E+10,2.06665E+10,2.07201E+10,2.07737E+10,2.08275E+10,2.08813E+10,2.09352E+10,2.09891E+10,2.10431E+10,2.10971E+10,2.11511E+10,2.12051E+10,2.12592E+10,2.13133E+10,2.13675E+10,2.14216E+10,2.14758E+10,2.153E+10,2.15842E+10,2.16383E+10,2.16924E+10,2.17464E+10,2.18003E+10,2.18541E+10,2.19078E+10,2.19614E+10,2.20147E+10,2.20679E+10,2.21209E+10,2.21736E+10,2.2226E+10,2.22782E+10,2.23301E+10,2.23818E+10,2.24331E+10,2.24842E+10,2.2535E+10,2.25855E+10,2.26358E+10,2.26858E+10,2.27355E+10,2.27849E+10,2.28342E+10,2.28832E+10,2.2932E+10,2.29808E+10,2.30295E+10,2.30781E+10,2.31267E+10,2.31753E+10,2.32239E+10,2.32724E+10,2.3321E+10,2.33696E+10,2.34182E+10,2.34669E+10,2.35156E+10,2.35645E+10,2.36135E+10,2.36626E+10,2.37119E+10,2.37612E+10,2.38107E+10,2.38603E+10,2.391E+10,2.39599E+10,2.40098E+10,2.406E+10,2.41103E+10,2.41607E+10,2.42113E+10,2.42621E+10,2.43131E+10,2.43642E+10,2.44155E+10,2.44669E+10,2.45185E+10,2.45701E+10,2.46218E+10,2.46735E+10,2.47253E+10,2.47771E+10,2.48289E+10,2.48808E+10,2.49326E+10,2.49844E+10,2.50362E+10,2.5088E+10,2.51397E+10,2.51914E+10,2.52431E+10,2.52948E+10,2.53464E+10,2.5398E+10,2.54497E+10,2.55013E+10,2.5553E+10,2.56046E+10,2.56563E+10,2.57079E+10,2.57596E+10,2.58113E+10,2.5863E+10,2.59148E+10,2.59667E+10,2.60187E+10,2.60709E+10,2.61231E+10,2.61755E+10,2.6228E+10,2.62806E+10,2.63333E+10,2.63861E+10,2.6439E+10,2.6492E+10,2.65451E+10,2.65983E+10,2.66516E+10,2.67049E+10,2.67584E+10,2.6812E+10,2.68656E+10,2.69193E+10,2.69731E+10,2.7027E+10,2.70809E+10,2.71349E+10,2.7189E+10,2.72431E+10,2.72972E+10,2.73514E+10,2.74056E+10,2.74598E+10,2.7514E+10,2.75682E+10,2.76225E+10,2.76767E+10,2.7731E+10,2.77853E+10,2.78396E+10,2.78939E+10,2.79483E+10,2.80027E+10,2.80571E+10,2.81116E+10,2.8166E+10,2.82205E+10,2.8275E+10,2.83294E+10,2.83837E+10,2.8438E+10,2.84922E+10,2.85463E+10,2.86003E+10,2.86541E+10,2.87078E+10,2.87614E+10,2.88147E+10,2.88679E+10,2.8921E+10,2.89738E+10,2.90264E+10,2.90788E+10,2.91311E+10,2.91831E+10,2.92349E+10,2.92864E+10,2.93377E+10,2.93888E+10,2.94396E+10,2.94902E+10,2.95405E+10,2.95906E+10,2.96404E+10,2.969E+10,2.97393E+10,2.97884E+10,2.98373E+10,2.98858E+10,2.99342E+10,2.99823E+10,3.00301E+10,3.00777E+10,3.01251E+10,3.01722E+10,3.0219E+10,3.02656E+10,3.03119E+10,3.0358E+10,3.04039E+10,3.04495E+10,3.04948E+10,3.05399E+10,3.05847E+10,3.06293E+10,3.06737E+10,3.07178E+10,3.07616E+10,3.08052E+10,3.08486E+10,3.08917E+10,3.09346E+10,3.09772E+10,3.10196E+10,3.10617E+10,3.11036E+10,3.11453E+10,3.11867E+10,3.12279E+10,3.12689E+10,3.13096E+10,3.13501E+10,3.13904E+10,3.14304E+10,3.14702E+10,3.15097E+10,3.15491E+10,3.15882E+10,3.16271E+10,3.16658E+10,3.17043E+10,3.17426E+10,3.17807E+10,3.18186E+10,3.18563E+10,3.18938E+10,3.19312E+10,3.19684E+10,3.20055E+10,3.20424E+10,3.20792E+10,3.21159E+10,3.21525E+10,3.2189E+10,3.22254E+10,3.22617E+10,3.2298E+10,3.23343E+10,3.23704E+10,3.24066E+10,3.24427E+10,3.24788E+10,3.25148E+10,3.25507E+10,3.25866E+10,3.26225E+10,3.26583E+10,3.26942E+10,3.273E+10,3.27658E+10,3.28016E+10,3.28375E+10,3.28735E+10,3.29095E+10,3.29456E+10,3.29818E+10,3.30182E+10,3.30546E+10,3.30912E+10,3.31279E+10,3.31647E+10,3.32016E+10,3.32386E+10,3.32756E+10,3.33127E+10,3.33499E+10,3.3387E+10,3.34242E+10,3.34613E+10,3.34984E+10,3.35355E+10,3.35724E+10,3.36092E+10,3.36458E+10,3.36822E+10,3.37184E+10,3.37544E+10,3.37902E+10,3.38258E+10,3.38612E+10,3.38964E+10,3.39315E+10,3.39663E+10,3.4001E+10,3.40355E+10,3.40698E+10,3.4104E+10,3.4138E+10,3.41718E+10,3.42055E+10,3.42391E+10,3.42725E+10,3.43058E+10,3.43389E+10,3.4372E+10,3.44049E+10,3.44377E+10,3.44704E+10,3.4503E+10,3.45355E+10,3.4568E+10,3.46003E+10,3.46326E+10,3.46648E+10,3.46969E+10,3.4729E+10,3.47609E+10,3.47928E+10,3.48247E+10,3.48564E+10,3.48881E+10,3.49197E+10,3.49512E+10,3.49826E+10,3.5014E+10,3.50453E+10,3.50765E+10,3.51076E+10,3.51386E+10,3.51695E+10,3.52004E+10,3.52311E+10,3.52618E+10,3.52923E+10,3.53228E+10,3.53532E+10,3.53834E+10,3.54136E+10,3.54437E+10,3.54736E+10,3.55035E+10,3.55332E+10,3.55628E+10,3.55923E+10,3.56218E+10,3.56511E+10,3.56802E+10,3.57093E+10,3.57383E+10,3.57671E+10,3.57958E+10,3.58244E+10,3.58529E+10,3.58813E+10,3.59095E+10,3.59376E+10,3.59656E+10,3.59935E+10,3.60213E+10,3.60489E+10,3.60764E+10,3.61038E+10,3.61311E+10,3.61582E+10,3.61852E+10,3.62121E+10,3.62388E+10,3.62655E+10,3.6292E+10,3.63183E+10,3.63446E+10,3.63707E+10,3.63967E+10,3.64226E+10,3.64483E+10,3.6474E+10,3.64995E+10,3.65248E+10,3.65501E+10,3.65752E+10,3.66002E+10,3.66251E+10,3.66499E+10,3.66745E+10,3.6699E+10,3.67234E+10,3.67477E+10,3.67719E+10,3.67959E+10,3.68198E+10,3.68436E+10,3.68673E+10,3.68909E+10,3.69143E+10,3.69377E+10,3.69609E+10,3.6984E+10,3.7007E+10,3.70299E+10,3.70527E+10,3.70754E+10,3.7098E+10,3.71205E+10,3.71429E+10,3.71651E+10
"Cost of GDP Cumulative[Pennsylvania]",0,0,0,0,0,0,0,0,0,0,0,0,0,0,0,0,0,0,0,0,0,2.59077E-41,6.02484E-41,1.02923E-40,3.72552E-40,1.45259E-39,2.95134E-39,4.45459E-39,0.000911452,0.0192707,0.121025,0.455479,1.28967,3.04965,6.3745,12.1893,21.8042,37.0483,60.4559,95.545,147.242,222.49,331.026,486.315,708.142,1038.78,1533.76,2311.06,3545.24,5391.5,7994.47,11568.3,16392.2,22779.6,31094.4,41769,55331.2,72454.2,94091.3,121464,156088,199878,255325,325699,415309,529838,676773,865925,1.11005E+06,1.42572E+06,1.83459E+06,2.37301E+06,3.08592E+06,4.01388E+06,5.19672E+06,6.67369E+06,8.48239E+06,1.0672E+07,1.33009E+07,1.64239E+07,2.01285E+07,2.45035E+07,2.96273E+07,3.56126E+07,4.25477E+07,5.0488E+07,5.94715E+07,6.95478E+07,8.08502E+07,9.35042E+07,1.07599E+08,1.23415E+08,1.41293E+08,1.61478E+08,1.8411E+08,2.09252E+08,2.36925E+08,2.6712E+08,2.9982E+08,3.35003E+08,3.72651E+08,4.12768E+08,4.5535E+08,5.0038E+08,5.47831E+08,5.97669E+08,6.49852E+08,7.04332E+08,7.61055E+08,8.19962E+08,8.80986E+08,9.44046E+08,1.00906E+09,1.07602E+09,1.14498E+09,1.21678E+09,1.29249E+09,1.37259E+09,1.45734E+09,1.54688E+09,1.64125E+09,1.74047E+09,1.84472E+09,1.95443E+09,2.06981E+09,2.19093E+09,2.31778E+09,2.4503E+09,2.58837E+09,2.73187E+09,2.88077E+09,3.03505E+09,3.19467E+09,3.35958E+09,3.52972E+09,3.70494E+09,3.88509E+09,4.06998E+09,4.25944E+09,4.45324E+09,4.65121E+09,4.85313E+09,5.0588E+09,5.26801E+09,5.48057E+09,5.69626E+09,5.91488E+09,6.13621E+09,6.36006E+09,6.5862E+09,6.81444E+09,7.04458E+09,7.27639E+09,7.50969E+09,7.74425E+09,7.97988E+09,8.21638E+09,8.45354E+09,8.69117E+09,8.92909E+09,9.16712E+09,9.40508E+09,9.6428E+09,9.88012E+09,1.01169E+10,1.0353E+10,1.05882E+10,1.08226E+10,1.10559E+10,1.1288E+10,1.1519E+10,1.17488E+10,1.19776E+10,1.22054E+10,1.24324E+10,1.26587E+10,1.28843E+10,1.31092E+10,1.33333E+10,1.35568E+10,1.37795E+10,1.40014E+10,1.42225E+10,1.44426E+10,1.46617E+10,1.48798E+10,1.50966E+10,1.53123E+10,1.55266E+10,1.57395E+10,1.59511E+10,1.61613E+10,1.63702E+10,1.65778E+10,1.67841E+10,1.69891E+10,1.71927E+10,1.73951E+10,1.75962E+10,1.7796E+10,1.79945E+10,1.81918E+10,1.83878E+10,1.85826E+10,1.87761E+10,1.89684E+10,1.91595E+10,1.93494E+10,1.9538E+10,1.97255E+10,1.99118E+10,2.00968E+10,2.02807E+10,2.04635E+10,2.0645E+10,2.08255E+10,2.10047E+10,2.11829E+10,2.13598E+10,2.15357E+10,2.17104E+10,2.18841E+10,2.20566E+10,2.2228E+10,2.23983E+10,2.25676E+10,2.27357E+10,2.29028E+10,2.30688E+10,2.32338E+10,2.33977E+10,2.35606E+10,2.37224E+10,2.38832E+10,2.4043E+10,2.42017E+10,2.43594E+10,2.45162E+10,2.46719E+10,2.48266E+10,2.49803E+10,2.51331E+10,2.52849E+10,2.54357E+10,2.55855E+10,2.57344E+10,2.58823E+10,2.60293E+10,2.61753E+10,2.63204E+10,2.64646E+10,2.66078E+10,2.67502E+10,2.68916E+10,2.70321E+10,2.71717E+10,2.73104E+10,2.74482E+10,2.75852E+10,2.77212E+10,2.78564E+10,2.79907E+10,2.81242E+10,2.82568E+10,2.83885E+10,2.85194E+10,2.86495E+10,2.87787E+10,2.89071E+10,2.90347E+10,2.91615E+10,2.92874E+10,2.94126E+10,2.9537E+10,2.96605E+10,2.97833E+10,2.99053E+10,3.00265E+10,3.01469E+10,3.02666E+10,3.03856E+10,3.05037E+10,3.06212E+10,3.07379E+10,3.08538E+10,3.0969E+10,3.10836E+10,3.11973E+10,3.13104E+10,3.14228E+10,3.15345E+10,3.16455E+10,3.17557E+10,3.18653E+10,3.19743E+10,3.20825E+10,3.21901E+10,3.2297E+10,3.24032E+10,3.25088E+10,3.26138E+10,3.2718E+10,3.28217E+10,3.29247E+10,3.3027E+10,3.31288E+10,3.32299E+10,3.33303E+10,3.34302E+10,3.35294E+10,3.3628E+10,3.3726E+10,3.38234E+10,3.39202E+10,3.40165E+10,3.41121E+10,3.42071E+10,3.43015E+10,3.43954E+10,3.44887E+10,3.45814E+10,3.46735E+10,3.47651E+10,3.48561E+10,3.49466E+10,3.50365E+10,3.51259E+10,3.52147E+10,3.5303E+10,3.53908E+10,3.5478E+10,3.55647E+10,3.56508E+10,3.57365E+10,3.58216E+10,3.59063E+10,3.59904E+10,3.6074E+10,3.61572E+10,3.62398E+10,3.6322E+10,3.64037E+10,3.64849E+10,3.65657E+10,3.6646E+10,3.67258E+10,3.68052E+10,3.68841E+10,3.69626E+10,3.70406E+10,3.71182E+10,3.71953E+10,3.72721E+10,3.73484E+10,3.74243E+10,3.74997E+10,3.75748E+10,3.76495E+10,3.77237E+10,3.77976E+10,3.78711E+10,3.79442E+10,3.80169E+10,3.80892E+10,3.81612E+10,3.82328E+10,3.83041E+10,3.83751E+10,3.84457E+10,3.85159E+10,3.85859E+10,3.86556E+10,3.8725E+10,3.87944E+10,3.88638E+10,3.89335E+10,3.90035E+10,3.90739E+10,3.9145E+10,3.92167E+10,3.92893E+10,3.93628E+10,3.94374E+10,3.95134E+10,3.95907E+10,3.96697E+10,3.97502E+10,3.98324E+10,3.99163E+10,4.00018E+10,4.00889E+10,4.01776E+10,4.02679E+10,4.03599E+10,4.04535E+10,4.05488E+10,4.06456E+10,4.07441E+10,4.08441E+10,4.09456E+10,4.10485E+10,4.11527E+10,4.12582E+10,4.13648E+10,4.14725E+10,4.15812E+10,4.16908E+10,4.18012E+10,4.19124E+10,4.20244E+10,4.21371E+10,4.22505E+10,4.23647E+10,4.24798E+10,4.25956E+10,4.27121E+10,4.28294E+10,4.29472E+10,4.30657E+10,4.31847E+10,4.33043E+10,4.34244E+10,4.35451E+10,4.36662E+10,4.37878E+10,4.39098E+10,4.40321E+10,4.41548E+10,4.42779E+10,4.44013E+10,4.45251E+10,4.46492E+10,4.47737E+10,4.48986E+10,4.50238E+10,4.51493E+10,4.5275E+10,4.5401E+10,4.5527E+10,4.56532E+10,4.57795E+10,4.59059E+10,4.60322E+10,4.61584E+10,4.62844E+10,4.641E+10,4.65352E+10,4.666E+10,4.67842E+10,4.69078E+10,4.70308E+10,4.71532E+10,4.72751E+10,4.73963E+10,4.7517E+10,4.76371E+10,4.77566E+10,4.78755E+10,4.79939E+10,4.81116E+10,4.82288E+10,4.83455E+10,4.84616E+10,4.85771E+10,4.8692E+10,4.88064E+10,4.89202E+10,4.90335E+10,4.91461E+10,4.92583E+10,4.93698E+10,4.94808E+10,4.95913E+10,4.97012E+10,4.98106E+10,4.99194E+10,5.00276E+10,5.01354E+10,5.02426E+10,5.03492E+10,5.04553E+10,5.05609E+10,5.0666E+10,5.07705E+10,5.08745E+10,5.09779E+10,5.10809E+10,5.11832E+10,5.12851E+10,5.13865E+10,5.14873E+10,5.15876E+10,5.16873E+10,5.17866E+10,5.18853E+10,5.19835E+10,5.20812E+10,5.21783E+10,5.2275E+10,5.23711E+10,5.24668E+10,5.25619E+10,5.26565E+10,5.27506E+10,5.28442E+10,5.29372E+10,5.30298E+10,5.31219E+10,5.32135E+10,5.33047E+10,5.33953E+10,5.34854E+10,5.35751E+10,5.36642E+10,5.37529E+10,5.38412E+10,5.39289E+10,5.40162E+10,5.4103E+10,5.41894E+10,5.42753E+10,5.43608E+10,5.44458E+10,5.45304E+10,5.46145E+10,5.46982E+10,5.47815E+10,5.48644E+10,5.49468E+10,5.50289E+10,5.51105E+10,5.51917E+10,5.52726E+10,5.5353E+10,5.5433E+10,5.55127E+10,5.5592E+10,5.56708E+10,5.57493E+10,5.58274E+10,5.59052E+10,5.59825E+10,5.60595E+10,5.61361E+10,5.62123E+10,5.62881E+10,5.63636E+10,5.64386E+10,5.65133E+10,5.65876E+10,5.66616E+10,5.67351E+10,5.68083E+10,5.68811E+10,5.69536E+10,5.70256E+10,5.70973E+10,5.71686E+10,5.72395E+10,5.731E+10,5.73802E+10,5.745E+10,5.75195E+10,5.75885E+10,5.76572E+10,5.77255E+10,5.77935E+10,5.78611E+10,5.79283E+10,5.79952E+10,5.80617E+10,5.81278E+10,5.81936E+10,5.8259E+10,5.83241E+10,5.83888E+10,5.84531E+10,5.85172E+10,5.85808E+10,5.86442E+10,5.87072E+10,5.87698E+10,5.88321E+10,5.88941E+10,5.89557E+10,5.9017E+10,5.9078E+10,5.91387E+10,5.9199E+10,5.9259E+10,5.93188E+10,5.93783E+10,5.94376E+10,5.94967E+10,5.95557E+10,5.96147E+10,5.96738E+10,5.9733E+10,5.97924E+10,5.98522E+10,5.99123E+10,5.99729E+10,6.0034E+10,6.00957E+10,6.0158E+10,6.02207E+10,6.0284E+10,6.03478E+10,6.04119E+10,6.04765E+10,6.05414E+10,6.06067E+10,6.06723E+10,6.07383E+10,6.08045E+10,6.08711E+10,6.09381E+10,6.10053E+10,6.10728E+10,6.11406E+10,6.12087E+10,6.12772E+10,6.1346E+10,6.14153E+10,6.14849E+10,6.15551E+10,6.1626E+10,6.16978E+10,6.17709E+10,6.18453E+10,6.19211E+10,6.19984E+10,6.20773E+10,6.21581E+10,6.22408E+10,6.23258E+10,6.24132E+10,6.25029E+10,6.25953E+10,6.26903E+10,6.2788E+10,6.28884E+10,6.29917E+10,6.30979E+10,6.3207E+10,6.3319E+10,6.34341E+10,6.35522E+10,6.36733E+10,6.37974E+10,6.39245E+10,6.40547E+10,6.41878E+10,6.4324E+10,6.44631E+10,6.46051E+10,6.47498E+10,6.48972E+10,6.50471E+10,6.51994E+10,6.5354E+10,6.55106E+10,6.56692E+10,6.58296E+10,6.59917E+10,6.61554E+10,6.63205E+10,6.6487E+10,6.66547E+10,6.68235E+10,6.69933E+10,6.71641E+10,6.73357E+10,6.75081E+10,6.76812E+10,6.78549E+10,6.80292E+10,6.8204E+10,6.83793E+10,6.85551E+10,6.87313E+10,6.89079E+10,6.90848E+10,6.92621E+10,6.94397E+10,6.96177E+10,6.97961E+10,6.99748E+10,7.0154E+10,7.03336E+10,7.05136E+10,7.0694E+10,7.08748E+10,7.1056E+10,7.12375E+10,7.14192E+10,7.16012E+10,7.17833E+10,7.19656E+10,7.2148E+10,7.23304E+10,7.25127E+10,7.26949E+10,7.28769E+10,7.30586E+10,7.324E+10,7.34211E+10,7.36019E+10,7.37824E+10,7.39625E+10,7.41424E+10,7.4322E+10,7.45013E+10,7.46804E+10,7.48592E+10,7.50378E+10,7.52162E+10,7.53943E+10,7.55722E+10,7.57499E+10,7.59276E+10,7.61054E+10,7.62834E+10,7.64618E+10,7.66405E+10,7.68196E+10,7.6999E+10,7.71789E+10,7.73592E+10,7.75401E+10,7.77215E+10,7.79035E+10,7.80864E+10,7.827E+10,7.84544E+10,7.86396E+10,7.88257E+10,7.90125E+10,7.92002E+10,7.93886E+10,7.95778E+10,7.97678E+10,7.99586E+10,8.01501E+10,8.03425E+10,8.05357E+10,8.07297E+10,8.09246E+10,8.11202E+10,8.13165E+10,8.15136E+10,8.17112E+10,8.19093E+10,8.21078E+10,8.23067E+10,8.25058E+10,8.27051E+10,8.29045E+10,8.3104E+10,8.33035E+10,8.3503E+10,8.37023E+10,8.39016E+10,8.41008E+10,8.42998E+10,8.44986E+10,8.46972E+10,8.48956E+10,8.50937E+10,8.52916E+10,8.54894E+10,8.56871E+10,8.58846E+10,8.60819E+10,8.6279E+10,8.64759E+10,8.66726E+10,8.68691E+10,8.70655E+10,8.7262E+10,8.74585E+10,8.76552E+10,8.78519E+10,8.80487E+10,8.82456E+10,8.84426E+10,8.86395E+10,8.88365E+10,8.90334E+10,8.92303E+10,8.94271E+10,8.96237E+10,8.98202E+10,9.00165E+10,9.02127E+10,9.04086E+10,9.06044E+10,9.07999E+10,9.09952E+10,9.11902E+10,9.1385E+10,9.15795E+10,9.17736E+10,9.19674E+10,9.21609E+10,9.2354E+10,9.25467E+10,9.2739E+10,9.29309E+10,9.31224E+10,9.33134E+10,9.3504E+10,9.36942E+10,9.3884E+10,9.40734E+10,9.42625E+10,9.44512E+10,9.46397E+10,9.4828E+10,9.50159E+10,9.52036E+10,9.5391E+10,9.55779E+10,9.57645E+10,9.59505E+10,9.61361E+10,9.63211E+10,9.65055E+10,9.66892E+10,9.68722E+10,9.70545E+10,9.7236E+10,9.74167E+10,9.75966E+10,9.77757E+10,9.79539E+10,9.81312E+10,9.83076E+10,9.84831E+10,9.86577E+10,9.88314E+10,9.90042E+10,9.9176E+10,9.93469E+10,9.95169E+10,9.9686E+10,9.98543E+10,1.00022E+11,1.00188E+11,1.00354E+11,1.00518E+11,1.00682E+11,1.00845E+11,1.01007E+11,1.01169E+11,1.01329E+11,1.01489E+11,1.01648E+11,1.01806E+11,1.01963E+11,1.02119E+11,1.02275E+11,1.0243E+11,1.02584E+11,1.02737E+11,1.02889E+11,1.03041E+11,1.03192E+11,1.03342E+11,1.03492E+11,1.03641E+11,1.03789E+11,1.03936E+11,1.04083E+11,1.04229E+11,1.04374E+11,1.04518E+11,1.04662E+11,1.04805E+11,1.04948E+11,1.0509E+11,1.05231E+11,1.05372E+11,1.05512E+11,1.05651E+11,1.0579E+11,1.05928E+11,1.06065E+11,1.06202E+11,1.06339E+11,1.06474E+11,1.0661E+11,1.06744E+11,1.06878E+11,1.07012E+11,1.07145E+11,1.07277E+11,1.07409E+11,1.0754E+11,1.07671E+11,1.07801E+11,1.07931E+11,1.08061E+11,1.0819E+11,1.08318E+11,1.08446E+11,1.08574E+11,1.08701E+11,1.08828E+11,1.08955E+11,1.09082E+11,1.09209E+11,1.09335E+11,1.09462E+11,1.09589E+11,1.09715E+11,1.09842E+11,1.09969E+11,1.10096E+11,1.10223E+11,1.1035E+11,1.10477E+11,1.10604E+11,1.10731E+11,1.10859E+11,1.10987E+11,1.11115E+11,1.11244E+11,1.11373E+11,1.11503E+11,1.11633E+11,1.11764E+11,1.11896E+11,1.12028E+11,1.12161E+11,1.12295E+11,1.1243E+11,1.12565E+11,1.127E+11,1.12837E+11,1.12973E+11,1.13111E+11,1.13248E+11,1.13386E+11,1.13524E+11,1.13663E+11,1.13801E+11,1.1394E+11,1.14078E+11,1.14216E+11,1.14354E+11,1.14492E+11,1.14629E+11,1.14766E+11,1.14902E+11,1.15038E+11,1.15174E+11,1.15309E+11,1.15444E+11,1.15579E+11,1.15713E+11,1.15847E+11,1.15981E+11,1.16114E+11,1.16247E+11,1.1638E+11,1.16512E+11,1.16644E+11,1.16776E+11,1.16908E+11,1.17039E+11,1.1717E+11,1.173E+11,1.17431E+11,1.17561E+11,1.1769E+11,1.1782E+11,1.17949E+11,1.18078E+11,1.18206E+11,1.18335E+11,1.18463E+11,1.1859E+11,1.18718E+11,1.18845E+11,1.18972E+11,1.19098E+11,1.19224E+11,1.1935E+11,1.19476E+11,1.19601E+11,1.19726E+11,1.1985E+11,1.19975E+11,1.20099E+11,1.20222E+11,1.20345E+11,1.20468E+11,1.20591E+11,1.20713E+11,1.20835E+11,1.20956E+11,1.21077E+11,1.21198E+11,1.21318E+11,1.21438E+11,1.21558E+11,1.21677E+11,1.21796E+11,1.21914E+11,1.22032E+11,1.2215E+11,1.22267E+11,1.22384E+11,1.22501E+11,1.22617E+11,1.22732E+11,1.22848E+11,1.22962E+11,1.23077E+11,1.23191E+11,1.23304E+11,1.23418E+11,1.2353E+11,1.23643E+11,1.23755E+11,1.23866E+11,1.23978E+11,1.24088E+11,1.24199E+11,1.24309E+11,1.24418E+11,1.24527E+11,1.24636E+11,1.24744E+11,1.24852E+11,1.2496E+11,1.25067E+11,1.25174E+11,1.2528E+11,1.25386E+11,1.25491E+11,1.25596E+11,1.25701E+11,1.25805E+11,1.25909E+11,1.26013E+11,1.26116E+11,1.26219E+11,1.26322E+11,1.26424E+11,1.26525E+11,1.26627E+11,1.26728E+11,1.26829E+11,1.26929E+11,1.27029E+11,1.27129E+11,1.27228E+11,1.27327E+11,1.27426E+11,1.27524E+11,1.27622E+11,1.2772E+11,1.27818E+11,1.27915E+11,1.28012E+11,1.28108E+11,1.28205E+11,1.28301E+11,1.28397E+11
"Cost of GDP Cumulative[Rhode Island]",0,0,0,0,0,0,0,0,0,0,0,0,0,0,0,0,0,0,0,0,0,0,0,0,1.9135E-42,6.97028E-42,1.44945E-41,2.19683E-41,3.06308E-41,4.10838E-41,6.32009E-41,9.50354E-41,1.26656E-40,1.87335E-40,2.59113E-40,3.30866E-40,2.55828E-07,1.01411E-05,0.000111637,0.000716235,0.00322292,0.0111822,0.0316845,0.0765823,0.170879,0.42837,0.99672,2.29717,4.98243,9.53617,16.2973,25.838,38.9032,56.1999,78.4087,106.179,140.137,180.969,229.898,288.363,357.793,439.692,535.82,648.3,779.672,932.91,1111.46,1319.22,1560.46,1840.29,2165.84,2589.16,3174.27,3945.8,4926.91,6151.98,7666.82,9597.67,12138.4,15486.9,20024,26154.8,34247.6,44856.4,58424.3,75235.3,95495.8,119476,147882,181383,220473,266625,321623,386788,462898,550352,649341,759913,882082,1.01585E+06,1.16126E+06,1.31847E+06,1.48762E+06,1.66881E+06,1.86213E+06,2.06852E+06,2.29524E+06,2.55352E+06,2.85682E+06,3.22092E+06,3.66386E+06,4.20581E+06,4.86865E+06,5.67624E+06,6.65463E+06,7.84443E+06,9.29007E+06,1.10204E+07,1.30559E+07,1.54121E+07,1.80998E+07,2.11262E+07,2.45016E+07,2.82394E+07,3.23469E+07,3.68264E+07,4.16773E+07,4.68961E+07,5.2478E+07,5.84169E+07,6.4708E+07,7.13469E+07,7.83278E+07,8.56449E+07,9.32909E+07,1.01257E+08,1.09534E+08,1.18111E+08,1.26979E+08,1.36126E+08,1.45542E+08,1.55216E+08,1.65138E+08,1.75295E+08,1.85679E+08,1.96279E+08,2.07083E+08,2.18081E+08,2.29263E+08,2.40619E+08,2.52139E+08,2.63813E+08,2.75631E+08,2.87583E+08,2.9966E+08,3.11851E+08,3.24149E+08,3.36543E+08,3.49025E+08,3.61586E+08,3.74218E+08,3.86913E+08,3.99663E+08,4.12461E+08,4.253E+08,4.38172E+08,4.51072E+08,4.63992E+08,4.76929E+08,4.89876E+08,5.0283E+08,5.15789E+08,5.28752E+08,5.41722E+08,5.54699E+08,5.67683E+08,5.80674E+08,5.93669E+08,6.06667E+08,6.19665E+08,6.32659E+08,6.45649E+08,6.58629E+08,6.71597E+08,6.84548E+08,6.9748E+08,7.10389E+08,7.23271E+08,7.36122E+08,7.48938E+08,7.61716E+08,7.74453E+08,7.87145E+08,7.99788E+08,8.12378E+08,8.24912E+08,8.37386E+08,8.49795E+08,8.62134E+08,8.744E+08,8.86589E+08,8.98701E+08,9.10735E+08,9.22693E+08,9.34575E+08,9.46382E+08,9.58113E+08,9.69769E+08,9.81351E+08,9.92859E+08,1.00429E+09,1.01566E+09,1.02694E+09,1.03816E+09,1.0493E+09,1.06038E+09,1.07138E+09,1.08231E+09,1.09317E+09,1.10396E+09,1.11468E+09,1.12534E+09,1.13592E+09,1.14644E+09,1.15688E+09,1.16726E+09,1.17758E+09,1.18782E+09,1.19801E+09,1.20812E+09,1.21817E+09,1.22815E+09,1.23807E+09,1.24793E+09,1.25772E+09,1.26745E+09,1.27712E+09,1.28672E+09,1.29626E+09,1.30574E+09,1.31516E+09,1.32451E+09,1.33381E+09,1.34305E+09,1.35222E+09,1.36134E+09,1.3704E+09,1.3794E+09,1.38834E+09,1.39722E+09,1.40605E+09,1.41482E+09,1.42353E+09,1.43219E+09,1.44079E+09,1.44934E+09,1.45783E+09,1.46626E+09,1.47465E+09,1.48298E+09,1.49125E+09,1.49948E+09,1.50765E+09,1.51577E+09,1.52383E+09,1.53185E+09,1.53981E+09,1.54773E+09,1.55559E+09,1.56341E+09,1.57117E+09,1.57889E+09,1.58656E+09,1.59418E+09,1.60175E+09,1.60928E+09,1.61675E+09,1.62418E+09,1.63157E+09,1.6389E+09,1.6462E+09,1.65344E+09,1.66064E+09,1.6678E+09,1.67491E+09,1.68197E+09,1.689E+09,1.69598E+09,1.70291E+09,1.7098E+09,1.71666E+09,1.72346E+09,1.73023E+09,1.73695E+09,1.74364E+09,1.75028E+09,1.75688E+09,1.76344E+09,1.76996E+09,1.77644E+09,1.78288E+09,1.78929E+09,1.79565E+09,1.80197E+09,1.80826E+09,1.81451E+09,1.82072E+09,1.8269E+09,1.83303E+09,1.83913E+09,1.8452E+09,1.85122E+09,1.85721E+09,1.86317E+09,1.86909E+09,1.87497E+09,1.88082E+09,1.88664E+09,1.89242E+09,1.89817E+09,1.90388E+09,1.90956E+09,1.91521E+09,1.92082E+09,1.9264E+09,1.93195E+09,1.93746E+09,1.94294E+09,1.94839E+09,1.95381E+09,1.9592E+09,1.96455E+09,1.96988E+09,1.97517E+09,1.98043E+09,1.98567E+09,1.99087E+09,1.99604E+09,2.00119E+09,2.0063E+09,2.01138E+09,2.01644E+09,2.02147E+09,2.02647E+09,2.03144E+09,2.03639E+09,2.04131E+09,2.0462E+09,2.05106E+09,2.0559E+09,2.06071E+09,2.0655E+09,2.07026E+09,2.075E+09,2.07971E+09,2.08439E+09,2.08906E+09,2.0937E+09,2.09831E+09,2.1029E+09,2.10747E+09,2.11201E+09,2.11654E+09,2.12104E+09,2.12551E+09,2.12997E+09,2.13441E+09,2.13882E+09,2.14322E+09,2.14759E+09,2.15194E+09,2.15628E+09,2.16059E+09,2.16489E+09,2.16917E+09,2.17345E+09,2.17773E+09,2.18202E+09,2.18634E+09,2.19068E+09,2.19505E+09,2.19948E+09,2.20395E+09,2.20849E+09,2.2131E+09,2.21778E+09,2.22256E+09,2.22742E+09,2.23237E+09,2.23742E+09,2.24256E+09,2.24781E+09,2.25316E+09,2.25861E+09,2.26417E+09,2.26983E+09,2.27561E+09,2.28149E+09,2.28748E+09,2.29358E+09,2.29979E+09,2.30609E+09,2.3125E+09,2.319E+09,2.3256E+09,2.33229E+09,2.33907E+09,2.34594E+09,2.35289E+09,2.35992E+09,2.36703E+09,2.37422E+09,2.38149E+09,2.38883E+09,2.39626E+09,2.40375E+09,2.41132E+09,2.41896E+09,2.42666E+09,2.43443E+09,2.44226E+09,2.45014E+09,2.45808E+09,2.46608E+09,2.47412E+09,2.4822E+09,2.49032E+09,2.49848E+09,2.50667E+09,2.5149E+09,2.52314E+09,2.53142E+09,2.53971E+09,2.54801E+09,2.55633E+09,2.56466E+09,2.57298E+09,2.58131E+09,2.58962E+09,2.59793E+09,2.60622E+09,2.61448E+09,2.62273E+09,2.63094E+09,2.63911E+09,2.64725E+09,2.65535E+09,2.66342E+09,2.67145E+09,2.67945E+09,2.68741E+09,2.69533E+09,2.70322E+09,2.71108E+09,2.7189E+09,2.72668E+09,2.73443E+09,2.74215E+09,2.74983E+09,2.75747E+09,2.76508E+09,2.77266E+09,2.7802E+09,2.78771E+09,2.79518E+09,2.80262E+09,2.81003E+09,2.8174E+09,2.82474E+09,2.83205E+09,2.83933E+09,2.84657E+09,2.85378E+09,2.86096E+09,2.86811E+09,2.87523E+09,2.88232E+09,2.88937E+09,2.8964E+09,2.9034E+09,2.91036E+09,2.9173E+09,2.92421E+09,2.93108E+09,2.93793E+09,2.94475E+09,2.95155E+09,2.95831E+09,2.96504E+09,2.97175E+09,2.97842E+09,2.98507E+09,2.99169E+09,2.99829E+09,3.00485E+09,3.01139E+09,3.0179E+09,3.02438E+09,3.03083E+09,3.03726E+09,3.04366E+09,3.05003E+09,3.05637E+09,3.06269E+09,3.06898E+09,3.07525E+09,3.08149E+09,3.0877E+09,3.09388E+09,3.10004E+09,3.10618E+09,3.11229E+09,3.11837E+09,3.12442E+09,3.13045E+09,3.13646E+09,3.14244E+09,3.14839E+09,3.15432E+09,3.16022E+09,3.1661E+09,3.17195E+09,3.17778E+09,3.18358E+09,3.18936E+09,3.19511E+09,3.20084E+09,3.20654E+09,3.21222E+09,3.21787E+09,3.2235E+09,3.22911E+09,3.23469E+09,3.24024E+09,3.24577E+09,3.25128E+09,3.25676E+09,3.26222E+09,3.26765E+09,3.27306E+09,3.27845E+09,3.28381E+09,3.28915E+09,3.29446E+09,3.29975E+09,3.30502E+09,3.31026E+09,3.31548E+09,3.32068E+09,3.32585E+09,3.331E+09,3.33613E+09,3.34123E+09,3.34631E+09,3.35136E+09,3.3564E+09,3.36141E+09,3.3664E+09,3.37136E+09,3.3763E+09,3.38122E+09,3.38612E+09,3.39099E+09,3.39584E+09,3.40067E+09,3.40547E+09,3.41025E+09,3.41501E+09,3.41975E+09,3.42447E+09,3.42916E+09,3.43383E+09,3.43848E+09,3.44311E+09,3.44771E+09,3.45229E+09,3.45686E+09,3.4614E+09,3.46592E+09,3.47041E+09,3.47489E+09,3.47935E+09,3.48378E+09,3.48819E+09,3.49259E+09,3.49696E+09,3.50131E+09,3.50564E+09,3.50995E+09,3.51424E+09,3.51851E+09,3.52276E+09,3.52699E+09,3.5312E+09,3.53539E+09,3.53956E+09,3.54371E+09,3.54784E+09,3.55195E+09,3.55605E+09,3.56012E+09,3.56418E+09,3.56821E+09,3.57223E+09,3.57623E+09,3.58021E+09,3.58417E+09,3.58811E+09,3.59204E+09,3.59594E+09,3.59984E+09,3.60371E+09,3.60757E+09,3.61141E+09,3.61524E+09,3.61905E+09,3.62284E+09,3.62662E+09,3.63039E+09,3.63415E+09,3.63789E+09,3.64162E+09,3.64534E+09,3.64907E+09,3.65282E+09,3.65662E+09,3.66048E+09,3.66442E+09,3.66846E+09,3.67262E+09,3.67691E+09,3.68133E+09,3.68591E+09,3.69064E+09,3.69554E+09,3.70062E+09,3.70588E+09,3.71132E+09,3.71696E+09,3.72278E+09,3.7288E+09,3.73501E+09,3.74141E+09,3.74801E+09,3.7548E+09,3.76178E+09,3.76896E+09,3.77632E+09,3.78387E+09,3.7916E+09,3.79951E+09,3.8076E+09,3.81587E+09,3.82431E+09,3.83291E+09,3.84168E+09,3.85061E+09,3.85969E+09,3.86892E+09,3.87829E+09,3.8878E+09,3.89743E+09,3.9072E+09,3.91708E+09,3.92708E+09,3.93718E+09,3.94739E+09,3.95769E+09,3.96808E+09,3.97856E+09,3.98912E+09,3.99976E+09,4.01047E+09,4.02125E+09,4.0321E+09,4.043E+09,4.05396E+09,4.06498E+09,4.07604E+09,4.08715E+09,4.0983E+09,4.1095E+09,4.12073E+09,4.132E+09,4.14329E+09,4.15461E+09,4.16596E+09,4.17733E+09,4.18872E+09,4.20013E+09,4.21154E+09,4.22297E+09,4.23439E+09,4.24581E+09,4.25723E+09,4.26863E+09,4.28E+09,4.29135E+09,4.30266E+09,4.31393E+09,4.32515E+09,4.33632E+09,4.34745E+09,4.35852E+09,4.36955E+09,4.38053E+09,4.39146E+09,4.40235E+09,4.41318E+09,4.42397E+09,4.43472E+09,4.44541E+09,4.45606E+09,4.46667E+09,4.47723E+09,4.48775E+09,4.49822E+09,4.50864E+09,4.51903E+09,4.52936E+09,4.53966E+09,4.54991E+09,4.56012E+09,4.57028E+09,4.58041E+09,4.59049E+09,4.60053E+09,4.61053E+09,4.6205E+09,4.63042E+09,4.64031E+09,4.65015E+09,4.65996E+09,4.66974E+09,4.67947E+09,4.68918E+09,4.69884E+09,4.70848E+09,4.71807E+09,4.72764E+09,4.73717E+09,4.74668E+09,4.75615E+09,4.76559E+09,4.77502E+09,4.78443E+09,4.79383E+09,4.80324E+09,4.81266E+09,4.82209E+09,4.83154E+09,4.84101E+09,4.85051E+09,4.86003E+09,4.86956E+09,4.87911E+09,4.88868E+09,4.89826E+09,4.90786E+09,4.91746E+09,4.92707E+09,4.93669E+09,4.94631E+09,4.95594E+09,4.96556E+09,4.97518E+09,4.9848E+09,4.9944E+09,5.004E+09,5.01359E+09,5.02317E+09,5.03275E+09,5.04232E+09,5.05187E+09,5.06142E+09,5.07096E+09,5.08048E+09,5.09E+09,5.09951E+09,5.10901E+09,5.11851E+09,5.12801E+09,5.13751E+09,5.14701E+09,5.1565E+09,5.16598E+09,5.17545E+09,5.1849E+09,5.19434E+09,5.20375E+09,5.21313E+09,5.2225E+09,5.23184E+09,5.24116E+09,5.25045E+09,5.25972E+09,5.26897E+09,5.27819E+09,5.28738E+09,5.29655E+09,5.3057E+09,5.31481E+09,5.3239E+09,5.33296E+09,5.34199E+09,5.35099E+09,5.35996E+09,5.36889E+09,5.3778E+09,5.38668E+09,5.39552E+09,5.40434E+09,5.41312E+09,5.42187E+09,5.4306E+09,5.4393E+09,5.44797E+09,5.45661E+09,5.46522E+09,5.4738E+09,5.48235E+09,5.49085E+09,5.49933E+09,5.50776E+09,5.51616E+09,5.52452E+09,5.53285E+09,5.54114E+09,5.54939E+09,5.5576E+09,5.56578E+09,5.57392E+09,5.58202E+09,5.59008E+09,5.59811E+09,5.60611E+09,5.61406E+09,5.62198E+09,5.62986E+09,5.63771E+09,5.64552E+09,5.65329E+09,5.66103E+09,5.66873E+09,5.6764E+09,5.68403E+09,5.69163E+09,5.69919E+09,5.70672E+09,5.71422E+09,5.72168E+09,5.7291E+09,5.73649E+09,5.74385E+09,5.75117E+09,5.75846E+09,5.76571E+09,5.77293E+09,5.78012E+09,5.78728E+09,5.7944E+09,5.80149E+09,5.80855E+09,5.81558E+09,5.82257E+09,5.82954E+09,5.83647E+09,5.84338E+09,5.85025E+09,5.85709E+09,5.8639E+09,5.87069E+09,5.87744E+09,5.88416E+09,5.89086E+09,5.89752E+09,5.90416E+09,5.91077E+09,5.91735E+09,5.9239E+09,5.93042E+09,5.93692E+09,5.94339E+09,5.94983E+09,5.95624E+09,5.96263E+09,5.96899E+09,5.97533E+09,5.98164E+09,5.98793E+09,5.99419E+09,6.00042E+09,6.00663E+09,6.01281E+09,6.01897E+09,6.02511E+09,6.03123E+09,6.03735E+09,6.04345E+09,6.04955E+09,6.05563E+09,6.06169E+09,6.06774E+09,6.07378E+09,6.07979E+09,6.0858E+09,6.09179E+09,6.09776E+09,6.10373E+09,6.1097E+09,6.11566E+09,6.12162E+09,6.12757E+09,6.13353E+09,6.13948E+09,6.14543E+09,6.15138E+09,6.15733E+09,6.16328E+09,6.16923E+09,6.17517E+09,6.18112E+09,6.18706E+09,6.19301E+09,6.19897E+09,6.20493E+09,6.2109E+09,6.21689E+09,6.2229E+09,6.22894E+09,6.23502E+09,6.24113E+09,6.24729E+09,6.25349E+09,6.25974E+09,6.26604E+09,6.27238E+09,6.27877E+09,6.28518E+09,6.29162E+09,6.29808E+09,6.30456E+09,6.31103E+09,6.31751E+09,6.32397E+09,6.33043E+09,6.33685E+09,6.34325E+09,6.34963E+09,6.35598E+09,6.3623E+09,6.36859E+09,6.37486E+09,6.3811E+09,6.38732E+09,6.39351E+09,6.39968E+09,6.40582E+09,6.41194E+09,6.41804E+09,6.4241E+09,6.43015E+09,6.43617E+09,6.44217E+09,6.44814E+09,6.45409E+09,6.46002E+09,6.46593E+09,6.47182E+09,6.47768E+09,6.48353E+09,6.48936E+09,6.49516E+09,6.50095E+09,6.50672E+09,6.51247E+09,6.5182E+09,6.52391E+09,6.5296E+09,6.53528E+09,6.54094E+09,6.54658E+09,6.5522E+09,6.5578E+09,6.56338E+09,6.56895E+09,6.5745E+09,6.58003E+09,6.58554E+09,6.59103E+09,6.59651E+09,6.60197E+09,6.6074E+09,6.61282E+09,6.61822E+09,6.6236E+09,6.62896E+09,6.63431E+09,6.63963E+09,6.64493E+09,6.65022E+09,6.65548E+09,6.66073E+09,6.66595E+09,6.67116E+09,6.67634E+09,6.68151E+09,6.68665E+09,6.69178E+09,6.69688E+09,6.70197E+09,6.70703E+09,6.71208E+09,6.7171E+09,6.7221E+09,6.72709E+09,6.73205E+09,6.737E+09,6.74192E+09,6.74683E+09,6.75171E+09,6.75658E+09,6.76142E+09,6.76625E+09,6.77106E+09,6.77584E+09,6.78061E+09,6.78536E+09,6.79009E+09,6.7948E+09,6.79949E+09,6.80416E+09,6.80881E+09,6.81344E+09,6.81806E+09,6.82266E+09,6.82724E+09,6.8318E+09,6.83634E+09,6.84087E+09,6.84537E+09,6.84986E+09,6.85434E+09,6.85879E+09,6.86323E+09,6.86766E+09,6.87207E+09,6.87646E+09,6.88083E+09,6.88519E+09,6.88953E+09,6.89386E+09,6.89818E+09,6.90247E+09,6.90676E+09,6.91102E+09,6.91528E+09,6.91952E+09,6.92374E+09,6.92795E+09,6.93215E+09,6.93633E+09,6.9405E+09,6.94465E+09,6.9488E+09,6.95293E+09,6.95704E+09,6.96115E+09,6.96524E+09,6.96931E+09,6.97338E+09
"Cost of GDP Cumulative[South Carolina]",0,0,0,0,0,0,0,0,0,0,0,0,0,0,0,0,0,0,0,0,0,7.69336E-42,1.78909E-41,3.05635E-41,1.10635E-40,4.31378E-40,8.31777E-05,0.00336809,0.0259241,0.108071,0.325415,0.801309,1.7228,3.36249,6.10906,10.5104,17.337,27.6781,43.0808,65.7543,98.8642,146.934,216.359,316.067,458.845,666.959,970.563,1423.92,2105.55,3097.85,4493.3,6422.52,9057.28,12606.6,17329,23548.6,31676.9,42245.7,55970.6,73774.6,96821.5,126574,164868,213986,276738,356525,457406,584129,742114,937418,1.17667E+06,1.46943E+06,1.82602E+06,2.25431E+06,2.7617E+06,3.35572E+06,4.04387E+06,4.83756E+06,5.75125E+06,6.79868E+06,8.00338E+06,9.38929E+06,1.09773E+07,1.27984E+07,1.48762E+07,1.72242E+07,1.98511E+07,2.27685E+07,2.6013E+07,2.96188E+07,3.36095E+07,3.80652E+07,4.30842E+07,4.87367E+07,5.50614E+07,6.20742E+07,6.97788E+07,7.817E+07,8.72402E+07,9.69808E+07,1.07384E+08,1.18449E+08,1.30173E+08,1.4255E+08,1.5557E+08,1.69222E+08,1.83492E+08,1.98365E+08,2.13824E+08,2.29852E+08,2.46432E+08,2.63546E+08,2.81181E+08,2.99333E+08,3.18032E+08,3.37526E+08,3.58139E+08,3.80021E+08,4.03247E+08,4.27862E+08,4.53882E+08,4.8131E+08,5.10208E+08,5.40698E+08,5.72846E+08,6.06678E+08,6.42189E+08,6.79358E+08,7.18155E+08,7.58542E+08,8.00509E+08,8.4405E+08,8.89155E+08,9.35811E+08,9.83994E+08,1.03366E+09,1.08478E+09,1.13727E+09,1.1911E+09,1.24621E+09,1.30252E+09,1.36E+09,1.41856E+09,1.47816E+09,1.53874E+09,1.60023E+09,1.66257E+09,1.7257E+09,1.78957E+09,1.8541E+09,1.91924E+09,1.98493E+09,2.05111E+09,2.11771E+09,2.18468E+09,2.25196E+09,2.31948E+09,2.38719E+09,2.45504E+09,2.52296E+09,2.5909E+09,2.65882E+09,2.72666E+09,2.79437E+09,2.86192E+09,2.92925E+09,2.99634E+09,3.06314E+09,3.12963E+09,3.19577E+09,3.26157E+09,3.32702E+09,3.39215E+09,3.45699E+09,3.5216E+09,3.58598E+09,3.65016E+09,3.71413E+09,3.7779E+09,3.84146E+09,3.90479E+09,3.96789E+09,4.03074E+09,4.09332E+09,4.1556E+09,4.21757E+09,4.2792E+09,4.34046E+09,4.40133E+09,4.4618E+09,4.52187E+09,4.58156E+09,4.64085E+09,4.69976E+09,4.75828E+09,4.81642E+09,4.87418E+09,4.93157E+09,4.98858E+09,5.04522E+09,5.10149E+09,5.1574E+09,5.21294E+09,5.26813E+09,5.32295E+09,5.37742E+09,5.43154E+09,5.4853E+09,5.53872E+09,5.5918E+09,5.64453E+09,5.69692E+09,5.74897E+09,5.80069E+09,5.85208E+09,5.90313E+09,5.95386E+09,6.00427E+09,6.05436E+09,6.10412E+09,6.15358E+09,6.20271E+09,6.25154E+09,6.30007E+09,6.34829E+09,6.3962E+09,6.44382E+09,6.49114E+09,6.53817E+09,6.58491E+09,6.63136E+09,6.67753E+09,6.72341E+09,6.76901E+09,6.81433E+09,6.85938E+09,6.90415E+09,6.94865E+09,6.99288E+09,7.03684E+09,7.08053E+09,7.12397E+09,7.16714E+09,7.21005E+09,7.2527E+09,7.2951E+09,7.33725E+09,7.37914E+09,7.42079E+09,7.46219E+09,7.50335E+09,7.54426E+09,7.58494E+09,7.62538E+09,7.66557E+09,7.70554E+09,7.74527E+09,7.78477E+09,7.82404E+09,7.86309E+09,7.90191E+09,7.94051E+09,7.97889E+09,8.01704E+09,8.05499E+09,8.09272E+09,8.13024E+09,8.16754E+09,8.20465E+09,8.24154E+09,8.27823E+09,8.31472E+09,8.35101E+09,8.38709E+09,8.42298E+09,8.45867E+09,8.49417E+09,8.52946E+09,8.56457E+09,8.59947E+09,8.63418E+09,8.6687E+09,8.70303E+09,8.73716E+09,8.7711E+09,8.80485E+09,8.8384E+09,8.87177E+09,8.90495E+09,8.93793E+09,8.97073E+09,9.00335E+09,9.03577E+09,9.06802E+09,9.10007E+09,9.13195E+09,9.16364E+09,9.19516E+09,9.22649E+09,9.25765E+09,9.28863E+09,9.31943E+09,9.35006E+09,9.38052E+09,9.41081E+09,9.44092E+09,9.47086E+09,9.50063E+09,9.53024E+09,9.55968E+09,9.58896E+09,9.61807E+09,9.64702E+09,9.67581E+09,9.70444E+09,9.73291E+09,9.76123E+09,9.78939E+09,9.81739E+09,9.84524E+09,9.87294E+09,9.90049E+09,9.92788E+09,9.95512E+09,9.98222E+09,1.00092E+10,1.0036E+10,1.00626E+10,1.00891E+10,1.01155E+10,1.01417E+10,1.01677E+10,1.01937E+10,1.02194E+10,1.02451E+10,1.02706E+10,1.02959E+10,1.03212E+10,1.03463E+10,1.03712E+10,1.0396E+10,1.04207E+10,1.04453E+10,1.04697E+10,1.0494E+10,1.05182E+10,1.05422E+10,1.05661E+10,1.05899E+10,1.06136E+10,1.06371E+10,1.06606E+10,1.06839E+10,1.07071E+10,1.07302E+10,1.07531E+10,1.0776E+10,1.07987E+10,1.08214E+10,1.08439E+10,1.08663E+10,1.08886E+10,1.09108E+10,1.09329E+10,1.09549E+10,1.09768E+10,1.09986E+10,1.10203E+10,1.1042E+10,1.10635E+10,1.1085E+10,1.11063E+10,1.11276E+10,1.11489E+10,1.11703E+10,1.11917E+10,1.12132E+10,1.12349E+10,1.12568E+10,1.12789E+10,1.13012E+10,1.13239E+10,1.13469E+10,1.13703E+10,1.13942E+10,1.14185E+10,1.14433E+10,1.14687E+10,1.14946E+10,1.1521E+10,1.15479E+10,1.15753E+10,1.16032E+10,1.16316E+10,1.16606E+10,1.16901E+10,1.172E+10,1.17505E+10,1.17815E+10,1.18129E+10,1.18448E+10,1.18771E+10,1.19097E+10,1.19428E+10,1.19761E+10,1.20098E+10,1.20438E+10,1.2078E+10,1.21125E+10,1.21472E+10,1.21822E+10,1.22173E+10,1.22528E+10,1.22885E+10,1.23244E+10,1.23605E+10,1.23969E+10,1.24335E+10,1.24703E+10,1.25072E+10,1.25443E+10,1.25816E+10,1.2619E+10,1.26566E+10,1.26943E+10,1.27321E+10,1.27701E+10,1.28081E+10,1.28463E+10,1.28845E+10,1.29229E+10,1.29614E+10,1.29999E+10,1.30386E+10,1.30774E+10,1.31162E+10,1.31551E+10,1.31941E+10,1.32331E+10,1.32721E+10,1.33111E+10,1.33502E+10,1.33892E+10,1.34282E+10,1.34671E+10,1.35058E+10,1.35445E+10,1.3583E+10,1.36213E+10,1.36594E+10,1.36973E+10,1.37351E+10,1.37726E+10,1.381E+10,1.38472E+10,1.38842E+10,1.39211E+10,1.39577E+10,1.39942E+10,1.40305E+10,1.40666E+10,1.41025E+10,1.41383E+10,1.41738E+10,1.42092E+10,1.42444E+10,1.42795E+10,1.43144E+10,1.43491E+10,1.43836E+10,1.44179E+10,1.44521E+10,1.44861E+10,1.45199E+10,1.45536E+10,1.45871E+10,1.46204E+10,1.46536E+10,1.46866E+10,1.47194E+10,1.47521E+10,1.47846E+10,1.48169E+10,1.48491E+10,1.48811E+10,1.4913E+10,1.49447E+10,1.49762E+10,1.50076E+10,1.50388E+10,1.50699E+10,1.51008E+10,1.51315E+10,1.51621E+10,1.51926E+10,1.52229E+10,1.5253E+10,1.5283E+10,1.53128E+10,1.53425E+10,1.5372E+10,1.54013E+10,1.54306E+10,1.54596E+10,1.54885E+10,1.55173E+10,1.55459E+10,1.55744E+10,1.56027E+10,1.56309E+10,1.5659E+10,1.56869E+10,1.57146E+10,1.57423E+10,1.57698E+10,1.57971E+10,1.58243E+10,1.58514E+10,1.58783E+10,1.59051E+10,1.59318E+10,1.59583E+10,1.59847E+10,1.6011E+10,1.60371E+10,1.60632E+10,1.60891E+10,1.61148E+10,1.61405E+10,1.6166E+10,1.61914E+10,1.62166E+10,1.62418E+10,1.62668E+10,1.62917E+10,1.63165E+10,1.63412E+10,1.63658E+10,1.63902E+10,1.64146E+10,1.64388E+10,1.64629E+10,1.64869E+10,1.65108E+10,1.65345E+10,1.65582E+10,1.65817E+10,1.66052E+10,1.66285E+10,1.66517E+10,1.66749E+10,1.66979E+10,1.67208E+10,1.67436E+10,1.67663E+10,1.67889E+10,1.68114E+10,1.68338E+10,1.68561E+10,1.68783E+10,1.69004E+10,1.69224E+10,1.69443E+10,1.69662E+10,1.69879E+10,1.70096E+10,1.70311E+10,1.70526E+10,1.7074E+10,1.70952E+10,1.71164E+10,1.71375E+10,1.71585E+10,1.71795E+10,1.72003E+10,1.7221E+10,1.72417E+10,1.72623E+10,1.72827E+10,1.73031E+10,1.73234E+10,1.73437E+10,1.73638E+10,1.73839E+10,1.74039E+10,1.74238E+10,1.74437E+10,1.74634E+10,1.74831E+10,1.75027E+10,1.75223E+10,1.75418E+10,1.75613E+10,1.75807E+10,1.76002E+10,1.76196E+10,1.76391E+10,1.76587E+10,1.76784E+10,1.76982E+10,1.77181E+10,1.77382E+10,1.77585E+10,1.7779E+10,1.77997E+10,1.78206E+10,1.78417E+10,1.7863E+10,1.78844E+10,1.7906E+10,1.79278E+10,1.79497E+10,1.79718E+10,1.7994E+10,1.80164E+10,1.8039E+10,1.80617E+10,1.80846E+10,1.81076E+10,1.81308E+10,1.81542E+10,1.81777E+10,1.82015E+10,1.82254E+10,1.82496E+10,1.8274E+10,1.82988E+10,1.83239E+10,1.83495E+10,1.83756E+10,1.84022E+10,1.84294E+10,1.84572E+10,1.84857E+10,1.85148E+10,1.85447E+10,1.85754E+10,1.8607E+10,1.86394E+10,1.86727E+10,1.87068E+10,1.87419E+10,1.87779E+10,1.88148E+10,1.88527E+10,1.88915E+10,1.89313E+10,1.8972E+10,1.90136E+10,1.90562E+10,1.90998E+10,1.91443E+10,1.91897E+10,1.9236E+10,1.92832E+10,1.93314E+10,1.93803E+10,1.943E+10,1.94805E+10,1.95318E+10,1.95837E+10,1.96362E+10,1.96893E+10,1.97429E+10,1.9797E+10,1.98516E+10,1.99066E+10,1.99619E+10,2.00176E+10,2.00736E+10,2.01298E+10,2.01863E+10,2.0243E+10,2.02998E+10,2.03568E+10,2.04139E+10,2.04711E+10,2.05284E+10,2.05857E+10,2.06431E+10,2.07005E+10,2.07579E+10,2.08153E+10,2.08727E+10,2.09301E+10,2.09875E+10,2.10448E+10,2.11022E+10,2.11595E+10,2.12169E+10,2.12742E+10,2.13315E+10,2.13887E+10,2.1446E+10,2.15031E+10,2.15602E+10,2.16172E+10,2.16741E+10,2.17308E+10,2.17875E+10,2.18439E+10,2.19002E+10,2.19563E+10,2.20121E+10,2.20677E+10,2.2123E+10,2.2178E+10,2.22327E+10,2.22871E+10,2.23413E+10,2.23952E+10,2.24488E+10,2.25022E+10,2.25553E+10,2.26081E+10,2.26607E+10,2.2713E+10,2.2765E+10,2.28168E+10,2.28684E+10,2.29197E+10,2.29709E+10,2.3022E+10,2.30729E+10,2.31238E+10,2.31747E+10,2.32255E+10,2.32762E+10,2.33269E+10,2.33776E+10,2.34284E+10,2.34791E+10,2.353E+10,2.35809E+10,2.3632E+10,2.36831E+10,2.37344E+10,2.37858E+10,2.38374E+10,2.38891E+10,2.39409E+10,2.39929E+10,2.4045E+10,2.40974E+10,2.41498E+10,2.42025E+10,2.42554E+10,2.43085E+10,2.43618E+10,2.44152E+10,2.44689E+10,2.45227E+10,2.45766E+10,2.46306E+10,2.46848E+10,2.4739E+10,2.47933E+10,2.48476E+10,2.49019E+10,2.49562E+10,2.50105E+10,2.50649E+10,2.51192E+10,2.51734E+10,2.52276E+10,2.52818E+10,2.5336E+10,2.53901E+10,2.54441E+10,2.54981E+10,2.55521E+10,2.5606E+10,2.566E+10,2.57139E+10,2.57678E+10,2.58217E+10,2.58755E+10,2.59293E+10,2.59832E+10,2.60371E+10,2.6091E+10,2.6145E+10,2.61992E+10,2.62533E+10,2.63076E+10,2.6362E+10,2.64164E+10,2.64709E+10,2.65254E+10,2.65801E+10,2.66347E+10,2.66895E+10,2.67442E+10,2.6799E+10,2.68539E+10,2.69088E+10,2.69637E+10,2.70187E+10,2.70737E+10,2.71288E+10,2.71838E+10,2.7239E+10,2.72941E+10,2.73493E+10,2.74044E+10,2.74596E+10,2.75148E+10,2.757E+10,2.76251E+10,2.76803E+10,2.77354E+10,2.77905E+10,2.78455E+10,2.79005E+10,2.79555E+10,2.80105E+10,2.80655E+10,2.81205E+10,2.81755E+10,2.82305E+10,2.82855E+10,2.83405E+10,2.83954E+10,2.84503E+10,2.85051E+10,2.85599E+10,2.86145E+10,2.8669E+10,2.87234E+10,2.87776E+10,2.88317E+10,2.88856E+10,2.89394E+10,2.89929E+10,2.90463E+10,2.90994E+10,2.91524E+10,2.92051E+10,2.92576E+10,2.93099E+10,2.9362E+10,2.94138E+10,2.94654E+10,2.95168E+10,2.95679E+10,2.96188E+10,2.96695E+10,2.972E+10,2.97702E+10,2.98202E+10,2.98699E+10,2.99195E+10,2.99687E+10,3.00178E+10,3.00667E+10,3.01153E+10,3.01636E+10,3.02118E+10,3.02597E+10,3.03074E+10,3.03549E+10,3.04021E+10,3.04491E+10,3.04959E+10,3.05425E+10,3.05889E+10,3.0635E+10,3.06809E+10,3.07266E+10,3.0772E+10,3.08173E+10,3.08623E+10,3.09071E+10,3.09517E+10,3.09961E+10,3.10403E+10,3.10842E+10,3.11279E+10,3.11715E+10,3.12148E+10,3.12579E+10,3.13008E+10,3.13435E+10,3.1386E+10,3.14282E+10,3.14703E+10,3.15122E+10,3.15539E+10,3.15954E+10,3.16367E+10,3.16777E+10,3.17186E+10,3.17593E+10,3.17999E+10,3.18402E+10,3.18803E+10,3.19203E+10,3.196E+10,3.19996E+10,3.2039E+10,3.20783E+10,3.21173E+10,3.21562E+10,3.21949E+10,3.22334E+10,3.22718E+10,3.23101E+10,3.23482E+10,3.23862E+10,3.24242E+10,3.2462E+10,3.24997E+10,3.25375E+10,3.25751E+10,3.26128E+10,3.26504E+10,3.2688E+10,3.27255E+10,3.27631E+10,3.28006E+10,3.28381E+10,3.28756E+10,3.2913E+10,3.29505E+10,3.2988E+10,3.30256E+10,3.30632E+10,3.3101E+10,3.31388E+10,3.31767E+10,3.32148E+10,3.3253E+10,3.32914E+10,3.33299E+10,3.33687E+10,3.34075E+10,3.34466E+10,3.34858E+10,3.35251E+10,3.35646E+10,3.36041E+10,3.36438E+10,3.36835E+10,3.37233E+10,3.37631E+10,3.3803E+10,3.38428E+10,3.38826E+10,3.39223E+10,3.39619E+10,3.40014E+10,3.40407E+10,3.40799E+10,3.41189E+10,3.41578E+10,3.41965E+10,3.42351E+10,3.42735E+10,3.43118E+10,3.43499E+10,3.43879E+10,3.44258E+10,3.44635E+10,3.45011E+10,3.45386E+10,3.45759E+10,3.46131E+10,3.46502E+10,3.46871E+10,3.47239E+10,3.47606E+10,3.47972E+10,3.48337E+10,3.487E+10,3.49062E+10,3.49423E+10,3.49783E+10,3.50142E+10,3.50499E+10,3.50855E+10,3.51211E+10,3.51565E+10,3.51918E+10,3.5227E+10,3.5262E+10,3.5297E+10,3.53318E+10,3.53666E+10,3.54012E+10,3.54357E+10,3.54701E+10,3.55044E+10,3.55386E+10,3.55726E+10,3.56066E+10,3.56404E+10,3.56741E+10,3.57077E+10,3.57412E+10,3.57745E+10,3.58078E+10,3.58409E+10,3.58739E+10,3.59068E+10,3.59396E+10,3.59723E+10,3.60048E+10,3.60373E+10,3.60696E+10,3.61018E+10,3.61338E+10,3.61658E+10,3.61976E+10,3.62294E+10,3.6261E+10,3.62925E+10,3.63238E+10,3.63551E+10,3.63862E+10,3.64172E+10,3.64481E+10,3.64789E+10,3.65096E+10,3.65401E+10,3.65706E+10,3.66009E+10,3.66311E+10,3.66613E+10,3.66913E+10,3.67211E+10,3.67509E+10,3.67806E+10,3.68102E+10,3.68396E+10,3.6869E+10,3.68982E+10,3.69273E+10,3.69564E+10,3.69853E+10,3.70141E+10,3.70429E+10,3.70715E+10,3.71E+10,3.71284E+10,3.71567E+10,3.7185E+10,3.72131E+10,3.72411E+10,3.7269E+10,3.72969E+10,3.73246E+10,3.73522E+10,3.73798E+10,3.74073E+10,3.74346E+10,3.74619E+10,3.74891E+10,3.75162E+10,3.75432E+10,3.75702E+10,3.7597E+10,3.76238E+10,3.76505E+10,3.76771E+10,3.77037E+10,3.77301E+10,3.77565E+10,3.77828E+10,3.7809E+10,3.78352E+10,3.78612E+10
"Cost of GDP Cumulative[South Dakota]",0,0,0,0,0,0,0,0,0,0,0,0,0,0,0,0,0,0,0,0,0,0,0,0,0,0,0,0,0,0,0,0,0,0,0,0,0,0,0,0,0,0,0,0,0,0.00174857,0.0232217,0.120718,0.405418,1.05551,2.32639,4.56071,8.20014,13.8006,22.0523,33.8058,50.1048,72.2202,101.683,140.319,190.307,254.255,335.321,437.367,565.142,724.5,922.671,1168.55,1473.05,1849.49,2314.05,2886.26,3589.63,4452.33,5508.08,6797.02,8366.56,10272.1,12577.9,15357.7,18696,22689.6,27449.6,33103.1,39796.5,47699.1,57007,67948.2,80788.1,95836.9,113457,134071,158172,186328,219196,257530,302193,354169,414569,484631,565723,659346,767132,890953,1.0335E+06,1.19909E+06,1.39437E+06,1.62875E+06,1.91478E+06,2.26822E+06,2.70796E+06,3.2558E+06,3.93597E+06,4.77451E+06,5.79874E+06,7.03791E+06,8.52246E+06,1.02807E+07,1.23378E+07,1.47141E+07,1.7425E+07,2.04829E+07,2.38979E+07,2.76774E+07,3.18269E+07,3.63495E+07,4.12468E+07,4.65186E+07,5.21631E+07,5.81773E+07,6.45573E+07,7.1298E+07,7.83936E+07,8.58374E+07,9.3622E+07,1.0174E+08,1.10183E+08,1.18942E+08,1.28008E+08,1.37374E+08,1.47029E+08,1.56964E+08,1.6717E+08,1.77638E+08,1.88359E+08,1.99321E+08,2.10514E+08,2.21925E+08,2.33542E+08,2.45351E+08,2.57338E+08,2.69488E+08,2.81786E+08,2.94218E+08,3.0677E+08,3.19427E+08,3.32178E+08,3.45009E+08,3.57909E+08,3.70864E+08,3.83863E+08,3.96895E+08,4.09949E+08,4.23015E+08,4.36082E+08,4.49141E+08,4.62183E+08,4.75198E+08,4.88178E+08,5.01115E+08,5.14E+08,5.26826E+08,5.39585E+08,5.52271E+08,5.6488E+08,5.77413E+08,5.8987E+08,6.02252E+08,6.14558E+08,6.26791E+08,6.3895E+08,6.51037E+08,6.63051E+08,6.74993E+08,6.86864E+08,6.98664E+08,7.10394E+08,7.22053E+08,7.33642E+08,7.45161E+08,7.56611E+08,7.67991E+08,7.79303E+08,7.90546E+08,8.01721E+08,8.12828E+08,8.23868E+08,8.34841E+08,8.45748E+08,8.56588E+08,8.67363E+08,8.78073E+08,8.88719E+08,8.993E+08,9.09819E+08,9.20274E+08,9.30667E+08,9.40997E+08,9.51266E+08,9.61474E+08,9.71621E+08,9.81707E+08,9.91733E+08,1.0017E+09,1.0116E+09,1.02145E+09,1.03123E+09,1.04096E+09,1.05062E+09,1.06023E+09,1.06978E+09,1.07927E+09,1.0887E+09,1.09807E+09,1.10739E+09,1.11665E+09,1.12585E+09,1.135E+09,1.14409E+09,1.15313E+09,1.16211E+09,1.17104E+09,1.17991E+09,1.18873E+09,1.19749E+09,1.2062E+09,1.21486E+09,1.22347E+09,1.23202E+09,1.24052E+09,1.24897E+09,1.25737E+09,1.26572E+09,1.27402E+09,1.28227E+09,1.29047E+09,1.29862E+09,1.30672E+09,1.31477E+09,1.32278E+09,1.33074E+09,1.33865E+09,1.34652E+09,1.35434E+09,1.36211E+09,1.36984E+09,1.37752E+09,1.38516E+09,1.39275E+09,1.4003E+09,1.40781E+09,1.41527E+09,1.42269E+09,1.43007E+09,1.4374E+09,1.4447E+09,1.45195E+09,1.45916E+09,1.46632E+09,1.47345E+09,1.48054E+09,1.48758E+09,1.49459E+09,1.50156E+09,1.50848E+09,1.51537E+09,1.52222E+09,1.52903E+09,1.53581E+09,1.54254E+09,1.54924E+09,1.5559E+09,1.56252E+09,1.56911E+09,1.57566E+09,1.58218E+09,1.58866E+09,1.5951E+09,1.60152E+09,1.60789E+09,1.61424E+09,1.62054E+09,1.62682E+09,1.63306E+09,1.63928E+09,1.64545E+09,1.6516E+09,1.65772E+09,1.6638E+09,1.66985E+09,1.67588E+09,1.68187E+09,1.68783E+09,1.69377E+09,1.69967E+09,1.70555E+09,1.71139E+09,1.71721E+09,1.723E+09,1.72877E+09,1.7345E+09,1.74021E+09,1.7459E+09,1.75156E+09,1.7572E+09,1.76281E+09,1.7684E+09,1.77397E+09,1.77952E+09,1.78505E+09,1.79055E+09,1.79604E+09,1.8015E+09,1.80695E+09,1.81238E+09,1.81779E+09,1.82318E+09,1.82855E+09,1.83391E+09,1.83925E+09,1.84458E+09,1.84989E+09,1.85518E+09,1.86046E+09,1.86573E+09,1.87098E+09,1.87622E+09,1.88145E+09,1.88666E+09,1.89187E+09,1.89706E+09,1.90225E+09,1.90742E+09,1.91259E+09,1.91774E+09,1.92289E+09,1.92804E+09,1.93318E+09,1.93832E+09,1.94345E+09,1.94858E+09,1.95371E+09,1.95884E+09,1.96398E+09,1.96911E+09,1.97424E+09,1.97938E+09,1.98452E+09,1.98966E+09,1.9948E+09,1.99996E+09,2.00511E+09,2.01027E+09,2.01544E+09,2.02062E+09,2.02581E+09,2.03103E+09,2.03629E+09,2.0416E+09,2.04699E+09,2.05247E+09,2.05804E+09,2.06373E+09,2.06952E+09,2.07544E+09,2.08148E+09,2.08764E+09,2.09392E+09,2.10033E+09,2.10686E+09,2.11351E+09,2.12029E+09,2.1272E+09,2.13423E+09,2.14139E+09,2.14867E+09,2.15609E+09,2.16363E+09,2.17128E+09,2.17905E+09,2.18692E+09,2.19489E+09,2.20296E+09,2.2111E+09,2.21933E+09,2.22762E+09,2.23598E+09,2.24439E+09,2.25284E+09,2.26134E+09,2.26987E+09,2.27842E+09,2.287E+09,2.29558E+09,2.30417E+09,2.31275E+09,2.32133E+09,2.3299E+09,2.33844E+09,2.34697E+09,2.35546E+09,2.36393E+09,2.37236E+09,2.38076E+09,2.38913E+09,2.39747E+09,2.40577E+09,2.41404E+09,2.42228E+09,2.43049E+09,2.43867E+09,2.44682E+09,2.45493E+09,2.46302E+09,2.47107E+09,2.47909E+09,2.48708E+09,2.49505E+09,2.50298E+09,2.51088E+09,2.51875E+09,2.5266E+09,2.53441E+09,2.5422E+09,2.54995E+09,2.55768E+09,2.56538E+09,2.57305E+09,2.5807E+09,2.58831E+09,2.5959E+09,2.60346E+09,2.61099E+09,2.6185E+09,2.62598E+09,2.63343E+09,2.64085E+09,2.64825E+09,2.65563E+09,2.66297E+09,2.67029E+09,2.67758E+09,2.68485E+09,2.69209E+09,2.6993E+09,2.70649E+09,2.71365E+09,2.72079E+09,2.7279E+09,2.73498E+09,2.74204E+09,2.74907E+09,2.75608E+09,2.76307E+09,2.77002E+09,2.77696E+09,2.78386E+09,2.79075E+09,2.7976E+09,2.80444E+09,2.81125E+09,2.81803E+09,2.82479E+09,2.83153E+09,2.83825E+09,2.84493E+09,2.8516E+09,2.85824E+09,2.86486E+09,2.87145E+09,2.87803E+09,2.88457E+09,2.8911E+09,2.8976E+09,2.90408E+09,2.91053E+09,2.91697E+09,2.92337E+09,2.92976E+09,2.93612E+09,2.94246E+09,2.94877E+09,2.95506E+09,2.96133E+09,2.96757E+09,2.97379E+09,2.97999E+09,2.98616E+09,2.99231E+09,2.99844E+09,3.00454E+09,3.01063E+09,3.01668E+09,3.02272E+09,3.02873E+09,3.03472E+09,3.04069E+09,3.04664E+09,3.05256E+09,3.05846E+09,3.06433E+09,3.07019E+09,3.07602E+09,3.08183E+09,3.08762E+09,3.09338E+09,3.09912E+09,3.10484E+09,3.11054E+09,3.11621E+09,3.12187E+09,3.1275E+09,3.1331E+09,3.13869E+09,3.14425E+09,3.1498E+09,3.15532E+09,3.16081E+09,3.16629E+09,3.17174E+09,3.17718E+09,3.18259E+09,3.18797E+09,3.19334E+09,3.19869E+09,3.20401E+09,3.20931E+09,3.21459E+09,3.21985E+09,3.22508E+09,3.2303E+09,3.23549E+09,3.24066E+09,3.24581E+09,3.25094E+09,3.25604E+09,3.26113E+09,3.26619E+09,3.27123E+09,3.27625E+09,3.28125E+09,3.28623E+09,3.29119E+09,3.29612E+09,3.30104E+09,3.30593E+09,3.31081E+09,3.31566E+09,3.32049E+09,3.3253E+09,3.33009E+09,3.33486E+09,3.33961E+09,3.34434E+09,3.34905E+09,3.35374E+09,3.35841E+09,3.36307E+09,3.3677E+09,3.37231E+09,3.3769E+09,3.38147E+09,3.38602E+09,3.39056E+09,3.39507E+09,3.39957E+09,3.40404E+09,3.4085E+09,3.41294E+09,3.41736E+09,3.42176E+09,3.42615E+09,3.43051E+09,3.43486E+09,3.43919E+09,3.4435E+09,3.44779E+09,3.45206E+09,3.45632E+09,3.46056E+09,3.46478E+09,3.46899E+09,3.47317E+09,3.47734E+09,3.48149E+09,3.48563E+09,3.48975E+09,3.49385E+09,3.49793E+09,3.502E+09,3.50605E+09,3.51009E+09,3.51411E+09,3.51811E+09,3.5221E+09,3.52607E+09,3.53003E+09,3.53397E+09,3.5379E+09,3.54182E+09,3.54572E+09,3.54961E+09,3.55349E+09,3.55736E+09,3.56122E+09,3.56507E+09,3.56891E+09,3.57275E+09,3.57658E+09,3.58041E+09,3.58424E+09,3.58806E+09,3.59189E+09,3.59571E+09,3.59954E+09,3.60338E+09,3.60723E+09,3.61108E+09,3.61495E+09,3.61883E+09,3.62272E+09,3.62664E+09,3.63057E+09,3.63453E+09,3.63854E+09,3.64263E+09,3.64685E+09,3.65122E+09,3.65577E+09,3.66051E+09,3.66548E+09,3.67067E+09,3.67612E+09,3.68181E+09,3.68777E+09,3.69401E+09,3.70051E+09,3.70729E+09,3.71435E+09,3.72169E+09,3.7293E+09,3.73719E+09,3.74535E+09,3.75378E+09,3.76246E+09,3.77141E+09,3.78061E+09,3.79005E+09,3.79973E+09,3.80964E+09,3.81977E+09,3.8301E+09,3.84063E+09,3.85133E+09,3.86221E+09,3.87325E+09,3.88444E+09,3.89576E+09,3.9072E+09,3.91875E+09,3.9304E+09,3.94213E+09,3.95393E+09,3.9658E+09,3.97771E+09,3.98967E+09,4.00166E+09,4.01367E+09,4.02569E+09,4.03772E+09,4.04974E+09,4.06175E+09,4.07374E+09,4.08569E+09,4.09762E+09,4.1095E+09,4.12133E+09,4.13311E+09,4.14483E+09,4.1565E+09,4.16812E+09,4.17968E+09,4.19118E+09,4.20264E+09,4.21404E+09,4.22538E+09,4.23667E+09,4.24791E+09,4.25909E+09,4.27022E+09,4.28129E+09,4.29231E+09,4.30328E+09,4.31419E+09,4.32506E+09,4.33586E+09,4.34662E+09,4.35733E+09,4.36798E+09,4.37858E+09,4.38913E+09,4.39964E+09,4.41009E+09,4.42049E+09,4.43084E+09,4.44115E+09,4.45141E+09,4.46162E+09,4.47178E+09,4.4819E+09,4.49197E+09,4.502E+09,4.51198E+09,4.52193E+09,4.53183E+09,4.54168E+09,4.5515E+09,4.56128E+09,4.57102E+09,4.58072E+09,4.59039E+09,4.60002E+09,4.60962E+09,4.61918E+09,4.6287E+09,4.6382E+09,4.64766E+09,4.6571E+09,4.6665E+09,4.67588E+09,4.68523E+09,4.69455E+09,4.70384E+09,4.71311E+09,4.72236E+09,4.73158E+09,4.74077E+09,4.74994E+09,4.7591E+09,4.76822E+09,4.77733E+09,4.78643E+09,4.7955E+09,4.80456E+09,4.8136E+09,4.82262E+09,4.83164E+09,4.84063E+09,4.84962E+09,4.85859E+09,4.86755E+09,4.8765E+09,4.88544E+09,4.89436E+09,4.90328E+09,4.91218E+09,4.92108E+09,4.92998E+09,4.93888E+09,4.94779E+09,4.95672E+09,4.96567E+09,4.97463E+09,4.98361E+09,4.9926E+09,5.0016E+09,5.01062E+09,5.01964E+09,5.02866E+09,5.03768E+09,5.0467E+09,5.0557E+09,5.06469E+09,5.07367E+09,5.08263E+09,5.09158E+09,5.10052E+09,5.10945E+09,5.11837E+09,5.12728E+09,5.13617E+09,5.14505E+09,5.15392E+09,5.16278E+09,5.17164E+09,5.18048E+09,5.18931E+09,5.19814E+09,5.20695E+09,5.21575E+09,5.22454E+09,5.23332E+09,5.2421E+09,5.25087E+09,5.25963E+09,5.26837E+09,5.27711E+09,5.28583E+09,5.29454E+09,5.30323E+09,5.31191E+09,5.32057E+09,5.32921E+09,5.33783E+09,5.34644E+09,5.35502E+09,5.36359E+09,5.37213E+09,5.38065E+09,5.38915E+09,5.39762E+09,5.40607E+09,5.41449E+09,5.42289E+09,5.43127E+09,5.43962E+09,5.44794E+09,5.45624E+09,5.46451E+09,5.47275E+09,5.48097E+09,5.48916E+09,5.49733E+09,5.50547E+09,5.51358E+09,5.52166E+09,5.52972E+09,5.53775E+09,5.54575E+09,5.55372E+09,5.56167E+09,5.56959E+09,5.57748E+09,5.58534E+09,5.59318E+09,5.60099E+09,5.60876E+09,5.61651E+09,5.62424E+09,5.63193E+09,5.63959E+09,5.64723E+09,5.65484E+09,5.66241E+09,5.66996E+09,5.67749E+09,5.68498E+09,5.69244E+09,5.69988E+09,5.70728E+09,5.71466E+09,5.72201E+09,5.72933E+09,5.73663E+09,5.74389E+09,5.75113E+09,5.75834E+09,5.76552E+09,5.77268E+09,5.77981E+09,5.78691E+09,5.79399E+09,5.80104E+09,5.80806E+09,5.81506E+09,5.82203E+09,5.82898E+09,5.8359E+09,5.8428E+09,5.84967E+09,5.85651E+09,5.86334E+09,5.87013E+09,5.87691E+09,5.88366E+09,5.89039E+09,5.89709E+09,5.90378E+09,5.91044E+09,5.91708E+09,5.92369E+09,5.93029E+09,5.93687E+09,5.94342E+09,5.94996E+09,5.95648E+09,5.96297E+09,5.96945E+09,5.97591E+09,5.98235E+09,5.98878E+09,5.99518E+09,6.00157E+09,6.00795E+09,6.0143E+09,6.02064E+09,6.02697E+09,6.03328E+09,6.03957E+09,6.04585E+09,6.05212E+09,6.05837E+09,6.06461E+09,6.07084E+09,6.07705E+09,6.08325E+09,6.08944E+09,6.09562E+09,6.10178E+09,6.10794E+09,6.11409E+09,6.12022E+09,6.12634E+09,6.13246E+09,6.13856E+09,6.14466E+09,6.15075E+09,6.15683E+09,6.1629E+09,6.16896E+09,6.17502E+09,6.18107E+09,6.18711E+09,6.19314E+09,6.19917E+09,6.20519E+09,6.2112E+09,6.21721E+09,6.22321E+09,6.2292E+09,6.23519E+09,6.24118E+09,6.24716E+09,6.25313E+09,6.2591E+09,6.26506E+09,6.27102E+09,6.27697E+09,6.28292E+09,6.28886E+09,6.2948E+09,6.30074E+09,6.30667E+09,6.3126E+09,6.31852E+09,6.32444E+09,6.33036E+09,6.33627E+09,6.34218E+09,6.34809E+09,6.35399E+09,6.35989E+09,6.36579E+09,6.37169E+09,6.37758E+09,6.38348E+09,6.38936E+09,6.39525E+09,6.40114E+09,6.40702E+09,6.4129E+09,6.41878E+09,6.42466E+09,6.43053E+09,6.4364E+09,6.44227E+09,6.44814E+09,6.45401E+09,6.45987E+09,6.46573E+09,6.47159E+09,6.47744E+09,6.48329E+09,6.48914E+09,6.49499E+09,6.50083E+09,6.50667E+09,6.5125E+09,6.51832E+09,6.52415E+09,6.52997E+09,6.53578E+09,6.54159E+09,6.54739E+09,6.55318E+09,6.55897E+09,6.56475E+09,6.57053E+09,6.5763E+09,6.58206E+09,6.58781E+09,6.59356E+09,6.59929E+09,6.60502E+09,6.61075E+09,6.61646E+09,6.62217E+09,6.62786E+09,6.63355E+09,6.63923E+09,6.6449E+09,6.65056E+09,6.65621E+09,6.66185E+09,6.66748E+09,6.67311E+09,6.67872E+09,6.68433E+09,6.68992E+09,6.69551E+09,6.70109E+09,6.70666E+09,6.71222E+09,6.71777E+09,6.72331E+09,6.72884E+09,6.73436E+09,6.73988E+09,6.74538E+09,6.75088E+09,6.75637E+09,6.76184E+09,6.76731E+09,6.77277E+09,6.77822E+09,6.78366E+09,6.7891E+09,6.79452E+09,6.79994E+09,6.80535E+09,6.81075E+09,6.81615E+09,6.82153E+09,6.82691E+09,6.83228E+09,6.83765E+09,6.84301E+09,6.84836E+09,6.8537E+09,6.85904E+09,6.86437E+09,6.8697E+09,6.87502E+09,6.88033E+09,6.88564E+09,6.89094E+09,6.89624E+09,6.90153E+09,6.90682E+09,6.91211E+09,6.91738E+09,6.92266E+09,6.92793E+09,6.93319E+09,6.93845E+09,6.94371E+09,6.94896E+09,6.95421E+09,6.95946E+09,6.9647E+09,6.96994E+09
"Cost of GDP Cumulative[Tennessee]",0,0,0,0,0,0,0,0,0,0,0,0,0,0,0,0,0,0,0,0,0,1.19134E-41,2.77046E-41,4.73283E-41,1.71315E-40,6.6796E-40,1.35715E-39,2.04841E-39,0.000923509,0.012485,0.0661673,0.226943,0.604661,1.36687,2.75455,5.10239,8.86553,14.6555,23.2905,35.8723,53.9117,79.5156,115.622,166.262,237.533,344.726,507.672,772.921,1210.46,1878.1,2824.55,4124.9,5876.66,8182.76,11155.4,14919.3,19617.5,25424.1,32594.6,41444.7,52340.5,65721.1,82134.7,102275,127019,157478,195059,241545,299191,370886,460416,576531,730153,929966,1.18615E+06,1.51182E+06,1.92313E+06,2.44524E+06,3.11047E+06,3.95172E+06,5.01776E+06,6.35821E+06,8.01737E+06,1.00542E+07,1.2515E+07,1.54297E+07,1.88185E+07,2.27056E+07,2.71529E+07,3.22171E+07,3.79379E+07,4.44419E+07,5.18828E+07,6.03708E+07,6.9966E+07,8.06931E+07,9.25572E+07,1.0555E+08,1.19658E+08,1.34866E+08,1.51163E+08,1.68544E+08,1.87005E+08,2.06533E+08,2.27112E+08,2.48723E+08,2.71342E+08,2.94946E+08,3.19505E+08,3.4499E+08,3.71374E+08,3.98628E+08,4.26728E+08,4.55669E+08,4.85493E+08,5.16582E+08,5.49435E+08,5.8428E+08,6.21234E+08,6.60361E+08,7.01688E+08,7.45216E+08,7.9104E+08,8.39347E+08,8.9024E+08,9.43754E+08,9.99882E+08,1.05859E+09,1.11983E+09,1.18355E+09,1.24973E+09,1.31835E+09,1.3894E+09,1.46286E+09,1.5387E+09,1.61685E+09,1.69723E+09,1.77977E+09,1.86438E+09,1.95096E+09,2.03943E+09,2.12969E+09,2.22164E+09,2.3152E+09,2.41027E+09,2.50676E+09,2.60456E+09,2.70359E+09,2.80375E+09,2.90495E+09,3.00708E+09,3.11006E+09,3.2138E+09,3.31819E+09,3.42315E+09,3.52858E+09,3.63439E+09,3.74049E+09,3.84679E+09,3.95321E+09,4.05966E+09,4.16606E+09,4.27234E+09,4.37843E+09,4.48425E+09,4.58974E+09,4.69485E+09,4.79952E+09,4.9037E+09,5.00735E+09,5.11045E+09,5.21302E+09,5.31509E+09,5.41672E+09,5.51797E+09,5.61887E+09,5.71945E+09,5.81971E+09,5.91965E+09,6.01926E+09,6.11851E+09,6.2174E+09,6.31589E+09,6.41395E+09,6.51156E+09,6.60866E+09,6.70523E+09,6.80123E+09,6.89661E+09,6.99137E+09,7.08552E+09,7.17904E+09,7.27196E+09,7.36427E+09,7.45597E+09,7.54708E+09,7.63759E+09,7.72751E+09,7.81684E+09,7.90559E+09,7.99376E+09,8.08135E+09,8.16837E+09,8.25482E+09,8.34071E+09,8.42603E+09,8.5108E+09,8.59502E+09,8.67868E+09,8.76181E+09,8.84439E+09,8.92643E+09,9.00794E+09,9.08892E+09,9.16937E+09,9.24931E+09,9.32873E+09,9.40763E+09,9.48603E+09,9.56392E+09,9.64131E+09,9.7182E+09,9.7946E+09,9.87051E+09,9.94593E+09,1.00209E+10,1.00953E+10,1.01693E+10,1.02428E+10,1.03159E+10,1.03884E+10,1.04606E+10,1.05322E+10,1.06034E+10,1.06742E+10,1.07445E+10,1.08144E+10,1.08838E+10,1.09528E+10,1.10214E+10,1.10895E+10,1.11573E+10,1.12246E+10,1.12914E+10,1.13579E+10,1.1424E+10,1.14896E+10,1.15549E+10,1.16197E+10,1.16842E+10,1.17482E+10,1.18119E+10,1.18752E+10,1.19381E+10,1.20006E+10,1.20628E+10,1.21246E+10,1.2186E+10,1.22471E+10,1.23078E+10,1.23681E+10,1.24281E+10,1.24878E+10,1.25471E+10,1.26061E+10,1.26647E+10,1.27231E+10,1.2781E+10,1.28387E+10,1.2896E+10,1.2953E+10,1.30097E+10,1.30661E+10,1.31222E+10,1.3178E+10,1.32334E+10,1.32886E+10,1.33434E+10,1.3398E+10,1.34523E+10,1.35062E+10,1.35599E+10,1.36133E+10,1.36664E+10,1.37193E+10,1.37718E+10,1.38241E+10,1.38761E+10,1.39279E+10,1.39793E+10,1.40305E+10,1.40815E+10,1.41322E+10,1.41826E+10,1.42328E+10,1.42828E+10,1.43325E+10,1.43819E+10,1.44311E+10,1.44801E+10,1.45289E+10,1.45774E+10,1.46256E+10,1.46737E+10,1.47215E+10,1.4769E+10,1.48164E+10,1.48635E+10,1.49104E+10,1.4957E+10,1.50034E+10,1.50497E+10,1.50956E+10,1.51414E+10,1.5187E+10,1.52323E+10,1.52774E+10,1.53223E+10,1.53669E+10,1.54114E+10,1.54556E+10,1.54997E+10,1.55435E+10,1.55871E+10,1.56305E+10,1.56736E+10,1.57166E+10,1.57594E+10,1.58019E+10,1.58443E+10,1.58864E+10,1.59284E+10,1.59701E+10,1.60116E+10,1.6053E+10,1.60941E+10,1.6135E+10,1.61758E+10,1.62163E+10,1.62567E+10,1.62969E+10,1.63368E+10,1.63766E+10,1.64162E+10,1.64557E+10,1.64949E+10,1.6534E+10,1.65729E+10,1.66116E+10,1.66501E+10,1.66885E+10,1.67268E+10,1.67648E+10,1.68027E+10,1.68405E+10,1.68781E+10,1.69156E+10,1.69529E+10,1.699E+10,1.70271E+10,1.7064E+10,1.71007E+10,1.71374E+10,1.71739E+10,1.72102E+10,1.72465E+10,1.72826E+10,1.73186E+10,1.73545E+10,1.73903E+10,1.7426E+10,1.74615E+10,1.7497E+10,1.75325E+10,1.7568E+10,1.76037E+10,1.76395E+10,1.76755E+10,1.77119E+10,1.77486E+10,1.77856E+10,1.78232E+10,1.78612E+10,1.78998E+10,1.79391E+10,1.79791E+10,1.80199E+10,1.80614E+10,1.81037E+10,1.81467E+10,1.81904E+10,1.82349E+10,1.82801E+10,1.83261E+10,1.83729E+10,1.84203E+10,1.84686E+10,1.85175E+10,1.85672E+10,1.86175E+10,1.86685E+10,1.872E+10,1.87722E+10,1.88249E+10,1.8878E+10,1.89316E+10,1.89857E+10,1.90401E+10,1.90948E+10,1.91499E+10,1.92054E+10,1.92611E+10,1.93173E+10,1.93737E+10,1.94306E+10,1.94878E+10,1.95452E+10,1.9603E+10,1.96611E+10,1.97193E+10,1.97779E+10,1.98367E+10,1.98957E+10,1.9955E+10,2.00144E+10,2.0074E+10,2.01338E+10,2.01938E+10,2.02539E+10,2.03141E+10,2.03746E+10,2.04352E+10,2.04959E+10,2.05568E+10,2.06179E+10,2.0679E+10,2.07403E+10,2.08016E+10,2.0863E+10,2.09244E+10,2.09859E+10,2.10474E+10,2.11088E+10,2.11702E+10,2.12315E+10,2.12926E+10,2.13535E+10,2.14141E+10,2.14745E+10,2.15347E+10,2.15945E+10,2.1654E+10,2.17133E+10,2.17723E+10,2.18309E+10,2.18893E+10,2.19475E+10,2.20053E+10,2.20629E+10,2.21201E+10,2.21771E+10,2.22339E+10,2.22903E+10,2.23465E+10,2.24024E+10,2.2458E+10,2.25133E+10,2.25684E+10,2.26231E+10,2.26776E+10,2.27319E+10,2.27858E+10,2.28395E+10,2.2893E+10,2.29461E+10,2.2999E+10,2.30516E+10,2.3104E+10,2.31561E+10,2.3208E+10,2.32595E+10,2.33109E+10,2.33619E+10,2.34128E+10,2.34633E+10,2.35136E+10,2.35637E+10,2.36135E+10,2.3663E+10,2.37123E+10,2.37614E+10,2.38102E+10,2.38587E+10,2.3907E+10,2.39551E+10,2.40029E+10,2.40505E+10,2.40978E+10,2.41449E+10,2.41918E+10,2.42384E+10,2.42848E+10,2.43309E+10,2.43768E+10,2.44225E+10,2.44679E+10,2.45131E+10,2.4558E+10,2.46028E+10,2.46472E+10,2.46915E+10,2.47355E+10,2.47793E+10,2.48228E+10,2.48661E+10,2.49092E+10,2.49521E+10,2.49948E+10,2.50372E+10,2.50794E+10,2.51213E+10,2.51631E+10,2.52047E+10,2.5246E+10,2.52871E+10,2.5328E+10,2.53687E+10,2.54092E+10,2.54495E+10,2.54896E+10,2.55295E+10,2.55692E+10,2.56086E+10,2.56479E+10,2.5687E+10,2.57259E+10,2.57646E+10,2.58031E+10,2.58415E+10,2.58796E+10,2.59175E+10,2.59553E+10,2.59928E+10,2.60302E+10,2.60674E+10,2.61044E+10,2.61412E+10,2.61778E+10,2.62142E+10,2.62505E+10,2.62866E+10,2.63224E+10,2.63582E+10,2.63937E+10,2.64291E+10,2.64643E+10,2.64993E+10,2.65342E+10,2.65689E+10,2.66035E+10,2.66379E+10,2.66721E+10,2.67062E+10,2.67401E+10,2.67738E+10,2.68074E+10,2.68409E+10,2.68742E+10,2.69073E+10,2.69403E+10,2.69731E+10,2.70058E+10,2.70383E+10,2.70707E+10,2.7103E+10,2.71351E+10,2.71671E+10,2.71989E+10,2.72306E+10,2.72621E+10,2.72935E+10,2.73248E+10,2.7356E+10,2.7387E+10,2.74179E+10,2.74486E+10,2.74793E+10,2.75098E+10,2.75402E+10,2.75705E+10,2.76007E+10,2.76308E+10,2.76608E+10,2.76908E+10,2.77208E+10,2.77508E+10,2.77808E+10,2.7811E+10,2.78413E+10,2.78718E+10,2.79025E+10,2.79335E+10,2.79647E+10,2.79962E+10,2.8028E+10,2.80601E+10,2.80925E+10,2.81251E+10,2.81579E+10,2.8191E+10,2.82242E+10,2.82576E+10,2.82913E+10,2.83251E+10,2.83591E+10,2.83933E+10,2.84277E+10,2.84623E+10,2.8497E+10,2.8532E+10,2.85671E+10,2.86025E+10,2.86381E+10,2.86739E+10,2.871E+10,2.87464E+10,2.87833E+10,2.88207E+10,2.88587E+10,2.88975E+10,2.8937E+10,2.89774E+10,2.90185E+10,2.90607E+10,2.91039E+10,2.91483E+10,2.91938E+10,2.92406E+10,2.92887E+10,2.93381E+10,2.93888E+10,2.9441E+10,2.94945E+10,2.95495E+10,2.96059E+10,2.96638E+10,2.97231E+10,2.9784E+10,2.98463E+10,2.991E+10,2.99752E+10,3.00419E+10,3.011E+10,3.01795E+10,3.02504E+10,3.03228E+10,3.03964E+10,3.04712E+10,3.05473E+10,3.06245E+10,3.07027E+10,3.07819E+10,3.08621E+10,3.0943E+10,3.10248E+10,3.11072E+10,3.11903E+10,3.1274E+10,3.13582E+10,3.14428E+10,3.15279E+10,3.16133E+10,3.16991E+10,3.17851E+10,3.18713E+10,3.19577E+10,3.20442E+10,3.21309E+10,3.22176E+10,3.23044E+10,3.23912E+10,3.2478E+10,3.25648E+10,3.26516E+10,3.27384E+10,3.28251E+10,3.29118E+10,3.29985E+10,3.30852E+10,3.31718E+10,3.32585E+10,3.33451E+10,3.34316E+10,3.35181E+10,3.36045E+10,3.36908E+10,3.3777E+10,3.3863E+10,3.39488E+10,3.40345E+10,3.41199E+10,3.4205E+10,3.42897E+10,3.43741E+10,3.44582E+10,3.45417E+10,3.46249E+10,3.47076E+10,3.47899E+10,3.48718E+10,3.49532E+10,3.50342E+10,3.51148E+10,3.5195E+10,3.52748E+10,3.53542E+10,3.54332E+10,3.55117E+10,3.559E+10,3.56678E+10,3.57453E+10,3.58226E+10,3.58998E+10,3.59768E+10,3.60538E+10,3.61306E+10,3.62074E+10,3.62841E+10,3.63607E+10,3.64374E+10,3.65141E+10,3.65909E+10,3.66678E+10,3.67449E+10,3.68221E+10,3.68995E+10,3.69772E+10,3.7055E+10,3.7133E+10,3.72113E+10,3.72898E+10,3.73685E+10,3.74474E+10,3.75266E+10,3.76061E+10,3.76859E+10,3.77659E+10,3.78463E+10,3.7927E+10,3.80079E+10,3.80891E+10,3.81706E+10,3.82522E+10,3.8334E+10,3.84159E+10,3.84979E+10,3.858E+10,3.86621E+10,3.87443E+10,3.88264E+10,3.89086E+10,3.89907E+10,3.90727E+10,3.91547E+10,3.92366E+10,3.93185E+10,3.94003E+10,3.9482E+10,3.95636E+10,3.96451E+10,3.97266E+10,3.98081E+10,3.98895E+10,3.99709E+10,4.00523E+10,4.01336E+10,4.02148E+10,4.0296E+10,4.03773E+10,4.04586E+10,4.054E+10,4.06216E+10,4.07034E+10,4.07852E+10,4.08672E+10,4.09493E+10,4.10316E+10,4.11139E+10,4.11964E+10,4.12789E+10,4.13615E+10,4.14442E+10,4.1527E+10,4.16097E+10,4.16926E+10,4.17755E+10,4.18584E+10,4.19414E+10,4.20245E+10,4.21076E+10,4.21907E+10,4.22738E+10,4.2357E+10,4.24402E+10,4.25235E+10,4.26067E+10,4.26899E+10,4.27732E+10,4.28564E+10,4.29396E+10,4.30229E+10,4.31061E+10,4.31893E+10,4.32725E+10,4.33558E+10,4.3439E+10,4.35223E+10,4.36056E+10,4.36891E+10,4.37725E+10,4.3856E+10,4.39395E+10,4.4023E+10,4.41065E+10,4.41899E+10,4.42733E+10,4.43565E+10,4.44397E+10,4.45227E+10,4.46055E+10,4.46881E+10,4.47706E+10,4.48528E+10,4.49348E+10,4.50165E+10,4.5098E+10,4.51792E+10,4.52601E+10,4.53408E+10,4.54211E+10,4.55012E+10,4.55809E+10,4.56603E+10,4.57395E+10,4.58183E+10,4.58968E+10,4.5975E+10,4.60529E+10,4.61306E+10,4.62079E+10,4.62849E+10,4.63616E+10,4.64381E+10,4.65142E+10,4.659E+10,4.66655E+10,4.67407E+10,4.68156E+10,4.68901E+10,4.69644E+10,4.70383E+10,4.7112E+10,4.71853E+10,4.72583E+10,4.73309E+10,4.74033E+10,4.74754E+10,4.75471E+10,4.76185E+10,4.76897E+10,4.77605E+10,4.7831E+10,4.79012E+10,4.79711E+10,4.80407E+10,4.811E+10,4.8179E+10,4.82476E+10,4.8316E+10,4.83841E+10,4.84518E+10,4.85193E+10,4.85865E+10,4.86533E+10,4.87199E+10,4.87862E+10,4.88521E+10,4.89178E+10,4.89832E+10,4.90483E+10,4.9113E+10,4.91775E+10,4.92417E+10,4.93056E+10,4.93692E+10,4.94325E+10,4.94955E+10,4.95582E+10,4.96206E+10,4.96828E+10,4.97446E+10,4.98062E+10,4.98675E+10,4.99285E+10,4.99893E+10,5.00498E+10,5.01101E+10,5.01702E+10,5.02301E+10,5.02899E+10,5.03494E+10,5.04089E+10,5.04683E+10,5.05277E+10,5.05869E+10,5.06462E+10,5.07053E+10,5.07644E+10,5.08235E+10,5.08825E+10,5.09415E+10,5.10005E+10,5.10594E+10,5.11184E+10,5.11773E+10,5.12364E+10,5.12956E+10,5.13548E+10,5.14143E+10,5.14739E+10,5.15337E+10,5.15937E+10,5.16539E+10,5.17144E+10,5.17752E+10,5.18362E+10,5.18974E+10,5.19589E+10,5.20205E+10,5.20824E+10,5.21444E+10,5.22066E+10,5.22689E+10,5.23313E+10,5.23937E+10,5.24562E+10,5.25187E+10,5.25811E+10,5.26434E+10,5.27056E+10,5.27676E+10,5.28293E+10,5.28909E+10,5.29522E+10,5.30134E+10,5.30743E+10,5.31351E+10,5.31956E+10,5.3256E+10,5.33162E+10,5.33762E+10,5.34361E+10,5.34957E+10,5.35553E+10,5.36146E+10,5.36739E+10,5.37329E+10,5.37919E+10,5.38507E+10,5.39093E+10,5.39679E+10,5.40263E+10,5.40846E+10,5.41428E+10,5.42008E+10,5.42588E+10,5.43166E+10,5.43744E+10,5.4432E+10,5.44896E+10,5.4547E+10,5.46043E+10,5.46615E+10,5.47187E+10,5.47757E+10,5.48326E+10,5.48894E+10,5.49462E+10,5.50028E+10,5.50593E+10,5.51157E+10,5.5172E+10,5.52281E+10,5.52842E+10,5.53401E+10,5.5396E+10,5.54517E+10,5.55073E+10,5.55627E+10,5.5618E+10,5.56732E+10,5.57283E+10,5.57832E+10,5.5838E+10,5.58927E+10,5.59472E+10,5.60016E+10,5.60558E+10,5.61099E+10,5.61638E+10,5.62176E+10,5.62713E+10,5.63247E+10,5.63781E+10,5.64312E+10,5.64842E+10,5.65371E+10,5.65898E+10,5.66423E+10,5.66947E+10,5.67469E+10,5.67989E+10,5.68508E+10,5.69025E+10,5.6954E+10,5.70053E+10,5.70565E+10,5.71076E+10,5.71584E+10,5.72091E+10,5.72596E+10,5.73099E+10,5.736E+10,5.741E+10,5.74598E+10,5.75094E+10,5.75588E+10,5.76081E+10,5.76572E+10,5.77061E+10,5.77549E+10,5.78034E+10,5.78519E+10,5.79001E+10,5.79482E+10,5.79961E+10,5.80438E+10,5.80914E+10,5.81388E+10,5.8186E+10,5.82331E+10,5.828E+10,5.83267E+10,5.83733E+10,5.84198E+10,5.84661E+10,5.85122E+10,5.85582E+10,5.86041E+10,5.86498E+10,5.86954E+10,5.87408E+10,5.87861E+10,5.88312E+10,5.88763E+10,5.89211E+10,5.89659E+10,5.90105E+10,5.9055E+10,5.90994E+10,5.91437E+10
"Cost of GDP Cumulative[Texas]",0,0,0,0,0,0,0,0,0,0,0,0,0,0,0,0,0,0,0,0,0,6.50686E-41,1.51317E-40,2.58501E-40,9.35781E-40,3.64888E-39,7.41382E-39,1.11901E-38,1.52729E-38,0.00085947,0.0180089,0.111965,0.416632,1.16448,2.71248,5.57206,10.4464,18.2825,30.3621,48.496,75.4307,115.528,175.6,265.715,403.621,652.591,1094.57,1949.59,3555.46,6169.79,9982.99,15306.9,22546.5,32097.2,44353.4,59709.9,78570.2,101396,128948,162133,201896,249282,305534,372181,451087,544503,655145,786238,941584,1.12588E+06,1.34544E+06,1.62968E+06,2.0149E+06,2.51897E+06,3.16052E+06,3.96557E+06,4.96806E+06,6.24471E+06,7.9091E+06,1.00807E+07,1.29741E+07,1.6821E+07,2.18396E+07,2.83463E+07,3.66075E+07,4.68171E+07,5.9136E+07,7.37634E+07,9.11207E+07,1.11617E+08,1.3558E+08,1.63827E+08,1.97328E+08,2.36819E+08,2.82752E+08,3.35375E+08,3.94808E+08,4.61085E+08,5.34197E+08,6.14109E+08,7.00784E+08,7.94225E+08,8.94409E+08,1.00127E+09,1.11472E+09,1.23462E+09,1.36085E+09,1.49322E+09,1.63158E+09,1.77571E+09,1.92542E+09,2.08046E+09,2.24061E+09,2.40579E+09,2.57617E+09,2.75379E+09,2.94135E+09,3.14006E+09,3.35052E+09,3.57307E+09,3.8078E+09,4.05471E+09,4.31429E+09,4.58756E+09,4.87504E+09,5.17692E+09,5.49316E+09,5.82355E+09,6.16784E+09,6.52569E+09,6.89699E+09,7.2817E+09,7.6797E+09,8.0909E+09,8.51507E+09,8.95186E+09,9.40088E+09,9.86167E+09,1.03337E+10,1.08166E+10,1.13097E+10,1.18126E+10,1.23247E+10,1.28456E+10,1.33746E+10,1.39114E+10,1.44554E+10,1.5006E+10,1.55628E+10,1.61251E+10,1.66926E+10,1.72646E+10,1.78407E+10,1.84204E+10,1.90031E+10,1.95883E+10,2.01756E+10,2.07644E+10,2.13542E+10,2.19446E+10,2.25352E+10,2.31254E+10,2.37149E+10,2.43032E+10,2.48901E+10,2.54751E+10,2.60579E+10,2.66382E+10,2.72158E+10,2.77904E+10,2.8362E+10,2.89306E+10,2.94963E+10,3.00596E+10,3.06208E+10,3.118E+10,3.17374E+10,3.22929E+10,3.28467E+10,3.33986E+10,3.39485E+10,3.44964E+10,3.5042E+10,3.55853E+10,3.6126E+10,3.66639E+10,3.71989E+10,3.77306E+10,3.8259E+10,3.87839E+10,3.93054E+10,3.98235E+10,4.03382E+10,4.08496E+10,4.13576E+10,4.18623E+10,4.23637E+10,4.28618E+10,4.33567E+10,4.38485E+10,4.4337E+10,4.48224E+10,4.53046E+10,4.57838E+10,4.62599E+10,4.67329E+10,4.72029E+10,4.76699E+10,4.8134E+10,4.85951E+10,4.90532E+10,4.95085E+10,4.99609E+10,5.04105E+10,5.08572E+10,5.13012E+10,5.17423E+10,5.21807E+10,5.26165E+10,5.30495E+10,5.34799E+10,5.39077E+10,5.43329E+10,5.47555E+10,5.51757E+10,5.55933E+10,5.60085E+10,5.64212E+10,5.68315E+10,5.72394E+10,5.7645E+10,5.80482E+10,5.84491E+10,5.88478E+10,5.92442E+10,5.96384E+10,6.00305E+10,6.04204E+10,6.08082E+10,6.11939E+10,6.15776E+10,6.19592E+10,6.23388E+10,6.27164E+10,6.3092E+10,6.34656E+10,6.38373E+10,6.4207E+10,6.45747E+10,6.49405E+10,6.53044E+10,6.56663E+10,6.60263E+10,6.63844E+10,6.67405E+10,6.70947E+10,6.7447E+10,6.77974E+10,6.81458E+10,6.84923E+10,6.8837E+10,6.91797E+10,6.95205E+10,6.98595E+10,7.01965E+10,7.05316E+10,7.08649E+10,7.11963E+10,7.15258E+10,7.18534E+10,7.21792E+10,7.25031E+10,7.28251E+10,7.31453E+10,7.34637E+10,7.37802E+10,7.40949E+10,7.44077E+10,7.47188E+10,7.5028E+10,7.53354E+10,7.5641E+10,7.59447E+10,7.62467E+10,7.65469E+10,7.68453E+10,7.7142E+10,7.74369E+10,7.773E+10,7.80213E+10,7.8311E+10,7.85988E+10,7.8885E+10,7.91694E+10,7.94522E+10,7.97332E+10,8.00125E+10,8.02902E+10,8.05662E+10,8.08405E+10,8.11132E+10,8.13842E+10,8.16536E+10,8.19214E+10,8.21875E+10,8.24521E+10,8.2715E+10,8.29764E+10,8.32362E+10,8.34944E+10,8.3751E+10,8.40062E+10,8.42598E+10,8.45119E+10,8.47625E+10,8.50116E+10,8.52593E+10,8.55055E+10,8.57503E+10,8.59937E+10,8.62357E+10,8.64763E+10,8.67156E+10,8.69535E+10,8.71901E+10,8.74253E+10,8.76593E+10,8.7892E+10,8.81234E+10,8.83535E+10,8.85824E+10,8.88101E+10,8.90366E+10,8.92619E+10,8.94861E+10,8.97092E+10,8.99312E+10,9.01521E+10,9.0372E+10,9.0591E+10,9.0809E+10,9.10261E+10,9.12423E+10,9.14577E+10,9.16723E+10,9.18861E+10,9.20992E+10,9.23115E+10,9.25231E+10,9.27341E+10,9.29443E+10,9.31539E+10,9.33628E+10,9.3571E+10,9.37785E+10,9.39854E+10,9.41916E+10,9.43971E+10,9.46019E+10,9.48061E+10,9.50096E+10,9.52124E+10,9.54145E+10,9.5616E+10,9.58168E+10,9.60169E+10,9.62163E+10,9.64151E+10,9.66132E+10,9.68107E+10,9.70075E+10,9.72036E+10,9.73993E+10,9.7595E+10,9.77909E+10,9.79874E+10,9.81849E+10,9.83837E+10,9.85839E+10,9.87861E+10,9.89903E+10,9.91971E+10,9.94067E+10,9.96196E+10,9.98362E+10,1.00057E+11,1.00281E+11,1.0051E+11,1.00743E+11,1.00981E+11,1.01222E+11,1.01467E+11,1.01717E+11,1.01971E+11,1.02228E+11,1.02491E+11,1.02757E+11,1.03027E+11,1.03301E+11,1.03579E+11,1.03861E+11,1.04146E+11,1.04434E+11,1.04725E+11,1.05019E+11,1.05315E+11,1.05614E+11,1.05915E+11,1.06218E+11,1.06522E+11,1.06829E+11,1.07138E+11,1.07449E+11,1.07762E+11,1.08077E+11,1.08393E+11,1.08712E+11,1.09033E+11,1.09355E+11,1.09678E+11,1.10003E+11,1.10329E+11,1.10657E+11,1.10986E+11,1.11317E+11,1.11648E+11,1.11981E+11,1.12314E+11,1.12649E+11,1.12984E+11,1.13321E+11,1.13659E+11,1.13997E+11,1.14337E+11,1.14678E+11,1.15019E+11,1.15362E+11,1.15705E+11,1.16048E+11,1.16392E+11,1.16737E+11,1.17081E+11,1.17426E+11,1.1777E+11,1.18114E+11,1.18457E+11,1.18799E+11,1.1914E+11,1.19479E+11,1.19817E+11,1.20154E+11,1.20489E+11,1.20823E+11,1.21156E+11,1.21487E+11,1.21816E+11,1.22145E+11,1.22471E+11,1.22797E+11,1.23121E+11,1.23443E+11,1.23764E+11,1.24083E+11,1.24401E+11,1.24718E+11,1.25033E+11,1.25346E+11,1.25658E+11,1.25968E+11,1.26276E+11,1.26583E+11,1.26889E+11,1.27193E+11,1.27495E+11,1.27796E+11,1.28095E+11,1.28393E+11,1.2869E+11,1.28984E+11,1.29277E+11,1.29569E+11,1.29859E+11,1.30148E+11,1.30435E+11,1.3072E+11,1.31004E+11,1.31287E+11,1.31567E+11,1.31847E+11,1.32124E+11,1.32401E+11,1.32675E+11,1.32948E+11,1.3322E+11,1.3349E+11,1.33759E+11,1.34026E+11,1.34291E+11,1.34555E+11,1.34818E+11,1.35079E+11,1.35338E+11,1.35596E+11,1.35853E+11,1.36108E+11,1.36361E+11,1.36614E+11,1.36864E+11,1.37114E+11,1.37362E+11,1.37608E+11,1.37853E+11,1.38097E+11,1.3834E+11,1.38581E+11,1.3882E+11,1.39059E+11,1.39296E+11,1.39532E+11,1.39766E+11,1.39999E+11,1.40231E+11,1.40462E+11,1.40692E+11,1.4092E+11,1.41147E+11,1.41373E+11,1.41598E+11,1.41822E+11,1.42045E+11,1.42267E+11,1.42487E+11,1.42707E+11,1.42925E+11,1.43143E+11,1.4336E+11,1.43576E+11,1.43791E+11,1.44005E+11,1.44218E+11,1.4443E+11,1.44642E+11,1.44853E+11,1.45063E+11,1.45273E+11,1.45482E+11,1.4569E+11,1.45898E+11,1.46105E+11,1.46311E+11,1.46517E+11,1.46723E+11,1.46928E+11,1.47132E+11,1.47336E+11,1.47539E+11,1.47742E+11,1.47945E+11,1.48147E+11,1.48348E+11,1.48549E+11,1.48749E+11,1.48949E+11,1.49148E+11,1.49346E+11,1.49544E+11,1.49741E+11,1.49938E+11,1.50134E+11,1.50329E+11,1.50524E+11,1.50717E+11,1.50911E+11,1.51103E+11,1.51295E+11,1.51486E+11,1.51676E+11,1.51865E+11,1.52054E+11,1.52242E+11,1.52429E+11,1.52616E+11,1.52801E+11,1.52986E+11,1.5317E+11,1.53353E+11,1.53535E+11,1.53717E+11,1.53897E+11,1.54077E+11,1.54256E+11,1.54435E+11,1.54613E+11,1.5479E+11,1.54967E+11,1.55144E+11,1.55321E+11,1.55498E+11,1.55676E+11,1.55854E+11,1.56034E+11,1.56214E+11,1.56396E+11,1.56579E+11,1.56764E+11,1.5695E+11,1.57137E+11,1.57326E+11,1.57515E+11,1.57706E+11,1.57897E+11,1.58089E+11,1.58283E+11,1.58477E+11,1.58672E+11,1.58868E+11,1.59065E+11,1.59263E+11,1.59462E+11,1.59662E+11,1.59863E+11,1.60065E+11,1.60269E+11,1.60474E+11,1.6068E+11,1.60889E+11,1.611E+11,1.61314E+11,1.61532E+11,1.61754E+11,1.6198E+11,1.62212E+11,1.62448E+11,1.6269E+11,1.62938E+11,1.63192E+11,1.63453E+11,1.63722E+11,1.63997E+11,1.64281E+11,1.64571E+11,1.6487E+11,1.65176E+11,1.6549E+11,1.65812E+11,1.66143E+11,1.66481E+11,1.66827E+11,1.67181E+11,1.67543E+11,1.67913E+11,1.6829E+11,1.68676E+11,1.69069E+11,1.69469E+11,1.69877E+11,1.70291E+11,1.70712E+11,1.71139E+11,1.71572E+11,1.72011E+11,1.72454E+11,1.72902E+11,1.73354E+11,1.73809E+11,1.74269E+11,1.74731E+11,1.75195E+11,1.75663E+11,1.76132E+11,1.76603E+11,1.77075E+11,1.77549E+11,1.78024E+11,1.785E+11,1.78976E+11,1.79452E+11,1.79929E+11,1.80405E+11,1.80882E+11,1.81358E+11,1.81834E+11,1.8231E+11,1.82785E+11,1.8326E+11,1.83734E+11,1.84208E+11,1.84681E+11,1.85154E+11,1.85627E+11,1.86099E+11,1.8657E+11,1.87041E+11,1.87512E+11,1.87981E+11,1.8845E+11,1.88917E+11,1.89383E+11,1.89848E+11,1.90312E+11,1.90774E+11,1.91234E+11,1.91692E+11,1.92148E+11,1.92602E+11,1.93053E+11,1.93501E+11,1.93947E+11,1.94391E+11,1.94832E+11,1.95271E+11,1.95707E+11,1.96141E+11,1.96573E+11,1.97003E+11,1.9743E+11,1.97856E+11,1.9828E+11,1.98702E+11,1.99122E+11,1.9954E+11,1.99958E+11,2.00376E+11,2.00793E+11,2.0121E+11,2.01627E+11,2.02045E+11,2.02462E+11,2.0288E+11,2.03298E+11,2.03717E+11,2.04136E+11,2.04557E+11,2.04979E+11,2.05402E+11,2.05826E+11,2.06252E+11,2.06679E+11,2.07107E+11,2.07536E+11,2.07966E+11,2.08398E+11,2.08831E+11,2.09265E+11,2.097E+11,2.10137E+11,2.10575E+11,2.11014E+11,2.11455E+11,2.11897E+11,2.1234E+11,2.12784E+11,2.13229E+11,2.13674E+11,2.1412E+11,2.14566E+11,2.15012E+11,2.15457E+11,2.15902E+11,2.16347E+11,2.16792E+11,2.17235E+11,2.17678E+11,2.18121E+11,2.18563E+11,2.19004E+11,2.19444E+11,2.19883E+11,2.20322E+11,2.2076E+11,2.21197E+11,2.21634E+11,2.22071E+11,2.22506E+11,2.22942E+11,2.23377E+11,2.23811E+11,2.24244E+11,2.24678E+11,2.25112E+11,2.25546E+11,2.2598E+11,2.26415E+11,2.2685E+11,2.27286E+11,2.27722E+11,2.28158E+11,2.28594E+11,2.29031E+11,2.29468E+11,2.29904E+11,2.30341E+11,2.30777E+11,2.31214E+11,2.3165E+11,2.32086E+11,2.32522E+11,2.32958E+11,2.33394E+11,2.33829E+11,2.34265E+11,2.347E+11,2.35136E+11,2.35571E+11,2.36006E+11,2.36441E+11,2.36875E+11,2.3731E+11,2.37744E+11,2.38178E+11,2.38613E+11,2.39047E+11,2.39481E+11,2.39915E+11,2.40349E+11,2.40784E+11,2.41219E+11,2.41655E+11,2.42092E+11,2.42529E+11,2.42967E+11,2.43405E+11,2.43844E+11,2.44283E+11,2.44722E+11,2.45162E+11,2.45601E+11,2.4604E+11,2.46478E+11,2.46916E+11,2.47353E+11,2.47789E+11,2.48224E+11,2.48659E+11,2.49092E+11,2.49524E+11,2.49955E+11,2.50385E+11,2.50813E+11,2.51239E+11,2.51665E+11,2.52088E+11,2.52511E+11,2.52931E+11,2.5335E+11,2.53767E+11,2.54183E+11,2.54597E+11,2.5501E+11,2.5542E+11,2.55829E+11,2.56237E+11,2.56642E+11,2.57046E+11,2.57448E+11,2.57849E+11,2.58247E+11,2.58644E+11,2.5904E+11,2.59433E+11,2.59825E+11,2.60215E+11,2.60603E+11,2.60989E+11,2.61374E+11,2.61756E+11,2.62137E+11,2.62517E+11,2.62894E+11,2.6327E+11,2.63644E+11,2.64016E+11,2.64386E+11,2.64755E+11,2.65122E+11,2.65487E+11,2.6585E+11,2.66211E+11,2.66571E+11,2.66929E+11,2.67285E+11,2.67639E+11,2.67992E+11,2.68343E+11,2.68692E+11,2.69039E+11,2.69385E+11,2.69729E+11,2.70071E+11,2.70412E+11,2.70751E+11,2.71089E+11,2.71425E+11,2.71759E+11,2.72092E+11,2.72423E+11,2.72753E+11,2.73081E+11,2.73408E+11,2.73733E+11,2.74057E+11,2.74379E+11,2.747E+11,2.7502E+11,2.75339E+11,2.75656E+11,2.75972E+11,2.76288E+11,2.76603E+11,2.76917E+11,2.77231E+11,2.77544E+11,2.77857E+11,2.78171E+11,2.78484E+11,2.78797E+11,2.79111E+11,2.79425E+11,2.79739E+11,2.80053E+11,2.80367E+11,2.80682E+11,2.80997E+11,2.81313E+11,2.81629E+11,2.81947E+11,2.82265E+11,2.82585E+11,2.82907E+11,2.83229E+11,2.83554E+11,2.8388E+11,2.84208E+11,2.84538E+11,2.84869E+11,2.85203E+11,2.85538E+11,2.85875E+11,2.86214E+11,2.86554E+11,2.86896E+11,2.87238E+11,2.87581E+11,2.87925E+11,2.8827E+11,2.88614E+11,2.88959E+11,2.89304E+11,2.89648E+11,2.89991E+11,2.90333E+11,2.90673E+11,2.91012E+11,2.9135E+11,2.91687E+11,2.92022E+11,2.92356E+11,2.92689E+11,2.9302E+11,2.9335E+11,2.93678E+11,2.94006E+11,2.94332E+11,2.94656E+11,2.9498E+11,2.95302E+11,2.95623E+11,2.95942E+11,2.96261E+11,2.96578E+11,2.96894E+11,2.97209E+11,2.97523E+11,2.97835E+11,2.98147E+11,2.98458E+11,2.98767E+11,2.99076E+11,2.99384E+11,2.9969E+11,2.99996E+11,3.00301E+11,3.00605E+11,3.00909E+11,3.01211E+11,3.01513E+11,3.01814E+11,3.02114E+11,3.02413E+11,3.02712E+11,3.0301E+11,3.03307E+11,3.03603E+11,3.03899E+11,3.04195E+11,3.04489E+11,3.04783E+11,3.05076E+11,3.05369E+11,3.05661E+11,3.05953E+11,3.06243E+11,3.06533E+11,3.06823E+11,3.07112E+11,3.074E+11,3.07687E+11,3.07974E+11,3.0826E+11,3.08545E+11,3.0883E+11,3.09113E+11,3.09397E+11,3.09679E+11,3.0996E+11,3.10241E+11,3.10521E+11,3.10801E+11,3.11079E+11,3.11357E+11,3.11634E+11,3.1191E+11,3.12185E+11,3.12459E+11,3.12733E+11,3.13006E+11,3.13278E+11,3.13549E+11,3.13819E+11,3.14088E+11,3.14357E+11,3.14625E+11,3.14892E+11,3.15158E+11,3.15423E+11,3.15687E+11,3.15951E+11,3.16213E+11,3.16475E+11,3.16736E+11,3.16996E+11,3.17256E+11,3.17514E+11,3.17772E+11,3.18028E+11,3.18284E+11,3.1854E+11,3.18794E+11,3.19048E+11,3.193E+11,3.19552E+11,3.19804E+11,3.20054E+11,3.20304E+11,3.20553E+11,3.20801E+11,3.21049E+11,3.21296E+11,3.21542E+11,3.21787E+11,3.22032E+11,3.22276E+11,3.22519E+11,3.22762E+11,3.23004E+11,3.23245E+11,3.23486E+11,3.23726E+11,3.23965E+11,3.24204E+11,3.24441E+11
"Cost of GDP Cumulative[Utah]",0,0,0,0,0,0,0,0,0,0,0,0,0,0,0,0,0,0,0,0,0,6.22984E-42,0.00163568,0.0223552,0.119821,0.41595,1.12288,2.57463,5.2688,9.92306,17.5537,29.5887,48.0307,75.6914,116.528,176.123,262.369,386.423,564.072,817.664,1178.8,1692.1,2420.42,3451.97,4910.41,6971.41,9880.22,13987.1,19781.1,27922,39312.2,55396,78431.7,111461,158200,222796,309502,422277,564691,739852,950374,1.19842E+06,1.48579E+06,1.81396E+06,2.18414E+06,2.59732E+06,3.05427E+06,3.5556E+06,4.10176E+06,4.69314E+06,5.33028E+06,6.01964E+06,6.76818E+06,7.57753E+06,8.44894E+06,9.3846E+06,1.03876E+07,1.14677E+07,1.26394E+07,1.39162E+07,1.53236E+07,1.68868E+07,1.86274E+07,2.05771E+07,2.27599E+07,2.51895E+07,2.78748E+07,3.0828E+07,3.40852E+07,3.76797E+07,4.16343E+07,4.60224E+07,5.09317E+07,5.64235E+07,6.25308E+07,6.92666E+07,7.66334E+07,8.46262E+07,9.32376E+07,1.02459E+08,1.12284E+08,1.2271E+08,1.33734E+08,1.45348E+08,1.57544E+08,1.7031E+08,1.83634E+08,1.975E+08,2.11895E+08,2.26801E+08,2.42201E+08,2.58081E+08,2.74426E+08,2.91229E+08,3.08513E+08,3.26474E+08,3.45367E+08,3.65304E+08,3.86343E+08,4.08512E+08,4.31822E+08,4.56271E+08,4.81901E+08,5.08805E+08,5.37027E+08,5.66584E+08,5.97467E+08,6.29658E+08,6.63127E+08,6.97845E+08,7.33798E+08,7.70979E+08,8.09375E+08,8.48973E+08,8.89752E+08,9.31679E+08,9.74713E+08,1.01881E+09,1.06393E+09,1.11002E+09,1.15704E+09,1.20493E+09,1.25365E+09,1.30316E+09,1.35339E+09,1.40431E+09,1.45587E+09,1.50801E+09,1.56069E+09,1.61387E+09,1.66748E+09,1.72149E+09,1.77585E+09,1.83051E+09,1.88542E+09,1.94054E+09,1.99582E+09,2.05121E+09,2.10667E+09,2.16216E+09,2.21764E+09,2.27306E+09,2.32838E+09,2.38358E+09,2.4386E+09,2.49343E+09,2.54804E+09,2.60238E+09,2.65645E+09,2.71021E+09,2.76366E+09,2.81681E+09,2.86967E+09,2.92226E+09,2.97462E+09,3.02676E+09,3.07869E+09,3.13042E+09,3.18193E+09,3.23323E+09,3.2843E+09,3.33514E+09,3.38573E+09,3.43606E+09,3.4861E+09,3.53584E+09,3.58527E+09,3.63436E+09,3.68314E+09,3.73159E+09,3.77972E+09,3.82753E+09,3.87503E+09,3.92221E+09,3.96908E+09,4.01565E+09,4.0619E+09,4.10785E+09,4.1535E+09,4.19885E+09,4.24389E+09,4.28865E+09,4.3331E+09,4.37727E+09,4.42114E+09,4.46473E+09,4.50803E+09,4.55105E+09,4.59379E+09,4.63625E+09,4.67843E+09,4.72033E+09,4.76196E+09,4.80333E+09,4.84442E+09,4.88524E+09,4.92581E+09,4.96611E+09,5.00615E+09,5.04593E+09,5.08545E+09,5.12473E+09,5.16375E+09,5.20252E+09,5.24104E+09,5.27932E+09,5.31736E+09,5.35516E+09,5.39272E+09,5.43004E+09,5.46713E+09,5.50398E+09,5.54061E+09,5.57701E+09,5.61319E+09,5.64914E+09,5.68488E+09,5.72039E+09,5.75569E+09,5.79077E+09,5.82564E+09,5.86029E+09,5.89474E+09,5.92898E+09,5.96301E+09,5.99684E+09,6.03047E+09,6.06389E+09,6.09711E+09,6.13014E+09,6.16296E+09,6.19559E+09,6.22803E+09,6.26027E+09,6.29232E+09,6.32417E+09,6.35584E+09,6.38731E+09,6.41859E+09,6.44969E+09,6.4806E+09,6.51132E+09,6.54186E+09,6.57222E+09,6.60239E+09,6.63238E+09,6.66219E+09,6.69182E+09,6.72126E+09,6.75054E+09,6.77963E+09,6.80855E+09,6.83729E+09,6.86586E+09,6.89425E+09,6.92248E+09,6.95053E+09,6.97841E+09,7.00612E+09,7.03366E+09,7.06103E+09,7.08824E+09,7.11528E+09,7.14216E+09,7.16887E+09,7.19542E+09,7.2218E+09,7.24803E+09,7.27409E+09,7.3E+09,7.32574E+09,7.35133E+09,7.37677E+09,7.40204E+09,7.42717E+09,7.45214E+09,7.47695E+09,7.50162E+09,7.52613E+09,7.55049E+09,7.57471E+09,7.59878E+09,7.6227E+09,7.64647E+09,7.6701E+09,7.69358E+09,7.71692E+09,7.74012E+09,7.76318E+09,7.78609E+09,7.80887E+09,7.83151E+09,7.85401E+09,7.87638E+09,7.89861E+09,7.92071E+09,7.94268E+09,7.96452E+09,7.98623E+09,8.00781E+09,8.02926E+09,8.05058E+09,8.07178E+09,8.09286E+09,8.11381E+09,8.13464E+09,8.15535E+09,8.17593E+09,8.1964E+09,8.21675E+09,8.23699E+09,8.25711E+09,8.27711E+09,8.297E+09,8.31678E+09,8.33645E+09,8.35601E+09,8.37546E+09,8.3948E+09,8.41404E+09,8.43317E+09,8.4522E+09,8.47113E+09,8.48996E+09,8.50868E+09,8.52732E+09,8.54585E+09,8.56429E+09,8.58264E+09,8.6009E+09,8.61906E+09,8.63714E+09,8.65514E+09,8.67305E+09,8.69088E+09,8.70863E+09,8.7263E+09,8.7439E+09,8.76142E+09,8.77887E+09,8.79624E+09,8.81355E+09,8.83079E+09,8.84795E+09,8.86506E+09,8.88209E+09,8.89906E+09,8.91596E+09,8.93282E+09,8.94968E+09,8.96655E+09,8.98347E+09,9.00046E+09,9.01756E+09,9.03479E+09,9.05217E+09,9.06973E+09,9.0875E+09,9.10548E+09,9.12371E+09,9.14221E+09,9.16099E+09,9.18011E+09,9.19958E+09,9.21944E+09,9.23972E+09,9.26043E+09,9.28157E+09,9.30313E+09,9.32511E+09,9.3475E+09,9.3703E+09,9.39351E+09,9.41713E+09,9.44115E+09,9.46557E+09,9.49039E+09,9.5156E+09,9.54118E+09,9.56711E+09,9.59339E+09,9.61998E+09,9.64687E+09,9.67403E+09,9.70144E+09,9.72909E+09,9.75695E+09,9.785E+09,9.81324E+09,9.84165E+09,9.87025E+09,9.89902E+09,9.928E+09,9.95717E+09,9.98653E+09,1.00161E+10,1.00458E+10,1.00757E+10,1.01057E+10,1.01359E+10,1.01661E+10,1.01966E+10,1.02271E+10,1.02578E+10,1.02886E+10,1.03194E+10,1.03504E+10,1.03814E+10,1.04125E+10,1.04437E+10,1.0475E+10,1.05064E+10,1.05378E+10,1.05693E+10,1.06009E+10,1.06326E+10,1.06643E+10,1.06961E+10,1.07278E+10,1.07596E+10,1.07914E+10,1.08233E+10,1.0855E+10,1.08868E+10,1.09185E+10,1.095E+10,1.09815E+10,1.10128E+10,1.1044E+10,1.10751E+10,1.11059E+10,1.11366E+10,1.11671E+10,1.11975E+10,1.12277E+10,1.12577E+10,1.12875E+10,1.13172E+10,1.13467E+10,1.13761E+10,1.14053E+10,1.14343E+10,1.14631E+10,1.14918E+10,1.15204E+10,1.15488E+10,1.1577E+10,1.16051E+10,1.1633E+10,1.16607E+10,1.16883E+10,1.17157E+10,1.1743E+10,1.17702E+10,1.17971E+10,1.1824E+10,1.18506E+10,1.18771E+10,1.19035E+10,1.19297E+10,1.19558E+10,1.19817E+10,1.20075E+10,1.20331E+10,1.20586E+10,1.2084E+10,1.21092E+10,1.21342E+10,1.21591E+10,1.21839E+10,1.22085E+10,1.2233E+10,1.22573E+10,1.22815E+10,1.23055E+10,1.23295E+10,1.23532E+10,1.23769E+10,1.24004E+10,1.24237E+10,1.2447E+10,1.24701E+10,1.2493E+10,1.25159E+10,1.25385E+10,1.25611E+10,1.25835E+10,1.26058E+10,1.2628E+10,1.265E+10,1.26719E+10,1.26937E+10,1.27154E+10,1.27369E+10,1.27583E+10,1.27796E+10,1.28007E+10,1.28217E+10,1.28426E+10,1.28634E+10,1.28841E+10,1.29046E+10,1.2925E+10,1.29454E+10,1.29655E+10,1.29856E+10,1.30056E+10,1.30254E+10,1.30451E+10,1.30647E+10,1.30842E+10,1.31036E+10,1.31229E+10,1.3142E+10,1.31611E+10,1.318E+10,1.31989E+10,1.32176E+10,1.32362E+10,1.32547E+10,1.32731E+10,1.32914E+10,1.33096E+10,1.33277E+10,1.33457E+10,1.33636E+10,1.33814E+10,1.33991E+10,1.34167E+10,1.34342E+10,1.34516E+10,1.3469E+10,1.34862E+10,1.35033E+10,1.35203E+10,1.35372E+10,1.35541E+10,1.35708E+10,1.35875E+10,1.36041E+10,1.36206E+10,1.3637E+10,1.36533E+10,1.36695E+10,1.36856E+10,1.37017E+10,1.37177E+10,1.37336E+10,1.37494E+10,1.37651E+10,1.37808E+10,1.37963E+10,1.38118E+10,1.38273E+10,1.38426E+10,1.38579E+10,1.38731E+10,1.38882E+10,1.39033E+10,1.39183E+10,1.39332E+10,1.39481E+10,1.39629E+10,1.39776E+10,1.39922E+10,1.40068E+10,1.40214E+10,1.40358E+10,1.40502E+10,1.40646E+10,1.40789E+10,1.40932E+10,1.41075E+10,1.41219E+10,1.41362E+10,1.41506E+10,1.4165E+10,1.41795E+10,1.41941E+10,1.42088E+10,1.42236E+10,1.42385E+10,1.42536E+10,1.42689E+10,1.42844E+10,1.43E+10,1.43157E+10,1.43316E+10,1.43476E+10,1.43637E+10,1.43799E+10,1.43963E+10,1.44127E+10,1.44292E+10,1.44459E+10,1.44626E+10,1.44794E+10,1.44963E+10,1.45133E+10,1.45304E+10,1.45476E+10,1.45648E+10,1.45822E+10,1.45997E+10,1.46173E+10,1.4635E+10,1.46529E+10,1.46711E+10,1.46895E+10,1.47083E+10,1.47274E+10,1.47469E+10,1.47668E+10,1.47871E+10,1.48079E+10,1.48293E+10,1.48512E+10,1.48738E+10,1.4897E+10,1.49209E+10,1.49455E+10,1.49708E+10,1.49969E+10,1.50238E+10,1.50514E+10,1.50799E+10,1.51091E+10,1.51392E+10,1.517E+10,1.52017E+10,1.52342E+10,1.52675E+10,1.53016E+10,1.53365E+10,1.53722E+10,1.54087E+10,1.54459E+10,1.54838E+10,1.55224E+10,1.55616E+10,1.56015E+10,1.56419E+10,1.56828E+10,1.57242E+10,1.5766E+10,1.58083E+10,1.5851E+10,1.5894E+10,1.59373E+10,1.5981E+10,1.60249E+10,1.6069E+10,1.61134E+10,1.6158E+10,1.62027E+10,1.62476E+10,1.62926E+10,1.63378E+10,1.6383E+10,1.64283E+10,1.64737E+10,1.65192E+10,1.65647E+10,1.66103E+10,1.66559E+10,1.67015E+10,1.67472E+10,1.67929E+10,1.68387E+10,1.68846E+10,1.69304E+10,1.69763E+10,1.70223E+10,1.70682E+10,1.71142E+10,1.71601E+10,1.7206E+10,1.72519E+10,1.72977E+10,1.73435E+10,1.73892E+10,1.74348E+10,1.74802E+10,1.75256E+10,1.75707E+10,1.76157E+10,1.76605E+10,1.77051E+10,1.77495E+10,1.77937E+10,1.78377E+10,1.78815E+10,1.79251E+10,1.79684E+10,1.80116E+10,1.80546E+10,1.80975E+10,1.81401E+10,1.81825E+10,1.82248E+10,1.82669E+10,1.8309E+10,1.83511E+10,1.83931E+10,1.84351E+10,1.84771E+10,1.85191E+10,1.85611E+10,1.8603E+10,1.8645E+10,1.86871E+10,1.87292E+10,1.87714E+10,1.88137E+10,1.88561E+10,1.88986E+10,1.89412E+10,1.8984E+10,1.90268E+10,1.90697E+10,1.91128E+10,1.91559E+10,1.91992E+10,1.92425E+10,1.9286E+10,1.93297E+10,1.93735E+10,1.94174E+10,1.94614E+10,1.95056E+10,1.95499E+10,1.95943E+10,1.96388E+10,1.96834E+10,1.9728E+10,1.97726E+10,1.98173E+10,1.9862E+10,1.99067E+10,1.99513E+10,1.9996E+10,2.00406E+10,2.00852E+10,2.01298E+10,2.01743E+10,2.02188E+10,2.02633E+10,2.03077E+10,2.0352E+10,2.03964E+10,2.04407E+10,2.0485E+10,2.05293E+10,2.05736E+10,2.06178E+10,2.06621E+10,2.07063E+10,2.07505E+10,2.07947E+10,2.0839E+10,2.08833E+10,2.09277E+10,2.09721E+10,2.10167E+10,2.10613E+10,2.11059E+10,2.11507E+10,2.11954E+10,2.12403E+10,2.12852E+10,2.13301E+10,2.1375E+10,2.142E+10,2.1465E+10,2.15101E+10,2.15551E+10,2.16002E+10,2.16453E+10,2.16905E+10,2.17356E+10,2.17808E+10,2.18259E+10,2.18711E+10,2.19163E+10,2.19614E+10,2.20066E+10,2.20517E+10,2.20968E+10,2.21419E+10,2.2187E+10,2.2232E+10,2.2277E+10,2.23219E+10,2.23669E+10,2.24117E+10,2.24566E+10,2.25014E+10,2.25463E+10,2.25911E+10,2.2636E+10,2.26808E+10,2.27256E+10,2.27703E+10,2.2815E+10,2.28597E+10,2.29043E+10,2.29488E+10,2.29931E+10,2.30374E+10,2.30816E+10,2.31256E+10,2.31695E+10,2.32133E+10,2.32568E+10,2.33003E+10,2.33435E+10,2.33866E+10,2.34295E+10,2.34721E+10,2.35147E+10,2.3557E+10,2.35991E+10,2.3641E+10,2.36827E+10,2.37241E+10,2.37654E+10,2.38065E+10,2.38473E+10,2.38879E+10,2.39284E+10,2.39686E+10,2.40086E+10,2.40484E+10,2.40879E+10,2.41273E+10,2.41665E+10,2.42054E+10,2.42442E+10,2.42827E+10,2.4321E+10,2.43591E+10,2.43971E+10,2.44348E+10,2.44723E+10,2.45096E+10,2.45467E+10,2.45836E+10,2.46202E+10,2.46567E+10,2.4693E+10,2.47291E+10,2.4765E+10,2.48007E+10,2.48362E+10,2.48715E+10,2.49066E+10,2.49415E+10,2.49762E+10,2.50108E+10,2.50451E+10,2.50793E+10,2.51132E+10,2.5147E+10,2.51806E+10,2.5214E+10,2.52472E+10,2.52802E+10,2.53131E+10,2.53458E+10,2.53783E+10,2.54106E+10,2.54427E+10,2.54747E+10,2.55065E+10,2.55381E+10,2.55696E+10,2.56008E+10,2.56319E+10,2.56629E+10,2.56937E+10,2.57243E+10,2.57548E+10,2.57851E+10,2.58152E+10,2.58452E+10,2.58751E+10,2.59048E+10,2.59344E+10,2.5964E+10,2.59934E+10,2.60228E+10,2.60521E+10,2.60813E+10,2.61105E+10,2.61397E+10,2.61688E+10,2.61979E+10,2.6227E+10,2.62561E+10,2.62851E+10,2.63141E+10,2.63431E+10,2.63721E+10,2.64011E+10,2.64301E+10,2.64592E+10,2.64884E+10,2.65176E+10,2.65469E+10,2.65763E+10,2.66059E+10,2.66357E+10,2.66656E+10,2.66956E+10,2.67259E+10,2.67564E+10,2.6787E+10,2.68178E+10,2.68487E+10,2.68798E+10,2.6911E+10,2.69423E+10,2.69737E+10,2.70051E+10,2.70367E+10,2.70683E+10,2.70999E+10,2.71315E+10,2.7163E+10,2.71945E+10,2.72259E+10,2.72571E+10,2.72883E+10,2.73193E+10,2.73502E+10,2.7381E+10,2.74117E+10,2.74422E+10,2.74726E+10,2.75029E+10,2.75331E+10,2.75631E+10,2.75931E+10,2.76229E+10,2.76527E+10,2.76823E+10,2.77118E+10,2.77413E+10,2.77706E+10,2.77998E+10,2.78289E+10,2.7858E+10,2.78869E+10,2.79158E+10,2.79445E+10,2.79732E+10,2.80018E+10,2.80303E+10,2.80587E+10,2.80871E+10,2.81153E+10,2.81435E+10,2.81716E+10,2.81996E+10,2.82276E+10,2.82555E+10,2.82833E+10,2.8311E+10,2.83387E+10,2.83662E+10,2.83938E+10,2.84212E+10,2.84486E+10,2.84758E+10,2.85031E+10,2.85302E+10,2.85573E+10,2.85842E+10,2.86112E+10,2.8638E+10,2.86648E+10,2.86915E+10,2.87181E+10,2.87446E+10,2.87711E+10,2.87974E+10,2.88237E+10,2.88499E+10,2.88761E+10,2.89021E+10,2.89281E+10,2.8954E+10,2.89798E+10,2.90055E+10,2.90311E+10,2.90566E+10,2.90821E+10,2.91074E+10,2.91327E+10,2.91579E+10,2.9183E+10,2.9208E+10,2.92329E+10,2.92577E+10,2.92824E+10,2.9307E+10,2.93316E+10,2.9356E+10,2.93804E+10,2.94046E+10,2.94288E+10,2.94529E+10,2.94769E+10,2.95007E+10,2.95245E+10,2.95482E+10,2.95718E+10,2.95953E+10,2.96188E+10,2.96421E+10,2.96653E+10,2.96884E+10,2.97115E+10,2.97344E+10,2.97573E+10,2.97801E+10,2.98027E+10,2.98253E+10,2.98478E+10,2.98702E+10,2.98925E+10,2.99148E+10,2.99369E+10,2.9959E+10,2.9981E+10,3.00029E+10,3.00247E+10,3.00464E+10,3.00681E+10,3.00896E+10,3.01111E+10,3.01325E+10,3.01539E+10,3.01751E+10,3.01963E+10,3.02174E+10,3.02384E+10,3.02594E+10,3.02803E+10,3.03011E+10,3.03218E+10
"Cost of GDP Cumulative[Vermont]",0,0,0,0,0,0,0,0,0,0,0,0,0,0,0,0,0,0,0,0,0,1.07901E-42,2.50923E-42,4.28654E-42,1.55153E-41,6.04923E-41,1.22906E-40,1.85507E-40,2.53189E-40,3.28323E-40,4.54797E-40,6.23678E-40,7.91425E-40,1.08638E-39,1.45564E-39,1.82429E-39,2.1002E-06,8.3253E-05,0.00111153,0.0137798,0.0873219,0.345829,1.02572,2.5149,5.45952,11.4361,22.5692,43.588,81.5943,142.919,233.514,362.314,541.1,783.259,1104.56,1524.05,2065.36,2759.16,3649.24,4792.55,6260.49,8144.01,10560.9,13664.5,17653.4,22782.6,29375,37831.6,48638.8,62377.2,79727,101796,129817,164697,207305,258569,319458,391544,476885,577504,696852,838507,1.00567E+06,1.20301E+06,1.4342E+06,1.70157E+06,2.00675E+06,2.35183E+06,2.74241E+06,3.18375E+06,3.6796E+06,4.24163E+06,4.88401E+06,5.617E+06,6.44637E+06,7.37472E+06,8.40286E+06,9.5304E+06,1.07565E+07,1.20802E+07,1.35007E+07,1.50179E+07,1.66317E+07,1.83412E+07,2.01452E+07,2.20421E+07,2.40301E+07,2.61072E+07,2.82708E+07,3.05186E+07,3.2848E+07,3.52568E+07,3.77428E+07,4.03055E+07,4.2949E+07,4.57077E+07,4.86268E+07,5.17268E+07,5.50179E+07,5.85057E+07,6.21922E+07,6.60775E+07,7.01699E+07,7.44863E+07,7.90358E+07,8.38214E+07,8.88426E+07,9.40962E+07,9.95779E+07,1.05282E+08,1.11208E+08,1.17354E+08,1.23718E+08,1.303E+08,1.37096E+08,1.441E+08,1.51305E+08,1.58704E+08,1.6629E+08,1.74053E+08,1.81986E+08,1.9008E+08,1.98326E+08,2.06717E+08,2.15244E+08,2.23898E+08,2.32671E+08,2.41554E+08,2.50539E+08,2.59617E+08,2.68779E+08,2.78017E+08,2.87323E+08,2.96688E+08,3.06103E+08,3.15561E+08,3.25053E+08,3.3457E+08,3.44105E+08,3.5365E+08,3.63198E+08,3.72741E+08,3.82273E+08,3.91786E+08,4.01275E+08,4.10734E+08,4.20157E+08,4.2954E+08,4.38878E+08,4.48167E+08,4.57407E+08,4.66598E+08,4.75743E+08,4.84847E+08,4.93917E+08,5.02955E+08,5.11962E+08,5.2094E+08,5.29889E+08,5.38806E+08,5.47692E+08,5.56543E+08,5.65358E+08,5.74133E+08,5.82867E+08,5.91554E+08,6.00193E+08,6.08779E+08,6.17309E+08,6.25782E+08,6.34198E+08,6.42559E+08,6.50863E+08,6.59112E+08,6.67305E+08,6.75444E+08,6.83528E+08,6.91559E+08,6.99535E+08,7.07458E+08,7.15328E+08,7.23146E+08,7.30911E+08,7.38624E+08,7.46286E+08,7.53896E+08,7.61456E+08,7.68965E+08,7.76423E+08,7.83832E+08,7.91191E+08,7.98501E+08,8.05762E+08,8.12974E+08,8.20138E+08,8.27255E+08,8.34323E+08,8.41344E+08,8.48318E+08,8.55246E+08,8.62127E+08,8.68962E+08,8.75751E+08,8.82495E+08,8.89194E+08,8.95848E+08,9.02457E+08,9.09022E+08,9.15543E+08,9.22021E+08,9.28455E+08,9.34846E+08,9.41194E+08,9.475E+08,9.53764E+08,9.59985E+08,9.66165E+08,9.72304E+08,9.78402E+08,9.84458E+08,9.90475E+08,9.96451E+08,1.00239E+09,1.00828E+09,1.01414E+09,1.01996E+09,1.02574E+09,1.03148E+09,1.03718E+09,1.04284E+09,1.04847E+09,1.05406E+09,1.05961E+09,1.06512E+09,1.0706E+09,1.07604E+09,1.08144E+09,1.08681E+09,1.09214E+09,1.09744E+09,1.1027E+09,1.10792E+09,1.11312E+09,1.11827E+09,1.12339E+09,1.12848E+09,1.13354E+09,1.13856E+09,1.14354E+09,1.1485E+09,1.15342E+09,1.1583E+09,1.16316E+09,1.16798E+09,1.17277E+09,1.17753E+09,1.18226E+09,1.18695E+09,1.19162E+09,1.19625E+09,1.20085E+09,1.20542E+09,1.20996E+09,1.21447E+09,1.21896E+09,1.22341E+09,1.22783E+09,1.23222E+09,1.23658E+09,1.24092E+09,1.24522E+09,1.2495E+09,1.25375E+09,1.25797E+09,1.26216E+09,1.26633E+09,1.27046E+09,1.27457E+09,1.27866E+09,1.28271E+09,1.28674E+09,1.29074E+09,1.29472E+09,1.29867E+09,1.30259E+09,1.30649E+09,1.31036E+09,1.31421E+09,1.31803E+09,1.32183E+09,1.3256E+09,1.32935E+09,1.33307E+09,1.33677E+09,1.34045E+09,1.3441E+09,1.34773E+09,1.35133E+09,1.35491E+09,1.35847E+09,1.362E+09,1.36552E+09,1.36901E+09,1.37247E+09,1.37592E+09,1.37934E+09,1.38274E+09,1.38612E+09,1.38948E+09,1.39282E+09,1.39613E+09,1.39943E+09,1.4027E+09,1.40596E+09,1.40919E+09,1.41241E+09,1.4156E+09,1.41878E+09,1.42193E+09,1.42507E+09,1.42819E+09,1.43129E+09,1.43437E+09,1.43743E+09,1.44047E+09,1.4435E+09,1.44651E+09,1.4495E+09,1.45247E+09,1.45543E+09,1.45837E+09,1.46129E+09,1.46419E+09,1.46708E+09,1.46995E+09,1.4728E+09,1.47564E+09,1.47846E+09,1.48126E+09,1.48405E+09,1.48682E+09,1.48957E+09,1.49231E+09,1.49503E+09,1.49774E+09,1.50043E+09,1.50311E+09,1.50576E+09,1.50841E+09,1.51104E+09,1.51365E+09,1.51625E+09,1.51883E+09,1.52141E+09,1.52399E+09,1.52657E+09,1.52917E+09,1.53178E+09,1.53441E+09,1.53706E+09,1.53974E+09,1.54246E+09,1.54522E+09,1.54803E+09,1.55089E+09,1.55381E+09,1.55679E+09,1.55984E+09,1.56295E+09,1.56612E+09,1.56935E+09,1.57265E+09,1.57601E+09,1.57943E+09,1.58291E+09,1.58645E+09,1.59006E+09,1.59373E+09,1.59745E+09,1.60124E+09,1.60507E+09,1.60896E+09,1.61289E+09,1.61686E+09,1.62088E+09,1.62492E+09,1.62901E+09,1.63312E+09,1.63725E+09,1.64142E+09,1.64561E+09,1.64983E+09,1.65407E+09,1.65834E+09,1.66264E+09,1.66697E+09,1.67132E+09,1.6757E+09,1.68009E+09,1.68451E+09,1.68894E+09,1.69339E+09,1.69786E+09,1.70235E+09,1.70685E+09,1.71136E+09,1.71589E+09,1.72042E+09,1.72497E+09,1.72953E+09,1.7341E+09,1.73868E+09,1.74327E+09,1.74787E+09,1.75249E+09,1.75711E+09,1.76173E+09,1.76637E+09,1.771E+09,1.77564E+09,1.78027E+09,1.78491E+09,1.78954E+09,1.79416E+09,1.79876E+09,1.80335E+09,1.80792E+09,1.81247E+09,1.81699E+09,1.82148E+09,1.82595E+09,1.83038E+09,1.83479E+09,1.83918E+09,1.84353E+09,1.84786E+09,1.85216E+09,1.85643E+09,1.86068E+09,1.8649E+09,1.8691E+09,1.87327E+09,1.87741E+09,1.88153E+09,1.88562E+09,1.88969E+09,1.89373E+09,1.89775E+09,1.90174E+09,1.90571E+09,1.90965E+09,1.91357E+09,1.91746E+09,1.92133E+09,1.92518E+09,1.929E+09,1.9328E+09,1.93658E+09,1.94033E+09,1.94406E+09,1.94777E+09,1.95145E+09,1.95511E+09,1.95875E+09,1.96237E+09,1.96597E+09,1.96954E+09,1.97309E+09,1.97662E+09,1.98013E+09,1.98361E+09,1.98708E+09,1.99052E+09,1.99394E+09,1.99735E+09,2.00073E+09,2.00409E+09,2.00743E+09,2.01075E+09,2.01405E+09,2.01733E+09,2.02059E+09,2.02383E+09,2.02705E+09,2.03025E+09,2.03343E+09,2.03659E+09,2.03974E+09,2.04286E+09,2.04597E+09,2.04906E+09,2.05212E+09,2.05518E+09,2.05821E+09,2.06122E+09,2.06422E+09,2.0672E+09,2.07016E+09,2.0731E+09,2.07602E+09,2.07893E+09,2.08182E+09,2.08469E+09,2.08755E+09,2.09039E+09,2.09321E+09,2.09602E+09,2.09881E+09,2.10158E+09,2.10434E+09,2.10708E+09,2.1098E+09,2.11251E+09,2.1152E+09,2.11787E+09,2.12053E+09,2.12318E+09,2.12581E+09,2.12842E+09,2.13102E+09,2.1336E+09,2.13617E+09,2.13872E+09,2.14125E+09,2.14378E+09,2.14628E+09,2.14878E+09,2.15125E+09,2.15371E+09,2.15616E+09,2.1586E+09,2.16102E+09,2.16342E+09,2.16581E+09,2.16819E+09,2.17055E+09,2.1729E+09,2.17523E+09,2.17756E+09,2.17986E+09,2.18216E+09,2.18444E+09,2.1867E+09,2.18896E+09,2.1912E+09,2.19342E+09,2.19564E+09,2.19784E+09,2.20003E+09,2.2022E+09,2.20436E+09,2.20651E+09,2.20865E+09,2.21077E+09,2.21288E+09,2.21498E+09,2.21707E+09,2.21914E+09,2.2212E+09,2.22325E+09,2.22528E+09,2.22731E+09,2.22932E+09,2.23132E+09,2.23331E+09,2.23529E+09,2.23725E+09,2.23921E+09,2.24115E+09,2.24308E+09,2.24501E+09,2.24692E+09,2.24883E+09,2.25073E+09,2.25263E+09,2.25454E+09,2.25644E+09,2.25836E+09,2.26029E+09,2.26224E+09,2.2642E+09,2.26618E+09,2.2682E+09,2.27023E+09,2.2723E+09,2.27439E+09,2.2765E+09,2.27864E+09,2.2808E+09,2.28298E+09,2.28518E+09,2.28739E+09,2.28963E+09,2.29189E+09,2.29416E+09,2.29645E+09,2.29876E+09,2.30108E+09,2.30342E+09,2.30578E+09,2.30816E+09,2.31055E+09,2.31297E+09,2.31541E+09,2.31786E+09,2.32035E+09,2.32286E+09,2.32543E+09,2.32804E+09,2.33072E+09,2.33345E+09,2.33625E+09,2.33913E+09,2.34207E+09,2.34511E+09,2.34824E+09,2.35146E+09,2.35479E+09,2.35822E+09,2.36177E+09,2.36542E+09,2.36919E+09,2.37307E+09,2.37708E+09,2.3812E+09,2.38544E+09,2.3898E+09,2.39429E+09,2.3989E+09,2.40363E+09,2.40848E+09,2.41345E+09,2.41855E+09,2.42376E+09,2.42909E+09,2.43453E+09,2.44009E+09,2.44574E+09,2.4515E+09,2.45734E+09,2.46327E+09,2.46929E+09,2.47537E+09,2.48152E+09,2.48773E+09,2.494E+09,2.50032E+09,2.50668E+09,2.51309E+09,2.51953E+09,2.526E+09,2.5325E+09,2.53902E+09,2.54556E+09,2.55212E+09,2.55869E+09,2.56527E+09,2.57185E+09,2.57844E+09,2.58504E+09,2.59163E+09,2.59822E+09,2.60482E+09,2.61141E+09,2.61799E+09,2.62457E+09,2.63115E+09,2.63773E+09,2.64431E+09,2.65088E+09,2.65745E+09,2.66402E+09,2.67059E+09,2.67714E+09,2.6837E+09,2.69024E+09,2.69677E+09,2.70329E+09,2.70979E+09,2.71627E+09,2.72274E+09,2.72918E+09,2.73559E+09,2.74197E+09,2.74832E+09,2.75464E+09,2.76091E+09,2.76716E+09,2.77336E+09,2.77954E+09,2.78568E+09,2.79178E+09,2.79785E+09,2.80389E+09,2.8099E+09,2.81587E+09,2.82181E+09,2.82773E+09,2.83361E+09,2.83946E+09,2.84529E+09,2.8511E+09,2.8569E+09,2.86269E+09,2.86848E+09,2.87426E+09,2.88004E+09,2.88582E+09,2.89159E+09,2.89737E+09,2.90315E+09,2.90894E+09,2.91474E+09,2.92055E+09,2.92638E+09,2.93223E+09,2.9381E+09,2.94398E+09,2.94988E+09,2.9558E+09,2.96174E+09,2.9677E+09,2.97367E+09,2.97967E+09,2.98569E+09,2.99173E+09,2.9978E+09,3.0039E+09,3.01002E+09,3.01617E+09,3.02234E+09,3.02853E+09,3.03473E+09,3.04095E+09,3.04718E+09,3.05342E+09,3.05967E+09,3.06592E+09,3.07217E+09,3.07842E+09,3.08468E+09,3.09093E+09,3.09718E+09,3.10343E+09,3.10968E+09,3.11593E+09,3.12217E+09,3.12841E+09,3.13465E+09,3.14089E+09,3.14713E+09,3.15337E+09,3.15962E+09,3.16586E+09,3.17211E+09,3.17836E+09,3.18461E+09,3.19087E+09,3.19713E+09,3.20341E+09,3.2097E+09,3.21601E+09,3.22234E+09,3.22868E+09,3.23504E+09,3.24142E+09,3.24781E+09,3.25422E+09,3.26064E+09,3.26708E+09,3.27353E+09,3.28E+09,3.28648E+09,3.29297E+09,3.29947E+09,3.30599E+09,3.31252E+09,3.31907E+09,3.32563E+09,3.33221E+09,3.33879E+09,3.3454E+09,3.35201E+09,3.35864E+09,3.36527E+09,3.37192E+09,3.37858E+09,3.38525E+09,3.39192E+09,3.39861E+09,3.4053E+09,3.412E+09,3.4187E+09,3.42542E+09,3.43214E+09,3.43887E+09,3.44562E+09,3.45237E+09,3.45914E+09,3.46592E+09,3.47271E+09,3.4795E+09,3.48631E+09,3.49311E+09,3.49992E+09,3.50672E+09,3.51352E+09,3.52032E+09,3.52711E+09,3.53388E+09,3.54065E+09,3.54741E+09,3.55415E+09,3.56087E+09,3.56758E+09,3.57427E+09,3.58095E+09,3.5876E+09,3.59423E+09,3.60084E+09,3.60742E+09,3.61398E+09,3.62051E+09,3.62702E+09,3.63351E+09,3.63997E+09,3.64641E+09,3.65282E+09,3.6592E+09,3.66557E+09,3.6719E+09,3.67821E+09,3.68449E+09,3.69074E+09,3.69697E+09,3.70317E+09,3.70934E+09,3.71548E+09,3.7216E+09,3.72768E+09,3.73374E+09,3.73977E+09,3.74578E+09,3.75175E+09,3.7577E+09,3.76362E+09,3.76951E+09,3.77537E+09,3.78121E+09,3.78701E+09,3.79278E+09,3.79852E+09,3.80424E+09,3.80993E+09,3.81558E+09,3.82121E+09,3.82681E+09,3.83238E+09,3.83792E+09,3.84343E+09,3.84891E+09,3.85437E+09,3.85979E+09,3.86519E+09,3.87056E+09,3.8759E+09,3.88121E+09,3.8865E+09,3.89175E+09,3.89698E+09,3.90219E+09,3.90736E+09,3.9125E+09,3.91762E+09,3.92271E+09,3.92777E+09,3.93281E+09,3.93781E+09,3.94279E+09,3.94774E+09,3.95266E+09,3.95756E+09,3.96243E+09,3.96727E+09,3.97209E+09,3.97688E+09,3.98165E+09,3.9864E+09,3.99113E+09,3.99585E+09,4.00054E+09,4.00523E+09,4.0099E+09,4.01457E+09,4.01922E+09,4.02387E+09,4.0285E+09,4.03313E+09,4.03775E+09,4.04236E+09,4.04697E+09,4.05156E+09,4.05616E+09,4.06074E+09,4.06533E+09,4.06991E+09,4.0745E+09,4.0791E+09,4.0837E+09,4.08832E+09,4.09294E+09,4.09758E+09,4.10224E+09,4.10691E+09,4.1116E+09,4.11631E+09,4.12103E+09,4.12576E+09,4.13051E+09,4.13527E+09,4.14004E+09,4.14482E+09,4.1496E+09,4.15438E+09,4.15917E+09,4.16395E+09,4.16872E+09,4.17348E+09,4.17823E+09,4.18295E+09,4.18765E+09,4.19233E+09,4.19698E+09,4.2016E+09,4.2062E+09,4.21077E+09,4.21531E+09,4.21983E+09,4.22432E+09,4.22879E+09,4.23324E+09,4.23766E+09,4.24206E+09,4.24643E+09,4.25078E+09,4.2551E+09,4.25941E+09,4.26369E+09,4.26795E+09,4.27218E+09,4.2764E+09,4.28059E+09,4.28477E+09,4.28893E+09,4.29306E+09,4.29718E+09,4.30128E+09,4.30536E+09,4.30943E+09,4.31347E+09,4.3175E+09,4.32152E+09,4.32552E+09,4.3295E+09,4.33347E+09,4.33742E+09,4.34136E+09,4.34529E+09,4.3492E+09,4.3531E+09,4.35698E+09,4.36085E+09,4.36472E+09,4.36856E+09,4.3724E+09,4.37623E+09,4.38004E+09,4.38384E+09,4.38764E+09,4.39142E+09,4.3952E+09,4.39896E+09,4.40271E+09,4.40646E+09,4.41019E+09,4.41392E+09,4.41763E+09,4.42134E+09,4.42503E+09,4.42872E+09,4.43239E+09,4.43606E+09,4.43972E+09,4.44337E+09,4.447E+09,4.45063E+09,4.45425E+09,4.45785E+09,4.46145E+09,4.46504E+09,4.46861E+09,4.47218E+09,4.47573E+09,4.47927E+09,4.48281E+09,4.48633E+09,4.48983E+09,4.49333E+09,4.49681E+09,4.50028E+09,4.50374E+09,4.50719E+09,4.51062E+09,4.51404E+09,4.51744E+09,4.52083E+09,4.52421E+09,4.52757E+09,4.53092E+09,4.53426E+09,4.53758E+09,4.54089E+09,4.54418E+09,4.54746E+09,4.55072E+09,4.55397E+09,4.55721E+09,4.56043E+09,4.56363E+09,4.56683E+09,4.57E+09,4.57317E+09,4.57632E+09,4.57945E+09,4.58257E+09,4.58568E+09,4.58877E+09,4.59185E+09,4.59491E+09,4.59796E+09,4.60099E+09,4.60402E+09,4.60702E+09,4.61001E+09,4.61299E+09,4.61596E+09,4.61891E+09,4.62184E+09,4.62477E+09,4.62767E+09,4.63057E+09
"Cost of GDP Cumulative[Virginia]",0,0,0,0,0,0,0,0,0,0,0,0,0,0,0,0,0,0,0,0,0,1.76628E-41,4.10749E-41,7.01692E-41,2.53999E-40,9.90369E-40,2.01222E-39,3.03714E-39,4.14526E-39,5.37542E-39,7.44632E-39,1.02117E-38,3.35253E-05,0.0040281,0.039413,0.182356,0.579723,1.47112,3.21972,6.37226,11.7771,20.7758,35.4323,58.7494,95.866,164.321,286.77,523.367,966.26,1685.9,2734.57,4197.54,6185.45,8806.48,12168.7,16380.5,21552.5,27811,35362.8,44453.8,55340.1,68302.8,83676.8,101871,123385,148819,178894,214464,256529,306317,365487,441952,545500,680946,853336,1.06977E+06,1.33957E+06,1.68373E+06,2.13337E+06,2.72138E+06,3.50664E+06,4.55288E+06,5.92061E+06,7.69729E+06,9.95704E+06,1.27539E+07,1.61319E+07,2.01442E+07,2.49018E+07,3.05098E+07,3.70486E+07,4.47279E+07,5.37975E+07,6.44417E+07,7.67702E+07,9.0839E+07,1.06674E+08,1.24278E+08,1.43649E+08,1.64778E+08,1.87658E+08,2.12296E+08,2.38692E+08,2.66836E+08,2.96712E+08,3.28295E+08,3.61556E+08,3.96461E+08,4.3297E+08,4.71041E+08,5.10632E+08,5.51695E+08,5.94171E+08,6.38033E+08,6.83331E+08,7.30618E+08,7.80623E+08,8.33677E+08,8.89944E+08,9.49515E+08,1.01242E+09,1.07866E+09,1.14837E+09,1.22182E+09,1.29917E+09,1.38045E+09,1.46566E+09,1.55475E+09,1.64764E+09,1.74423E+09,1.84451E+09,1.94847E+09,2.05606E+09,2.16725E+09,2.282E+09,2.40021E+09,2.52176E+09,2.64653E+09,2.7744E+09,2.90521E+09,3.03885E+09,3.17516E+09,3.31401E+09,3.45525E+09,3.59875E+09,3.74437E+09,3.89197E+09,4.04139E+09,4.19251E+09,4.34517E+09,4.49924E+09,4.65457E+09,4.81103E+09,4.96848E+09,5.12677E+09,5.28577E+09,5.44533E+09,5.60533E+09,5.76563E+09,5.9261E+09,6.08663E+09,6.24708E+09,6.40735E+09,6.56734E+09,6.72692E+09,6.88602E+09,7.04454E+09,7.2024E+09,7.35953E+09,7.51587E+09,7.6714E+09,7.82612E+09,7.98009E+09,8.13341E+09,8.28615E+09,8.43837E+09,8.59011E+09,8.74135E+09,8.89211E+09,9.04236E+09,9.19209E+09,9.34126E+09,9.48982E+09,9.63774E+09,9.78496E+09,9.93143E+09,1.00771E+10,1.02219E+10,1.03658E+10,1.05087E+10,1.06507E+10,1.07918E+10,1.09319E+10,1.10712E+10,1.12095E+10,1.13469E+10,1.14834E+10,1.1619E+10,1.17538E+10,1.18876E+10,1.20206E+10,1.21527E+10,1.22839E+10,1.24143E+10,1.25438E+10,1.26725E+10,1.28003E+10,1.29273E+10,1.30535E+10,1.31788E+10,1.33033E+10,1.3427E+10,1.35498E+10,1.36719E+10,1.37932E+10,1.39137E+10,1.40333E+10,1.41523E+10,1.42704E+10,1.43877E+10,1.45043E+10,1.46202E+10,1.47352E+10,1.48496E+10,1.49632E+10,1.5076E+10,1.51881E+10,1.52995E+10,1.54102E+10,1.55201E+10,1.56294E+10,1.57379E+10,1.58457E+10,1.59529E+10,1.60593E+10,1.61651E+10,1.62702E+10,1.63746E+10,1.64784E+10,1.65814E+10,1.66839E+10,1.67857E+10,1.68868E+10,1.69873E+10,1.70871E+10,1.71863E+10,1.72849E+10,1.73829E+10,1.74802E+10,1.75769E+10,1.7673E+10,1.77685E+10,1.78634E+10,1.79578E+10,1.80515E+10,1.81446E+10,1.82371E+10,1.83291E+10,1.84205E+10,1.85113E+10,1.86015E+10,1.86912E+10,1.87803E+10,1.88688E+10,1.89568E+10,1.90443E+10,1.91312E+10,1.92176E+10,1.93034E+10,1.93887E+10,1.94734E+10,1.95577E+10,1.96414E+10,1.97245E+10,1.98072E+10,1.98893E+10,1.9971E+10,2.00521E+10,2.01327E+10,2.02129E+10,2.02925E+10,2.03716E+10,2.04502E+10,2.05284E+10,2.0606E+10,2.06832E+10,2.07599E+10,2.08361E+10,2.09119E+10,2.09871E+10,2.10619E+10,2.11363E+10,2.12102E+10,2.12836E+10,2.13565E+10,2.1429E+10,2.15011E+10,2.15727E+10,2.16439E+10,2.17146E+10,2.17849E+10,2.18548E+10,2.19242E+10,2.19933E+10,2.20618E+10,2.213E+10,2.21978E+10,2.22651E+10,2.2332E+10,2.23986E+10,2.24647E+10,2.25304E+10,2.25957E+10,2.26607E+10,2.27252E+10,2.27894E+10,2.28532E+10,2.29165E+10,2.29796E+10,2.30422E+10,2.31045E+10,2.31664E+10,2.32279E+10,2.32891E+10,2.33499E+10,2.34103E+10,2.34704E+10,2.35301E+10,2.35895E+10,2.36486E+10,2.37072E+10,2.37656E+10,2.38236E+10,2.38812E+10,2.39386E+10,2.39956E+10,2.40522E+10,2.41085E+10,2.41645E+10,2.42202E+10,2.42756E+10,2.43306E+10,2.43853E+10,2.44398E+10,2.44939E+10,2.45477E+10,2.46011E+10,2.46543E+10,2.47072E+10,2.47598E+10,2.48121E+10,2.48641E+10,2.49158E+10,2.49673E+10,2.50184E+10,2.50693E+10,2.51199E+10,2.51702E+10,2.52203E+10,2.527E+10,2.53196E+10,2.53688E+10,2.54178E+10,2.54665E+10,2.5515E+10,2.55633E+10,2.56113E+10,2.5659E+10,2.57065E+10,2.57538E+10,2.58008E+10,2.58476E+10,2.58942E+10,2.59408E+10,2.59874E+10,2.60341E+10,2.60809E+10,2.61281E+10,2.61756E+10,2.62236E+10,2.62721E+10,2.63212E+10,2.6371E+10,2.64216E+10,2.64732E+10,2.65257E+10,2.65794E+10,2.66341E+10,2.66899E+10,2.67467E+10,2.68046E+10,2.68636E+10,2.69237E+10,2.69848E+10,2.7047E+10,2.71102E+10,2.71746E+10,2.72399E+10,2.73063E+10,2.73737E+10,2.7442E+10,2.75111E+10,2.75811E+10,2.76518E+10,2.77232E+10,2.77952E+10,2.78678E+10,2.79409E+10,2.80146E+10,2.80887E+10,2.81632E+10,2.82383E+10,2.83138E+10,2.83899E+10,2.84665E+10,2.85435E+10,2.8621E+10,2.86989E+10,2.87771E+10,2.88557E+10,2.89346E+10,2.90139E+10,2.90936E+10,2.91735E+10,2.92537E+10,2.93342E+10,2.94148E+10,2.94957E+10,2.95768E+10,2.96581E+10,2.97397E+10,2.98214E+10,2.99034E+10,2.99857E+10,3.00681E+10,3.01507E+10,3.02335E+10,3.03163E+10,3.03993E+10,3.04823E+10,3.05654E+10,3.06485E+10,3.07315E+10,3.08145E+10,3.08972E+10,3.09798E+10,3.1062E+10,3.11439E+10,3.12255E+10,3.13066E+10,3.13873E+10,3.14675E+10,3.15474E+10,3.16269E+10,3.17059E+10,3.17846E+10,3.18629E+10,3.19407E+10,3.20182E+10,3.20952E+10,3.21719E+10,3.22482E+10,3.2324E+10,3.23995E+10,3.24746E+10,3.25493E+10,3.26236E+10,3.26975E+10,3.2771E+10,3.28442E+10,3.29169E+10,3.29893E+10,3.30613E+10,3.31329E+10,3.32041E+10,3.32749E+10,3.33454E+10,3.34155E+10,3.34852E+10,3.35546E+10,3.36236E+10,3.36922E+10,3.37605E+10,3.38284E+10,3.38959E+10,3.39631E+10,3.40299E+10,3.40964E+10,3.41625E+10,3.42283E+10,3.42937E+10,3.43588E+10,3.44235E+10,3.44879E+10,3.4552E+10,3.46157E+10,3.46791E+10,3.47421E+10,3.48048E+10,3.48672E+10,3.49293E+10,3.49911E+10,3.50525E+10,3.51136E+10,3.51744E+10,3.52348E+10,3.5295E+10,3.53548E+10,3.54144E+10,3.54736E+10,3.55325E+10,3.55911E+10,3.56494E+10,3.57074E+10,3.57651E+10,3.58225E+10,3.58796E+10,3.59364E+10,3.59929E+10,3.60492E+10,3.61051E+10,3.61608E+10,3.62161E+10,3.62712E+10,3.6326E+10,3.63805E+10,3.64348E+10,3.64887E+10,3.65424E+10,3.65958E+10,3.66489E+10,3.67018E+10,3.67544E+10,3.68067E+10,3.68587E+10,3.69105E+10,3.6962E+10,3.70133E+10,3.70643E+10,3.7115E+10,3.71655E+10,3.72157E+10,3.72657E+10,3.73154E+10,3.73648E+10,3.7414E+10,3.7463E+10,3.75117E+10,3.75601E+10,3.76083E+10,3.76563E+10,3.7704E+10,3.77514E+10,3.77987E+10,3.78456E+10,3.78924E+10,3.79389E+10,3.79852E+10,3.80312E+10,3.8077E+10,3.81226E+10,3.81679E+10,3.8213E+10,3.82579E+10,3.83026E+10,3.8347E+10,3.83912E+10,3.84352E+10,3.8479E+10,3.85225E+10,3.85658E+10,3.8609E+10,3.86518E+10,3.86945E+10,3.8737E+10,3.87792E+10,3.88212E+10,3.8863E+10,3.89047E+10,3.89461E+10,3.89873E+10,3.90283E+10,3.90691E+10,3.91097E+10,3.91501E+10,3.91902E+10,3.92302E+10,3.92701E+10,3.93097E+10,3.93491E+10,3.93883E+10,3.94274E+10,3.94665E+10,3.95054E+10,3.95443E+10,3.95831E+10,3.96221E+10,3.96612E+10,3.97005E+10,3.97401E+10,3.978E+10,3.98202E+10,3.98608E+10,3.99019E+10,3.99434E+10,3.99854E+10,4.00277E+10,4.00704E+10,4.01135E+10,4.0157E+10,4.02008E+10,4.02449E+10,4.02893E+10,4.0334E+10,4.03791E+10,4.04245E+10,4.04702E+10,4.05162E+10,4.05626E+10,4.06093E+10,4.06563E+10,4.07037E+10,4.07515E+10,4.07997E+10,4.08483E+10,4.08975E+10,4.09473E+10,4.09979E+10,4.10494E+10,4.11021E+10,4.11559E+10,4.12109E+10,4.12672E+10,4.13249E+10,4.13842E+10,4.14451E+10,4.15078E+10,4.15724E+10,4.16389E+10,4.17074E+10,4.17779E+10,4.18504E+10,4.19251E+10,4.20018E+10,4.20807E+10,4.21619E+10,4.22452E+10,4.23308E+10,4.24185E+10,4.25085E+10,4.26007E+10,4.26951E+10,4.27917E+10,4.28905E+10,4.29914E+10,4.30945E+10,4.31995E+10,4.33065E+10,4.34154E+10,4.3526E+10,4.36383E+10,4.37521E+10,4.38673E+10,4.39839E+10,4.41018E+10,4.42208E+10,4.43409E+10,4.44621E+10,4.45842E+10,4.47071E+10,4.48308E+10,4.49552E+10,4.50802E+10,4.52058E+10,4.53319E+10,4.54584E+10,4.55854E+10,4.57126E+10,4.58402E+10,4.59681E+10,4.60962E+10,4.62245E+10,4.6353E+10,4.64816E+10,4.66104E+10,4.67393E+10,4.68684E+10,4.69976E+10,4.7127E+10,4.72564E+10,4.73861E+10,4.75158E+10,4.76456E+10,4.77754E+10,4.79053E+10,4.80351E+10,4.81649E+10,4.82945E+10,4.8424E+10,4.85533E+10,4.86824E+10,4.88112E+10,4.89395E+10,4.90674E+10,4.91949E+10,4.93218E+10,4.94482E+10,4.9574E+10,4.96993E+10,4.98241E+10,4.99483E+10,5.00719E+10,5.01951E+10,5.03177E+10,5.04397E+10,5.05612E+10,5.06822E+10,5.08027E+10,5.09226E+10,5.1042E+10,5.1161E+10,5.12797E+10,5.13982E+10,5.15165E+10,5.16347E+10,5.17528E+10,5.18707E+10,5.19886E+10,5.21064E+10,5.22241E+10,5.23419E+10,5.24598E+10,5.25778E+10,5.26961E+10,5.28145E+10,5.29331E+10,5.3052E+10,5.31711E+10,5.32905E+10,5.341E+10,5.35298E+10,5.36498E+10,5.37701E+10,5.38906E+10,5.40115E+10,5.41326E+10,5.42542E+10,5.4376E+10,5.44982E+10,5.46207E+10,5.47435E+10,5.48666E+10,5.49898E+10,5.51131E+10,5.52365E+10,5.536E+10,5.54835E+10,5.56069E+10,5.57304E+10,5.58537E+10,5.59769E+10,5.61E+10,5.6223E+10,5.63459E+10,5.64686E+10,5.65912E+10,5.67136E+10,5.68359E+10,5.6958E+10,5.708E+10,5.7202E+10,5.73239E+10,5.74458E+10,5.75676E+10,5.76894E+10,5.78111E+10,5.79328E+10,5.80544E+10,5.81762E+10,5.82981E+10,5.84202E+10,5.85425E+10,5.86651E+10,5.87879E+10,5.89109E+10,5.90343E+10,5.91578E+10,5.92816E+10,5.94055E+10,5.95297E+10,5.9654E+10,5.97785E+10,5.99032E+10,6.0028E+10,6.0153E+10,6.02782E+10,6.04035E+10,6.05289E+10,6.06546E+10,6.07803E+10,6.09062E+10,6.10321E+10,6.11582E+10,6.12843E+10,6.14104E+10,6.15365E+10,6.16627E+10,6.17889E+10,6.1915E+10,6.20412E+10,6.21672E+10,6.22933E+10,6.24192E+10,6.25452E+10,6.26711E+10,6.2797E+10,6.29228E+10,6.30487E+10,6.31746E+10,6.33006E+10,6.34265E+10,6.35524E+10,6.36781E+10,6.38038E+10,6.39293E+10,6.40545E+10,6.41795E+10,6.43043E+10,6.44287E+10,6.45527E+10,6.46764E+10,6.47996E+10,6.49224E+10,6.50447E+10,6.51666E+10,6.52879E+10,6.54088E+10,6.55291E+10,6.56488E+10,6.5768E+10,6.58867E+10,6.60048E+10,6.61223E+10,6.62392E+10,6.63555E+10,6.64713E+10,6.65865E+10,6.67012E+10,6.68153E+10,6.69288E+10,6.70417E+10,6.71541E+10,6.72659E+10,6.73772E+10,6.74879E+10,6.75981E+10,6.77077E+10,6.78167E+10,6.79252E+10,6.80332E+10,6.81406E+10,6.82474E+10,6.83538E+10,6.84595E+10,6.85648E+10,6.86695E+10,6.87737E+10,6.88774E+10,6.89805E+10,6.90831E+10,6.91852E+10,6.92868E+10,6.93879E+10,6.94885E+10,6.95885E+10,6.96881E+10,6.97871E+10,6.98857E+10,6.99838E+10,7.00814E+10,7.01785E+10,7.02751E+10,7.03712E+10,7.04668E+10,7.0562E+10,7.06567E+10,7.0751E+10,7.08447E+10,7.09381E+10,7.10309E+10,7.11233E+10,7.12152E+10,7.13067E+10,7.13978E+10,7.14884E+10,7.15786E+10,7.16683E+10,7.17576E+10,7.18465E+10,7.1935E+10,7.20231E+10,7.21108E+10,7.2198E+10,7.22849E+10,7.23714E+10,7.24576E+10,7.25434E+10,7.2629E+10,7.27143E+10,7.27995E+10,7.28844E+10,7.29691E+10,7.30538E+10,7.31384E+10,7.3223E+10,7.33075E+10,7.33919E+10,7.34763E+10,7.35607E+10,7.3645E+10,7.37293E+10,7.38136E+10,7.38979E+10,7.39822E+10,7.40667E+10,7.41512E+10,7.4236E+10,7.4321E+10,7.44063E+10,7.44918E+10,7.45777E+10,7.46639E+10,7.47505E+10,7.48375E+10,7.4925E+10,7.50128E+10,7.51011E+10,7.51897E+10,7.52787E+10,7.5368E+10,7.54575E+10,7.55473E+10,7.56373E+10,7.57275E+10,7.58178E+10,7.59082E+10,7.59985E+10,7.60888E+10,7.61789E+10,7.62688E+10,7.63585E+10,7.64478E+10,7.65369E+10,7.66256E+10,7.6714E+10,7.68021E+10,7.68899E+10,7.69774E+10,7.70647E+10,7.71516E+10,7.72383E+10,7.73248E+10,7.74109E+10,7.74969E+10,7.75825E+10,7.7668E+10,7.77532E+10,7.78381E+10,7.79229E+10,7.80074E+10,7.80917E+10,7.81759E+10,7.82598E+10,7.83435E+10,7.8427E+10,7.85103E+10,7.85935E+10,7.86764E+10,7.87592E+10,7.88418E+10,7.89242E+10,7.90064E+10,7.90884E+10,7.91703E+10,7.92519E+10,7.93334E+10,7.94147E+10,7.94958E+10,7.95767E+10,7.96574E+10,7.9738E+10,7.98183E+10,7.98984E+10,7.99783E+10,8.00581E+10,8.01376E+10,8.02169E+10,8.02959E+10,8.03748E+10,8.04534E+10,8.05318E+10,8.061E+10,8.0688E+10,8.07657E+10,8.08431E+10,8.09204E+10,8.09974E+10,8.10741E+10,8.11506E+10,8.12268E+10,8.13028E+10,8.13785E+10,8.1454E+10,8.15292E+10,8.16041E+10,8.16788E+10,8.17532E+10,8.18273E+10,8.19012E+10,8.19748E+10,8.20481E+10,8.21212E+10,8.2194E+10,8.22665E+10,8.23387E+10,8.24107E+10,8.24824E+10,8.25538E+10,8.2625E+10,8.26959E+10,8.27665E+10,8.28368E+10,8.29069E+10,8.29766E+10,8.30462E+10,8.31154E+10,8.31844E+10,8.32531E+10,8.33216E+10,8.33897E+10,8.34577E+10,8.35253E+10,8.35928E+10,8.36599E+10,8.37268E+10,8.37934E+10,8.38598E+10,8.3926E+10,8.39919E+10,8.40575E+10,8.41229E+10,8.41881E+10,8.4253E+10,8.43177E+10,8.43822E+10,8.44464E+10,8.45104E+10,8.45742E+10,8.46377E+10,8.47011E+10,8.47642E+10,8.48271E+10,8.48898E+10,8.49523E+10,8.50146E+10,8.50767E+10,8.51386E+10,8.52003E+10,8.52619E+10,8.53232E+10,8.53843E+10
"Cost of GDP Cumulative[Washington]",0,0,0,0,0,0,0,0,0,0,0,0,0,0,0,0,0,0,0,0,0,1.94769E-41,4.52937E-41,7.73779E-41,2.80142E-40,1.09244E-39,2.21968E-39,3.35031E-39,4.57275E-39,5.92987E-39,8.21496E-39,1.12666E-38,1.42977E-38,1.96291E-38,2.63041E-38,3.29681E-38,3.79973E-05,0.0015064,0.0165849,0.106417,0.478912,1.66297,4.72491,11.4676,25.6948,64.4791,150.02,345.333,748.038,1430.82,2445.13,3877.45,5840.6,8442.41,11787.8,15978.5,21114.3,27307.2,34751.4,43676.6,54314.8,66914.9,81772.5,99250.9,119794,143937,172323,205713,244996,291288,346135,417971,517251,648852,817826,1.0314E+06,1.29911E+06,1.64329E+06,2.09727E+06,2.69583E+06,3.50159E+06,4.58103E+06,5.99488E+06,7.83124E+06,1.01609E+07,1.30301E+07,1.64725E+07,2.05306E+07,2.53107E+07,3.09128E+07,3.74094E+07,4.50179E+07,5.40008E+07,6.45494E+07,7.67731E+07,9.07231E+07,1.06418E+08,1.23853E+08,1.43018E+08,1.63897E+08,1.86477E+08,2.10764E+08,2.36755E+08,2.64439E+08,2.93796E+08,3.24801E+08,3.57424E+08,3.91627E+08,4.27373E+08,4.64617E+08,5.03316E+08,5.43433E+08,5.84929E+08,6.27801E+08,6.72124E+08,7.18533E+08,7.67862E+08,8.20492E+08,8.76619E+08,9.36356E+08,9.99748E+08,1.0668E+09,1.13767E+09,1.21267E+09,1.29198E+09,1.37565E+09,1.46367E+09,1.55599E+09,1.65254E+09,1.75321E+09,1.85797E+09,1.96683E+09,2.07973E+09,2.19667E+09,2.31756E+09,2.44232E+09,2.57082E+09,2.70292E+09,2.83849E+09,2.97736E+09,3.11939E+09,3.26442E+09,3.4123E+09,3.56287E+09,3.71597E+09,3.87146E+09,4.02916E+09,4.18893E+09,4.35061E+09,4.51403E+09,4.67904E+09,4.84549E+09,5.01323E+09,5.1821E+09,5.35195E+09,5.52262E+09,5.69395E+09,5.8658E+09,6.03801E+09,6.21046E+09,6.38299E+09,6.55547E+09,6.72777E+09,6.89978E+09,7.07137E+09,7.24244E+09,7.41289E+09,7.58262E+09,7.75156E+09,7.91965E+09,8.08684E+09,8.25316E+09,8.41867E+09,8.58346E+09,8.74764E+09,8.91127E+09,9.07437E+09,9.23696E+09,9.39903E+09,9.56056E+09,9.72153E+09,9.8819E+09,1.00416E+10,1.02006E+10,1.03589E+10,1.05164E+10,1.0673E+10,1.08286E+10,1.09832E+10,1.11368E+10,1.12894E+10,1.1441E+10,1.15916E+10,1.17411E+10,1.18897E+10,1.20373E+10,1.21839E+10,1.23295E+10,1.24741E+10,1.26178E+10,1.27606E+10,1.29023E+10,1.30432E+10,1.31831E+10,1.33221E+10,1.34601E+10,1.35972E+10,1.37335E+10,1.38688E+10,1.40032E+10,1.41367E+10,1.42693E+10,1.44011E+10,1.45319E+10,1.4662E+10,1.47911E+10,1.49194E+10,1.50468E+10,1.51734E+10,1.52992E+10,1.54241E+10,1.55483E+10,1.56716E+10,1.5794E+10,1.59157E+10,1.60366E+10,1.61568E+10,1.62761E+10,1.63947E+10,1.65125E+10,1.66295E+10,1.67458E+10,1.68614E+10,1.69762E+10,1.70903E+10,1.72037E+10,1.73163E+10,1.74283E+10,1.75395E+10,1.765E+10,1.77598E+10,1.78689E+10,1.79774E+10,1.80851E+10,1.81922E+10,1.82986E+10,1.84043E+10,1.85093E+10,1.86137E+10,1.87173E+10,1.88204E+10,1.89228E+10,1.90245E+10,1.91256E+10,1.9226E+10,1.93258E+10,1.94249E+10,1.95234E+10,1.96213E+10,1.97185E+10,1.98151E+10,1.99111E+10,2.00065E+10,2.01013E+10,2.01954E+10,2.02889E+10,2.03819E+10,2.04742E+10,2.05659E+10,2.0657E+10,2.07476E+10,2.08375E+10,2.09269E+10,2.10157E+10,2.11039E+10,2.11915E+10,2.12786E+10,2.13651E+10,2.1451E+10,2.15364E+10,2.16212E+10,2.17055E+10,2.17892E+10,2.18724E+10,2.1955E+10,2.20371E+10,2.21186E+10,2.21996E+10,2.22801E+10,2.23601E+10,2.24395E+10,2.25184E+10,2.25968E+10,2.26747E+10,2.27521E+10,2.2829E+10,2.29053E+10,2.29812E+10,2.30566E+10,2.31315E+10,2.32059E+10,2.32798E+10,2.33533E+10,2.34262E+10,2.34987E+10,2.35708E+10,2.36423E+10,2.37134E+10,2.37841E+10,2.38543E+10,2.3924E+10,2.39933E+10,2.40622E+10,2.41306E+10,2.41986E+10,2.42662E+10,2.43334E+10,2.44001E+10,2.44664E+10,2.45323E+10,2.45979E+10,2.4663E+10,2.47277E+10,2.4792E+10,2.48559E+10,2.49194E+10,2.49825E+10,2.50453E+10,2.51076E+10,2.51696E+10,2.52312E+10,2.52925E+10,2.53533E+10,2.54138E+10,2.5474E+10,2.55337E+10,2.55931E+10,2.56522E+10,2.57109E+10,2.57692E+10,2.58272E+10,2.58848E+10,2.59421E+10,2.5999E+10,2.60556E+10,2.61119E+10,2.61678E+10,2.62234E+10,2.62786E+10,2.63336E+10,2.63882E+10,2.64424E+10,2.64964E+10,2.655E+10,2.66033E+10,2.66563E+10,2.6709E+10,2.67614E+10,2.68134E+10,2.68652E+10,2.69167E+10,2.69678E+10,2.70187E+10,2.70693E+10,2.71196E+10,2.71695E+10,2.72193E+10,2.72687E+10,2.73178E+10,2.73667E+10,2.74153E+10,2.74636E+10,2.75117E+10,2.75596E+10,2.76076E+10,2.76558E+10,2.77041E+10,2.77527E+10,2.78018E+10,2.78513E+10,2.79014E+10,2.79522E+10,2.80038E+10,2.80563E+10,2.81099E+10,2.81647E+10,2.82207E+10,2.82779E+10,2.83363E+10,2.8396E+10,2.84569E+10,2.8519E+10,2.85823E+10,2.86469E+10,2.87127E+10,2.87797E+10,2.8848E+10,2.89175E+10,2.89881E+10,2.90598E+10,2.91326E+10,2.92064E+10,2.92811E+10,2.93567E+10,2.94331E+10,2.95102E+10,2.9588E+10,2.96664E+10,2.97454E+10,2.98249E+10,2.99049E+10,2.99855E+10,3.00667E+10,3.01484E+10,3.02307E+10,3.03136E+10,3.0397E+10,3.04808E+10,3.0565E+10,3.06497E+10,3.07347E+10,3.08201E+10,3.09059E+10,3.0992E+10,3.10785E+10,3.11652E+10,3.12521E+10,3.13393E+10,3.14267E+10,3.15143E+10,3.16022E+10,3.16903E+10,3.17787E+10,3.18673E+10,3.19561E+10,3.20451E+10,3.21342E+10,3.22234E+10,3.23127E+10,3.24021E+10,3.24914E+10,3.25808E+10,3.267E+10,3.27592E+10,3.2848E+10,3.29366E+10,3.30248E+10,3.31125E+10,3.31998E+10,3.32865E+10,3.33727E+10,3.34584E+10,3.35436E+10,3.36283E+10,3.37124E+10,3.37961E+10,3.38793E+10,3.39619E+10,3.40441E+10,3.41258E+10,3.4207E+10,3.42877E+10,3.43679E+10,3.44476E+10,3.45269E+10,3.46057E+10,3.4684E+10,3.47618E+10,3.48392E+10,3.49162E+10,3.49927E+10,3.50687E+10,3.51443E+10,3.52194E+10,3.52942E+10,3.53684E+10,3.54422E+10,3.55156E+10,3.55886E+10,3.56611E+10,3.57332E+10,3.58049E+10,3.58762E+10,3.5947E+10,3.60174E+10,3.60875E+10,3.61571E+10,3.62262E+10,3.6295E+10,3.63634E+10,3.64314E+10,3.6499E+10,3.65662E+10,3.6633E+10,3.66994E+10,3.67654E+10,3.68311E+10,3.68963E+10,3.69612E+10,3.70257E+10,3.70899E+10,3.71536E+10,3.7217E+10,3.728E+10,3.73427E+10,3.7405E+10,3.7467E+10,3.75286E+10,3.75898E+10,3.76507E+10,3.77112E+10,3.77714E+10,3.78313E+10,3.78908E+10,3.795E+10,3.80088E+10,3.80673E+10,3.81255E+10,3.81833E+10,3.82408E+10,3.8298E+10,3.83549E+10,3.84114E+10,3.84677E+10,3.85236E+10,3.85792E+10,3.86345E+10,3.86894E+10,3.87441E+10,3.87984E+10,3.88525E+10,3.89062E+10,3.89597E+10,3.90128E+10,3.90656E+10,3.91182E+10,3.91704E+10,3.92224E+10,3.9274E+10,3.93254E+10,3.93765E+10,3.94273E+10,3.94778E+10,3.9528E+10,3.9578E+10,3.96277E+10,3.96771E+10,3.97262E+10,3.9775E+10,3.98236E+10,3.98719E+10,3.99199E+10,3.99677E+10,4.00151E+10,4.00624E+10,4.01093E+10,4.0156E+10,4.02024E+10,4.02486E+10,4.02945E+10,4.03401E+10,4.03854E+10,4.04306E+10,4.04754E+10,4.052E+10,4.05643E+10,4.06084E+10,4.06522E+10,4.06958E+10,4.07392E+10,4.07822E+10,4.08251E+10,4.08677E+10,4.091E+10,4.09522E+10,4.0994E+10,4.10357E+10,4.10771E+10,4.11183E+10,4.11592E+10,4.11999E+10,4.12404E+10,4.12806E+10,4.13207E+10,4.13605E+10,4.14001E+10,4.14394E+10,4.14786E+10,4.15175E+10,4.15562E+10,4.15947E+10,4.16331E+10,4.16713E+10,4.17095E+10,4.17476E+10,4.17857E+10,4.18239E+10,4.18623E+10,4.19009E+10,4.19398E+10,4.1979E+10,4.20186E+10,4.20588E+10,4.20994E+10,4.21405E+10,4.21821E+10,4.22241E+10,4.22665E+10,4.23094E+10,4.23526E+10,4.23961E+10,4.24399E+10,4.24841E+10,4.25286E+10,4.25733E+10,4.26184E+10,4.26638E+10,4.27095E+10,4.27555E+10,4.28017E+10,4.28483E+10,4.28952E+10,4.29424E+10,4.299E+10,4.3038E+10,4.30865E+10,4.31356E+10,4.31855E+10,4.32364E+10,4.32885E+10,4.33417E+10,4.33962E+10,4.34521E+10,4.35095E+10,4.35685E+10,4.36294E+10,4.36922E+10,4.3757E+10,4.38239E+10,4.3893E+10,4.39642E+10,4.40378E+10,4.41136E+10,4.41918E+10,4.42724E+10,4.43554E+10,4.4441E+10,4.45289E+10,4.46194E+10,4.47123E+10,4.48077E+10,4.49056E+10,4.5006E+10,4.51089E+10,4.52142E+10,4.53218E+10,4.54317E+10,4.55437E+10,4.56578E+10,4.57739E+10,4.58918E+10,4.60113E+10,4.61324E+10,4.6255E+10,4.63789E+10,4.6504E+10,4.66302E+10,4.67575E+10,4.68856E+10,4.70146E+10,4.71444E+10,4.72747E+10,4.74057E+10,4.75372E+10,4.76691E+10,4.78014E+10,4.7934E+10,4.80669E+10,4.82E+10,4.83333E+10,4.84667E+10,4.86002E+10,4.87339E+10,4.88676E+10,4.90014E+10,4.91352E+10,4.92691E+10,4.94031E+10,4.95372E+10,4.96714E+10,4.98057E+10,4.99401E+10,5.00745E+10,5.02089E+10,5.03433E+10,5.04777E+10,5.06119E+10,5.0746E+10,5.088E+10,5.10137E+10,5.11471E+10,5.12802E+10,5.14129E+10,5.1545E+10,5.16767E+10,5.18077E+10,5.19382E+10,5.20681E+10,5.21973E+10,5.2326E+10,5.24542E+10,5.25817E+10,5.27087E+10,5.28352E+10,5.29611E+10,5.30865E+10,5.32114E+10,5.33357E+10,5.34595E+10,5.35828E+10,5.37058E+10,5.38285E+10,5.39511E+10,5.40737E+10,5.41962E+10,5.43186E+10,5.44411E+10,5.45636E+10,5.46861E+10,5.48088E+10,5.49316E+10,5.50547E+10,5.51781E+10,5.53019E+10,5.54261E+10,5.55507E+10,5.56757E+10,5.58011E+10,5.5927E+10,5.60532E+10,5.61799E+10,5.6307E+10,5.64346E+10,5.65626E+10,5.66911E+10,5.68201E+10,5.69496E+10,5.70797E+10,5.72103E+10,5.73414E+10,5.74729E+10,5.76049E+10,5.77373E+10,5.78699E+10,5.80028E+10,5.81359E+10,5.82692E+10,5.84025E+10,5.85359E+10,5.86694E+10,5.88029E+10,5.89363E+10,5.90697E+10,5.92031E+10,5.93363E+10,5.94695E+10,5.96026E+10,5.97357E+10,5.98685E+10,6.00014E+10,6.01342E+10,6.0267E+10,6.03998E+10,6.05325E+10,6.06653E+10,6.0798E+10,6.09306E+10,6.10632E+10,6.11959E+10,6.13288E+10,6.14618E+10,6.15951E+10,6.17286E+10,6.18623E+10,6.19962E+10,6.21304E+10,6.22647E+10,6.23993E+10,6.25339E+10,6.26687E+10,6.28037E+10,6.29387E+10,6.30737E+10,6.32089E+10,6.3344E+10,6.34792E+10,6.36145E+10,6.37497E+10,6.3885E+10,6.40203E+10,6.41555E+10,6.42907E+10,6.44259E+10,6.45609E+10,6.46959E+10,6.48307E+10,6.49654E+10,6.51E+10,6.52344E+10,6.53687E+10,6.55027E+10,6.56366E+10,6.57703E+10,6.59039E+10,6.60373E+10,6.61706E+10,6.63037E+10,6.64368E+10,6.65699E+10,6.67028E+10,6.68357E+10,6.69685E+10,6.7101E+10,6.72334E+10,6.73655E+10,6.74973E+10,6.76288E+10,6.77599E+10,6.78906E+10,6.80208E+10,6.81506E+10,6.82798E+10,6.84085E+10,6.85366E+10,6.86641E+10,6.87911E+10,6.89174E+10,6.9043E+10,6.9168E+10,6.92924E+10,6.94161E+10,6.95391E+10,6.96614E+10,6.97831E+10,6.99041E+10,7.00244E+10,7.0144E+10,7.0263E+10,7.03813E+10,7.0499E+10,7.06159E+10,7.07323E+10,7.08479E+10,7.09629E+10,7.10773E+10,7.1191E+10,7.1304E+10,7.14165E+10,7.15282E+10,7.16394E+10,7.17499E+10,7.18598E+10,7.1969E+10,7.20776E+10,7.21856E+10,7.2293E+10,7.23998E+10,7.25059E+10,7.26115E+10,7.27164E+10,7.28207E+10,7.29245E+10,7.30276E+10,7.31301E+10,7.32321E+10,7.33334E+10,7.34342E+10,7.35344E+10,7.3634E+10,7.3733E+10,7.38314E+10,7.39293E+10,7.40266E+10,7.41233E+10,7.42195E+10,7.43151E+10,7.44102E+10,7.45047E+10,7.45986E+10,7.4692E+10,7.47849E+10,7.48772E+10,7.4969E+10,7.50602E+10,7.51509E+10,7.52411E+10,7.53307E+10,7.54199E+10,7.55085E+10,7.55966E+10,7.56842E+10,7.57713E+10,7.58578E+10,7.59439E+10,7.60295E+10,7.61147E+10,7.61995E+10,7.62839E+10,7.6368E+10,7.64517E+10,7.65352E+10,7.66185E+10,7.67017E+10,7.67847E+10,7.68676E+10,7.69503E+10,7.7033E+10,7.71155E+10,7.7198E+10,7.72803E+10,7.73626E+10,7.74448E+10,7.7527E+10,7.76091E+10,7.76913E+10,7.77735E+10,7.7856E+10,7.79386E+10,7.80215E+10,7.81047E+10,7.81882E+10,7.82721E+10,7.83563E+10,7.8441E+10,7.85262E+10,7.86117E+10,7.86977E+10,7.87841E+10,7.88708E+10,7.89578E+10,7.90451E+10,7.91326E+10,7.92202E+10,7.9308E+10,7.93959E+10,7.94838E+10,7.95716E+10,7.96592E+10,7.97466E+10,7.98336E+10,7.99202E+10,8.00063E+10,8.00919E+10,8.01771E+10,8.02618E+10,8.03461E+10,8.04299E+10,8.05133E+10,8.05962E+10,8.06787E+10,8.07607E+10,8.08424E+10,8.09236E+10,8.10045E+10,8.10849E+10,8.1165E+10,8.12447E+10,8.13241E+10,8.14031E+10,8.14818E+10,8.15601E+10,8.16382E+10,8.1716E+10,8.17935E+10,8.18707E+10,8.19477E+10,8.20245E+10,8.2101E+10,8.21773E+10,8.22534E+10,8.23294E+10,8.24051E+10,8.24806E+10,8.2556E+10,8.26312E+10,8.27062E+10,8.27811E+10,8.28558E+10,8.29303E+10,8.30046E+10,8.30788E+10,8.31528E+10,8.32266E+10,8.33003E+10,8.33737E+10,8.3447E+10,8.35201E+10,8.35931E+10,8.36658E+10,8.37383E+10,8.38107E+10,8.38828E+10,8.39547E+10,8.40264E+10,8.40979E+10,8.41692E+10,8.42403E+10,8.43111E+10,8.43817E+10,8.44521E+10,8.45222E+10,8.45921E+10,8.46618E+10,8.47312E+10,8.48003E+10,8.48692E+10,8.49378E+10,8.50062E+10,8.50743E+10,8.51422E+10,8.52097E+10,8.5277E+10,8.53441E+10,8.54108E+10,8.54773E+10,8.55434E+10,8.56093E+10,8.56749E+10,8.57402E+10,8.58052E+10,8.587E+10,8.59344E+10,8.59985E+10,8.60624E+10,8.61259E+10,8.61891E+10,8.62521E+10,8.63147E+10,8.6377E+10,8.6439E+10,8.65008E+10,8.65622E+10,8.66233E+10,8.66841E+10,8.67446E+10,8.68048E+10,8.68648E+10,8.69244E+10,8.69837E+10,8.70427E+10,8.71014E+10,8.71598E+10,8.7218E+10,8.72758E+10,8.73333E+10,8.73906E+10,8.74476E+10,8.75043E+10,8.75608E+10,8.7617E+10,8.76729E+10,8.77285E+10,8.77839E+10,8.78391E+10,8.7894E+10,8.79487E+10,8.80031E+10,8.80574E+10,8.81114E+10,8.81652E+10,8.82188E+10
"Cost of GDP Cumulative[West Virginia]",0,0,0,0,0,0,0,0,0,0,0,0,0,0,0,0,0,0,0,0,0,2.61393E-42,6.07871E-42,1.03844E-41,3.75881E-41,1.46556E-40,2.9777E-40,4.49438E-40,6.13415E-40,7.95451E-40,1.10189E-39,1.51108E-39,1.91752E-39,2.63223E-39,0.00207316,0.0281534,0.149827,0.515884,1.37973,3.13167,6.34241,11.8228,20.6972,34.4882,55.3643,87.7447,137.322,215.978,341.133,528.032,790.542,1149.09,1630.02,2262.11,3077.72,4114.03,5414.68,7033.56,9046.69,11548.9,14652.9,18496,23250.6,29134.4,36422.7,45462.2,56689.4,70650.5,88024.8,109663,136646,171183,215992,273329,345784,436581,549613,690827,867939,1.08893E+06,1.36526E+06,1.7084E+06,2.12847E+06,2.63865E+06,3.24928E+06,3.96693E+06,4.79606E+06,5.74193E+06,6.81801E+06,8.03666E+06,9.4064E+06,1.09548E+07,1.27154E+07,1.47122E+07,1.69581E+07,1.94585E+07,2.22143E+07,2.52236E+07,2.84834E+07,3.19904E+07,3.57417E+07,3.97365E+07,4.39734E+07,4.84497E+07,5.31618E+07,5.81052E+07,6.32748E+07,6.8665E+07,7.42695E+07,8.00818E+07,8.60955E+07,9.23044E+07,9.87031E+07,1.0529E+08,1.12075E+08,1.1914E+08,1.26596E+08,1.34491E+08,1.4285E+08,1.51685E+08,1.61002E+08,1.70799E+08,1.81097E+08,1.91936E+08,2.03339E+08,2.15312E+08,2.27854E+08,2.40958E+08,2.54613E+08,2.68806E+08,2.83532E+08,2.98791E+08,3.14578E+08,3.30889E+08,3.47716E+08,3.65045E+08,3.8286E+08,4.01143E+08,4.19876E+08,4.39037E+08,4.58608E+08,4.78567E+08,4.98894E+08,5.1957E+08,5.40573E+08,5.61882E+08,5.83478E+08,6.05339E+08,6.27445E+08,6.49774E+08,6.72306E+08,6.9502E+08,7.17897E+08,7.40916E+08,7.64055E+08,7.87294E+08,8.10614E+08,8.33995E+08,8.57417E+08,8.80861E+08,9.0431E+08,9.27746E+08,9.51152E+08,9.74512E+08,9.97812E+08,1.02104E+09,1.04417E+09,1.06721E+09,1.09014E+09,1.11295E+09,1.13564E+09,1.15821E+09,1.18066E+09,1.20302E+09,1.22529E+09,1.24748E+09,1.2696E+09,1.29164E+09,1.31362E+09,1.33551E+09,1.35733E+09,1.37907E+09,1.40071E+09,1.42226E+09,1.44371E+09,1.46504E+09,1.48626E+09,1.50734E+09,1.52829E+09,1.5491E+09,1.56977E+09,1.59031E+09,1.61071E+09,1.63097E+09,1.6511E+09,1.67109E+09,1.69096E+09,1.71069E+09,1.73029E+09,1.74976E+09,1.7691E+09,1.78831E+09,1.80739E+09,1.82635E+09,1.84519E+09,1.86389E+09,1.88248E+09,1.90094E+09,1.91928E+09,1.9375E+09,1.9556E+09,1.97359E+09,1.99145E+09,2.00919E+09,2.02682E+09,2.04434E+09,2.06174E+09,2.07902E+09,2.0962E+09,2.11326E+09,2.13021E+09,2.14705E+09,2.16379E+09,2.18041E+09,2.19693E+09,2.21334E+09,2.22965E+09,2.24585E+09,2.26195E+09,2.27795E+09,2.29384E+09,2.30964E+09,2.32534E+09,2.34095E+09,2.35645E+09,2.37187E+09,2.38719E+09,2.40242E+09,2.41756E+09,2.43261E+09,2.44757E+09,2.46245E+09,2.47724E+09,2.49195E+09,2.50657E+09,2.52111E+09,2.53557E+09,2.54995E+09,2.56425E+09,2.57847E+09,2.5926E+09,2.60666E+09,2.62064E+09,2.63454E+09,2.64837E+09,2.66211E+09,2.67578E+09,2.68937E+09,2.70288E+09,2.71631E+09,2.72966E+09,2.74294E+09,2.75614E+09,2.76926E+09,2.78231E+09,2.79528E+09,2.80817E+09,2.82098E+09,2.83372E+09,2.84639E+09,2.85898E+09,2.87149E+09,2.88393E+09,2.89629E+09,2.90858E+09,2.9208E+09,2.93294E+09,2.94501E+09,2.95701E+09,2.96893E+09,2.98078E+09,2.99256E+09,3.00427E+09,3.0159E+09,3.02747E+09,3.03896E+09,3.05038E+09,3.06174E+09,3.07302E+09,3.08423E+09,3.09538E+09,3.10646E+09,3.11746E+09,3.1284E+09,3.13928E+09,3.15008E+09,3.16082E+09,3.17149E+09,3.1821E+09,3.19264E+09,3.20311E+09,3.21352E+09,3.22386E+09,3.23414E+09,3.24436E+09,3.25451E+09,3.2646E+09,3.27463E+09,3.28459E+09,3.29449E+09,3.30433E+09,3.31411E+09,3.32383E+09,3.33349E+09,3.34309E+09,3.35263E+09,3.36211E+09,3.37153E+09,3.38089E+09,3.3902E+09,3.39945E+09,3.40864E+09,3.41777E+09,3.42685E+09,3.43588E+09,3.44485E+09,3.45376E+09,3.46262E+09,3.47143E+09,3.48018E+09,3.48888E+09,3.49753E+09,3.50613E+09,3.51468E+09,3.52318E+09,3.53162E+09,3.54002E+09,3.54837E+09,3.55667E+09,3.56493E+09,3.57314E+09,3.5813E+09,3.58942E+09,3.59749E+09,3.60552E+09,3.61351E+09,3.62146E+09,3.62936E+09,3.63723E+09,3.64506E+09,3.65285E+09,3.66061E+09,3.66833E+09,3.67602E+09,3.68368E+09,3.69131E+09,3.69891E+09,3.70648E+09,3.71402E+09,3.72154E+09,3.72904E+09,3.73651E+09,3.74396E+09,3.75139E+09,3.75879E+09,3.76617E+09,3.77354E+09,3.78088E+09,3.7882E+09,3.79549E+09,3.80277E+09,3.81003E+09,3.81727E+09,3.82452E+09,3.83177E+09,3.83906E+09,3.84638E+09,3.85376E+09,3.86119E+09,3.8687E+09,3.87629E+09,3.88398E+09,3.89178E+09,3.89971E+09,3.90779E+09,3.91602E+09,3.92441E+09,3.93297E+09,3.94169E+09,3.95057E+09,3.95961E+09,3.96881E+09,3.97817E+09,3.98769E+09,3.99737E+09,4.00721E+09,4.01722E+09,4.02737E+09,4.03768E+09,4.04813E+09,4.05873E+09,4.06945E+09,4.08029E+09,4.09124E+09,4.1023E+09,4.11345E+09,4.12469E+09,4.13601E+09,4.1474E+09,4.15887E+09,4.1704E+09,4.18201E+09,4.19369E+09,4.20545E+09,4.21729E+09,4.22919E+09,4.24117E+09,4.2532E+09,4.26529E+09,4.27743E+09,4.28962E+09,4.30186E+09,4.31415E+09,4.32649E+09,4.33887E+09,4.35128E+09,4.36373E+09,4.37621E+09,4.38871E+09,4.40125E+09,4.41383E+09,4.42643E+09,4.43907E+09,4.45174E+09,4.46444E+09,4.47716E+09,4.4899E+09,4.50266E+09,4.51543E+09,4.52821E+09,4.54099E+09,4.55377E+09,4.56654E+09,4.5793E+09,4.59203E+09,4.60472E+09,4.61737E+09,4.62996E+09,4.64249E+09,4.65496E+09,4.66737E+09,4.67971E+09,4.69199E+09,4.7042E+09,4.71636E+09,4.72845E+09,4.74048E+09,4.75244E+09,4.76435E+09,4.77619E+09,4.78797E+09,4.79969E+09,4.81134E+09,4.82294E+09,4.83448E+09,4.84595E+09,4.85736E+09,4.86872E+09,4.88001E+09,4.89124E+09,4.90242E+09,4.91353E+09,4.92459E+09,4.93559E+09,4.94653E+09,4.95742E+09,4.96825E+09,4.97902E+09,4.98974E+09,5.0004E+09,5.011E+09,5.02155E+09,5.03205E+09,5.04249E+09,5.05287E+09,5.0632E+09,5.07348E+09,5.08371E+09,5.09388E+09,5.104E+09,5.11406E+09,5.12407E+09,5.13403E+09,5.14394E+09,5.1538E+09,5.1636E+09,5.17335E+09,5.18306E+09,5.19271E+09,5.20231E+09,5.21186E+09,5.22136E+09,5.2308E+09,5.2402E+09,5.24955E+09,5.25885E+09,5.2681E+09,5.2773E+09,5.28646E+09,5.29556E+09,5.30462E+09,5.31363E+09,5.32259E+09,5.3315E+09,5.34036E+09,5.34918E+09,5.35795E+09,5.36668E+09,5.37535E+09,5.38399E+09,5.39257E+09,5.40111E+09,5.4096E+09,5.41805E+09,5.42645E+09,5.43481E+09,5.44313E+09,5.4514E+09,5.45962E+09,5.4678E+09,5.47594E+09,5.48403E+09,5.49209E+09,5.50009E+09,5.50806E+09,5.51598E+09,5.52387E+09,5.53171E+09,5.5395E+09,5.54726E+09,5.55498E+09,5.56266E+09,5.5703E+09,5.57789E+09,5.58545E+09,5.59297E+09,5.60045E+09,5.60789E+09,5.6153E+09,5.62267E+09,5.62999E+09,5.63729E+09,5.64454E+09,5.65176E+09,5.65895E+09,5.66609E+09,5.67321E+09,5.68028E+09,5.68733E+09,5.69434E+09,5.70131E+09,5.70825E+09,5.71516E+09,5.72204E+09,5.72888E+09,5.73569E+09,5.74247E+09,5.74922E+09,5.75594E+09,5.76262E+09,5.76928E+09,5.7759E+09,5.7825E+09,5.78906E+09,5.7956E+09,5.8021E+09,5.80858E+09,5.81503E+09,5.82145E+09,5.82784E+09,5.8342E+09,5.84053E+09,5.84683E+09,5.85311E+09,5.85936E+09,5.86558E+09,5.87177E+09,5.87793E+09,5.88407E+09,5.89017E+09,5.89626E+09,5.90232E+09,5.90837E+09,5.91441E+09,5.92044E+09,5.92647E+09,5.93251E+09,5.93857E+09,5.94466E+09,5.95078E+09,5.95694E+09,5.96316E+09,5.96944E+09,5.97577E+09,5.98217E+09,5.98863E+09,5.99514E+09,6.0017E+09,6.00831E+09,6.01496E+09,6.02166E+09,6.0284E+09,6.03518E+09,6.04199E+09,6.04885E+09,6.05574E+09,6.06267E+09,6.06963E+09,6.07664E+09,6.08367E+09,6.09075E+09,6.09786E+09,6.10502E+09,6.11223E+09,6.11948E+09,6.12679E+09,6.13418E+09,6.14167E+09,6.14929E+09,6.15704E+09,6.16495E+09,6.17301E+09,6.18124E+09,6.18967E+09,6.1983E+09,6.20716E+09,6.21626E+09,6.22561E+09,6.23523E+09,6.24512E+09,6.25529E+09,6.26574E+09,6.27649E+09,6.28754E+09,6.2989E+09,6.31056E+09,6.32255E+09,6.33484E+09,6.34746E+09,6.36038E+09,6.37363E+09,6.3872E+09,6.40108E+09,6.41529E+09,6.4298E+09,6.44462E+09,6.45973E+09,6.47512E+09,6.49077E+09,6.50668E+09,6.52283E+09,6.5392E+09,6.55578E+09,6.57255E+09,6.5895E+09,6.60661E+09,6.62387E+09,6.64127E+09,6.6588E+09,6.67644E+09,6.69418E+09,6.71202E+09,6.72994E+09,6.74793E+09,6.76598E+09,6.78409E+09,6.80225E+09,6.82045E+09,6.83869E+09,6.85695E+09,6.87524E+09,6.89355E+09,6.91188E+09,6.93022E+09,6.94857E+09,6.96693E+09,6.98531E+09,7.0037E+09,7.0221E+09,7.04052E+09,7.05894E+09,7.07738E+09,7.09581E+09,7.11425E+09,7.13268E+09,7.1511E+09,7.16951E+09,7.18789E+09,7.20624E+09,7.22456E+09,7.24284E+09,7.26107E+09,7.27923E+09,7.29733E+09,7.31535E+09,7.3333E+09,7.35116E+09,7.36894E+09,7.38663E+09,7.40425E+09,7.42178E+09,7.43923E+09,7.4566E+09,7.47389E+09,7.4911E+09,7.50823E+09,7.52529E+09,7.54226E+09,7.55916E+09,7.57599E+09,7.59276E+09,7.60949E+09,7.62619E+09,7.64287E+09,7.65953E+09,7.67618E+09,7.69282E+09,7.70945E+09,7.72607E+09,7.7427E+09,7.75934E+09,7.77601E+09,7.7927E+09,7.80944E+09,7.82621E+09,7.84302E+09,7.85988E+09,7.87678E+09,7.89373E+09,7.91072E+09,7.92776E+09,7.94484E+09,7.96198E+09,7.97916E+09,7.99641E+09,8.01372E+09,8.03108E+09,8.04852E+09,8.06601E+09,8.08356E+09,8.10116E+09,8.11881E+09,8.13651E+09,8.15423E+09,8.17199E+09,8.18977E+09,8.20756E+09,8.22536E+09,8.24318E+09,8.261E+09,8.27882E+09,8.29664E+09,8.31446E+09,8.33228E+09,8.35009E+09,8.3679E+09,8.3857E+09,8.4035E+09,8.4213E+09,8.43909E+09,8.45689E+09,8.47469E+09,8.49251E+09,8.51033E+09,8.52816E+09,8.54599E+09,8.56383E+09,8.58167E+09,8.59953E+09,8.61743E+09,8.63536E+09,8.65333E+09,8.67134E+09,8.6894E+09,8.70749E+09,8.72563E+09,8.7438E+09,8.76202E+09,8.78027E+09,8.79855E+09,8.81686E+09,8.8352E+09,8.85357E+09,8.87196E+09,8.89037E+09,8.90882E+09,8.92729E+09,8.94578E+09,8.96431E+09,8.98285E+09,9.00142E+09,9.02001E+09,9.03861E+09,9.05724E+09,9.07588E+09,9.09453E+09,9.1132E+09,9.13189E+09,9.15059E+09,9.16931E+09,9.18804E+09,9.20678E+09,9.22553E+09,9.24431E+09,9.2631E+09,9.2819E+09,9.30074E+09,9.3196E+09,9.33849E+09,9.35741E+09,9.37635E+09,9.39531E+09,9.41428E+09,9.43326E+09,9.45224E+09,9.47121E+09,9.49018E+09,9.50912E+09,9.52805E+09,9.54694E+09,9.56581E+09,9.58464E+09,9.60343E+09,9.62218E+09,9.64089E+09,9.65955E+09,9.67815E+09,9.69671E+09,9.71521E+09,9.73365E+09,9.75203E+09,9.77035E+09,9.78861E+09,9.80681E+09,9.82495E+09,9.84302E+09,9.86103E+09,9.87898E+09,9.89687E+09,9.91469E+09,9.93244E+09,9.95013E+09,9.96775E+09,9.9853E+09,1.00028E+10,1.00202E+10,1.00376E+10,1.00548E+10,1.0072E+10,1.00892E+10,1.01062E+10,1.01232E+10,1.01402E+10,1.0157E+10,1.01738E+10,1.01905E+10,1.02072E+10,1.02237E+10,1.02402E+10,1.02566E+10,1.0273E+10,1.02892E+10,1.03054E+10,1.03216E+10,1.03376E+10,1.03536E+10,1.03695E+10,1.03853E+10,1.0401E+10,1.04167E+10,1.04323E+10,1.04478E+10,1.04632E+10,1.04786E+10,1.04938E+10,1.0509E+10,1.05242E+10,1.05392E+10,1.05542E+10,1.05691E+10,1.05839E+10,1.05986E+10,1.06133E+10,1.06279E+10,1.06424E+10,1.06568E+10,1.06711E+10,1.06854E+10,1.06996E+10,1.07137E+10,1.07278E+10,1.07417E+10,1.07556E+10,1.07695E+10,1.07832E+10,1.07969E+10,1.08105E+10,1.08241E+10,1.08376E+10,1.0851E+10,1.08644E+10,1.08778E+10,1.08911E+10,1.09044E+10,1.09177E+10,1.0931E+10,1.09442E+10,1.09574E+10,1.09705E+10,1.09837E+10,1.09968E+10,1.10099E+10,1.1023E+10,1.1036E+10,1.10491E+10,1.10621E+10,1.10752E+10,1.10883E+10,1.11013E+10,1.11145E+10,1.11276E+10,1.11408E+10,1.1154E+10,1.11672E+10,1.11805E+10,1.11939E+10,1.12072E+10,1.12207E+10,1.12341E+10,1.12476E+10,1.12611E+10,1.12746E+10,1.12881E+10,1.13017E+10,1.13152E+10,1.13287E+10,1.13423E+10,1.13558E+10,1.13693E+10,1.13827E+10,1.13961E+10,1.14094E+10,1.14227E+10,1.14359E+10,1.14491E+10,1.14622E+10,1.14753E+10,1.14883E+10,1.15013E+10,1.15143E+10,1.15272E+10,1.15401E+10,1.15529E+10,1.15658E+10,1.15786E+10,1.15914E+10,1.16041E+10,1.16168E+10,1.16296E+10,1.16423E+10,1.1655E+10,1.16677E+10,1.16804E+10,1.16931E+10,1.17058E+10,1.17185E+10,1.17312E+10,1.1744E+10,1.17567E+10,1.17694E+10,1.17822E+10,1.1795E+10,1.18077E+10,1.18205E+10,1.18333E+10,1.18461E+10,1.18589E+10,1.18717E+10,1.18845E+10,1.18973E+10,1.19101E+10,1.19229E+10,1.19356E+10,1.19484E+10,1.19612E+10,1.19739E+10,1.19866E+10,1.19993E+10,1.2012E+10,1.20247E+10,1.20373E+10,1.20499E+10,1.20625E+10,1.2075E+10,1.20875E+10,1.21E+10,1.21125E+10,1.21249E+10,1.21373E+10,1.21496E+10,1.21619E+10,1.21741E+10,1.21864E+10,1.21985E+10,1.22107E+10,1.22227E+10,1.22348E+10,1.22468E+10,1.22587E+10,1.22706E+10,1.22825E+10,1.22943E+10,1.23061E+10,1.23178E+10,1.23294E+10,1.23411E+10,1.23526E+10,1.23642E+10,1.23756E+10,1.23871E+10,1.23985E+10,1.24098E+10,1.24211E+10,1.24323E+10,1.24435E+10,1.24547E+10,1.24658E+10,1.24768E+10,1.24878E+10,1.24988E+10,1.25097E+10,1.25206E+10,1.25314E+10,1.25422E+10,1.25529E+10,1.25636E+10,1.25743E+10,1.25849E+10,1.25954E+10,1.26059E+10,1.26164E+10,1.26269E+10,1.26373E+10,1.26477E+10,1.2658E+10,1.26683E+10,1.26786E+10,1.26888E+10,1.2699E+10,1.27092E+10,1.27194E+10,1.27295E+10,1.27397E+10,1.27497E+10,1.27598E+10,1.27699E+10,1.27799E+10,1.27899E+10,1.27999E+10,1.28099E+10,1.28199E+10
"Cost of GDP Cumulative[Wisconsin]",0,0,0,0,0,0,0,0,0,0,0,0,0,0,0,0,0,0,0,0,0,1.09706E-41,2.55121E-41,4.35829E-41,1.57762E-40,4.1802E-40,7.94083E-40,1.17575E-39,1.61273E-39,2.12912E-39,2.91929E-39,3.89283E-39,4.87038E-39,6.3952E-39,8.18912E-39,9.99501E-39,9.78328E-06,0.000387828,0.0042695,0.0273931,0.123268,0.427706,1.21194,2.92939,6.53664,16.3873,38.1312,87.8921,190.686,365.137,624.436,990.839,1493.4,2159.97,3017.67,4092.88,5411.6,7002.94,8917.27,11214.1,13953.4,17199.5,21028.2,25532.9,30827.4,37049.7,44366.1,52975.1,63110.7,75067.6,89256.6,107861,133592,167738,211654,267277,337178,427259,546307,703619,915912,1.20132E+06,1.57713E+06,2.06837E+06,2.69651E+06,3.47774E+06,4.4262E+06,5.6337E+06,7.64379E+06,1.07648E+07,1.50623E+07,2.0671E+07,2.77421E+07,3.63717E+07,4.66013E+07,5.84363E+07,7.18621E+07,8.68512E+07,1.03372E+08,1.21393E+08,1.40881E+08,1.61817E+08,1.84177E+08,2.07931E+08,2.33049E+08,2.59495E+08,2.87231E+08,3.1622E+08,3.4642E+08,3.7779E+08,4.10288E+08,4.43868E+08,4.78489E+08,5.14129E+08,5.5081E+08,5.88838E+08,6.2861E+08,6.70289E+08,7.13947E+08,7.59617E+08,8.07301E+08,8.5698E+08,9.08711E+08,9.62617E+08,1.01876E+09,1.07714E+09,1.13774E+09,1.20053E+09,1.26544E+09,1.33243E+09,1.40147E+09,1.47253E+09,1.54558E+09,1.62061E+09,1.69756E+09,1.77638E+09,1.85701E+09,1.93937E+09,2.02339E+09,2.10898E+09,2.19608E+09,2.2846E+09,2.37447E+09,2.46562E+09,2.55796E+09,2.65142E+09,2.74592E+09,2.84138E+09,2.93774E+09,3.03491E+09,3.13282E+09,3.23139E+09,3.33056E+09,3.43024E+09,3.53037E+09,3.63087E+09,3.73166E+09,3.83269E+09,3.93387E+09,4.03515E+09,4.13646E+09,4.23773E+09,4.33891E+09,4.43994E+09,4.54076E+09,4.64133E+09,4.7416E+09,4.84152E+09,4.94105E+09,5.04017E+09,5.13886E+09,5.23713E+09,5.33499E+09,5.43248E+09,5.52967E+09,5.62655E+09,5.72316E+09,5.81948E+09,5.91552E+09,6.01127E+09,6.1067E+09,6.20181E+09,6.29658E+09,6.39097E+09,6.48496E+09,6.57852E+09,6.67162E+09,6.76422E+09,6.85628E+09,6.94778E+09,7.03869E+09,7.12901E+09,7.21874E+09,7.30789E+09,7.39646E+09,7.48445E+09,7.57187E+09,7.65873E+09,7.74501E+09,7.83074E+09,7.91591E+09,8.00052E+09,8.08458E+09,8.1681E+09,8.25107E+09,8.3335E+09,8.4154E+09,8.49676E+09,8.57759E+09,8.6579E+09,8.73768E+09,8.81694E+09,8.89568E+09,8.97392E+09,9.05164E+09,9.12886E+09,9.20557E+09,9.28179E+09,9.35751E+09,9.43274E+09,9.50748E+09,9.58174E+09,9.65552E+09,9.72883E+09,9.80166E+09,9.87403E+09,9.94594E+09,1.00174E+10,1.00884E+10,1.01589E+10,1.02291E+10,1.02987E+10,1.0368E+10,1.04368E+10,1.05053E+10,1.05733E+10,1.06409E+10,1.07081E+10,1.0775E+10,1.08414E+10,1.09075E+10,1.09732E+10,1.10385E+10,1.11035E+10,1.11681E+10,1.12323E+10,1.12961E+10,1.13596E+10,1.14227E+10,1.14855E+10,1.15479E+10,1.16099E+10,1.16716E+10,1.17329E+10,1.17939E+10,1.18545E+10,1.19147E+10,1.19746E+10,1.20341E+10,1.20933E+10,1.21522E+10,1.22106E+10,1.22688E+10,1.23266E+10,1.2384E+10,1.24411E+10,1.24978E+10,1.25542E+10,1.26103E+10,1.2666E+10,1.27214E+10,1.27764E+10,1.28311E+10,1.28855E+10,1.29395E+10,1.29932E+10,1.30466E+10,1.30996E+10,1.31523E+10,1.32047E+10,1.32567E+10,1.33084E+10,1.33598E+10,1.34109E+10,1.34617E+10,1.35121E+10,1.35622E+10,1.3612E+10,1.36615E+10,1.37107E+10,1.37596E+10,1.38081E+10,1.38564E+10,1.39043E+10,1.3952E+10,1.39993E+10,1.40464E+10,1.40931E+10,1.41395E+10,1.41857E+10,1.42316E+10,1.42771E+10,1.43224E+10,1.43674E+10,1.44121E+10,1.44566E+10,1.45007E+10,1.45446E+10,1.45882E+10,1.46315E+10,1.46746E+10,1.47174E+10,1.476E+10,1.48023E+10,1.48443E+10,1.48861E+10,1.49277E+10,1.49691E+10,1.50102E+10,1.50511E+10,1.50919E+10,1.51324E+10,1.51727E+10,1.52129E+10,1.52529E+10,1.52927E+10,1.53324E+10,1.5372E+10,1.54113E+10,1.54505E+10,1.54896E+10,1.55285E+10,1.55673E+10,1.56059E+10,1.56443E+10,1.56826E+10,1.57208E+10,1.57588E+10,1.57966E+10,1.58343E+10,1.58718E+10,1.59092E+10,1.59464E+10,1.59835E+10,1.60204E+10,1.60571E+10,1.60937E+10,1.61301E+10,1.61664E+10,1.62025E+10,1.62385E+10,1.62743E+10,1.63099E+10,1.63454E+10,1.63808E+10,1.6416E+10,1.64511E+10,1.6486E+10,1.65207E+10,1.65554E+10,1.65898E+10,1.66242E+10,1.66584E+10,1.66925E+10,1.67264E+10,1.67602E+10,1.67938E+10,1.68274E+10,1.68608E+10,1.68942E+10,1.69277E+10,1.69611E+10,1.69947E+10,1.70284E+10,1.70623E+10,1.70965E+10,1.71309E+10,1.71655E+10,1.72005E+10,1.72359E+10,1.72717E+10,1.73079E+10,1.73445E+10,1.73817E+10,1.74195E+10,1.74579E+10,1.7497E+10,1.75367E+10,1.7577E+10,1.76179E+10,1.76594E+10,1.77016E+10,1.77443E+10,1.77877E+10,1.78318E+10,1.78766E+10,1.79222E+10,1.79685E+10,1.80157E+10,1.80636E+10,1.81123E+10,1.81617E+10,1.82118E+10,1.82626E+10,1.8314E+10,1.8366E+10,1.84185E+10,1.84716E+10,1.85251E+10,1.85791E+10,1.86335E+10,1.86884E+10,1.87438E+10,1.87996E+10,1.88558E+10,1.89125E+10,1.89695E+10,1.90269E+10,1.90846E+10,1.91426E+10,1.92009E+10,1.92595E+10,1.93184E+10,1.93775E+10,1.94369E+10,1.94964E+10,1.95561E+10,1.9616E+10,1.96761E+10,1.97363E+10,1.97967E+10,1.98572E+10,1.99179E+10,1.99787E+10,2.00396E+10,2.01006E+10,2.01616E+10,2.02227E+10,2.02839E+10,2.0345E+10,2.04061E+10,2.04672E+10,2.05282E+10,2.05891E+10,2.06498E+10,2.07103E+10,2.07705E+10,2.08305E+10,2.08902E+10,2.09496E+10,2.10086E+10,2.10674E+10,2.11259E+10,2.1184E+10,2.12419E+10,2.12994E+10,2.13567E+10,2.14137E+10,2.14703E+10,2.15267E+10,2.15828E+10,2.16386E+10,2.16941E+10,2.17493E+10,2.18043E+10,2.1859E+10,2.19133E+10,2.19675E+10,2.20213E+10,2.20749E+10,2.21282E+10,2.21813E+10,2.22341E+10,2.22867E+10,2.2339E+10,2.23911E+10,2.2443E+10,2.24946E+10,2.25459E+10,2.2597E+10,2.26479E+10,2.26986E+10,2.2749E+10,2.27992E+10,2.28492E+10,2.28989E+10,2.29484E+10,2.29977E+10,2.30467E+10,2.30956E+10,2.31442E+10,2.31926E+10,2.32408E+10,2.32887E+10,2.33365E+10,2.3384E+10,2.34313E+10,2.34784E+10,2.35253E+10,2.35719E+10,2.36184E+10,2.36646E+10,2.37106E+10,2.37564E+10,2.3802E+10,2.38473E+10,2.38925E+10,2.39374E+10,2.39821E+10,2.40266E+10,2.40709E+10,2.4115E+10,2.41588E+10,2.42025E+10,2.42459E+10,2.42891E+10,2.43321E+10,2.43749E+10,2.44175E+10,2.44599E+10,2.4502E+10,2.4544E+10,2.45857E+10,2.46272E+10,2.46685E+10,2.47097E+10,2.47506E+10,2.47913E+10,2.48318E+10,2.48721E+10,2.49122E+10,2.49521E+10,2.49918E+10,2.50313E+10,2.50706E+10,2.51097E+10,2.51487E+10,2.51874E+10,2.52259E+10,2.52643E+10,2.53024E+10,2.53404E+10,2.53782E+10,2.54158E+10,2.54532E+10,2.54904E+10,2.55275E+10,2.55643E+10,2.5601E+10,2.56375E+10,2.56738E+10,2.57099E+10,2.57459E+10,2.57816E+10,2.58172E+10,2.58526E+10,2.58879E+10,2.59229E+10,2.59578E+10,2.59925E+10,2.6027E+10,2.60614E+10,2.60956E+10,2.61296E+10,2.61635E+10,2.61972E+10,2.62307E+10,2.62641E+10,2.62972E+10,2.63303E+10,2.63631E+10,2.63958E+10,2.64284E+10,2.64607E+10,2.64929E+10,2.6525E+10,2.65569E+10,2.65886E+10,2.66202E+10,2.66516E+10,2.66829E+10,2.6714E+10,2.6745E+10,2.67758E+10,2.68065E+10,2.6837E+10,2.68673E+10,2.68976E+10,2.69276E+10,2.69575E+10,2.69873E+10,2.70169E+10,2.70464E+10,2.70758E+10,2.7105E+10,2.7134E+10,2.7163E+10,2.71918E+10,2.72204E+10,2.7249E+10,2.72775E+10,2.7306E+10,2.73345E+10,2.7363E+10,2.73916E+10,2.74202E+10,2.74488E+10,2.74774E+10,2.75061E+10,2.75347E+10,2.75634E+10,2.7592E+10,2.76207E+10,2.76494E+10,2.7678E+10,2.77067E+10,2.77354E+10,2.77642E+10,2.77929E+10,2.78217E+10,2.78505E+10,2.78793E+10,2.79082E+10,2.79372E+10,2.79663E+10,2.79954E+10,2.80248E+10,2.80544E+10,2.80844E+10,2.81147E+10,2.81455E+10,2.81767E+10,2.82085E+10,2.82409E+10,2.82743E+10,2.83089E+10,2.83449E+10,2.83822E+10,2.8421E+10,2.84613E+10,2.85031E+10,2.85465E+10,2.85914E+10,2.86379E+10,2.8686E+10,2.87356E+10,2.87867E+10,2.88393E+10,2.88934E+10,2.8949E+10,2.9006E+10,2.90644E+10,2.91242E+10,2.91854E+10,2.9248E+10,2.93118E+10,2.93769E+10,2.94431E+10,2.95105E+10,2.9579E+10,2.96484E+10,2.97188E+10,2.97901E+10,2.98621E+10,2.9935E+10,3.00085E+10,3.00827E+10,3.01575E+10,3.02328E+10,3.03087E+10,3.0385E+10,3.04618E+10,3.0539E+10,3.06165E+10,3.06943E+10,3.07724E+10,3.08508E+10,3.09295E+10,3.10084E+10,3.10874E+10,3.11667E+10,3.12461E+10,3.13257E+10,3.14054E+10,3.14853E+10,3.15653E+10,3.16454E+10,3.17256E+10,3.1806E+10,3.18865E+10,3.19672E+10,3.20479E+10,3.21288E+10,3.22097E+10,3.22907E+10,3.23718E+10,3.24529E+10,3.2534E+10,3.26151E+10,3.26961E+10,3.27772E+10,3.28581E+10,3.29389E+10,3.30196E+10,3.31001E+10,3.31805E+10,3.32606E+10,3.33406E+10,3.34203E+10,3.34998E+10,3.35791E+10,3.36581E+10,3.37368E+10,3.38154E+10,3.38936E+10,3.39717E+10,3.40495E+10,3.41271E+10,3.42045E+10,3.42818E+10,3.4359E+10,3.44363E+10,3.45136E+10,3.45909E+10,3.46684E+10,3.47459E+10,3.48235E+10,3.49013E+10,3.49792E+10,3.50572E+10,3.51355E+10,3.5214E+10,3.52927E+10,3.53717E+10,3.5451E+10,3.55305E+10,3.56104E+10,3.56906E+10,3.57711E+10,3.58519E+10,3.5933E+10,3.60144E+10,3.60961E+10,3.61781E+10,3.62605E+10,3.63433E+10,3.64263E+10,3.65098E+10,3.65935E+10,3.66776E+10,3.6762E+10,3.68466E+10,3.69315E+10,3.70166E+10,3.7102E+10,3.71875E+10,3.72732E+10,3.73591E+10,3.74451E+10,3.75312E+10,3.76175E+10,3.77038E+10,3.77902E+10,3.78766E+10,3.79631E+10,3.80497E+10,3.81363E+10,3.8223E+10,3.83096E+10,3.83964E+10,3.84831E+10,3.857E+10,3.86569E+10,3.87438E+10,3.88308E+10,3.89178E+10,3.90048E+10,3.90919E+10,3.9179E+10,3.92662E+10,3.93536E+10,3.9441E+10,3.95286E+10,3.96163E+10,3.97041E+10,3.9792E+10,3.988E+10,3.99681E+10,4.00562E+10,4.01443E+10,4.02325E+10,4.03207E+10,4.0409E+10,4.04972E+10,4.05854E+10,4.06736E+10,4.07617E+10,4.08499E+10,4.0938E+10,4.1026E+10,4.1114E+10,4.12019E+10,4.12898E+10,4.13776E+10,4.14652E+10,4.15528E+10,4.16402E+10,4.17275E+10,4.18146E+10,4.19016E+10,4.19885E+10,4.20752E+10,4.21617E+10,4.22481E+10,4.23343E+10,4.24204E+10,4.25064E+10,4.25922E+10,4.26779E+10,4.27635E+10,4.2849E+10,4.29343E+10,4.30194E+10,4.31044E+10,4.31891E+10,4.32736E+10,4.33578E+10,4.34417E+10,4.35254E+10,4.36087E+10,4.36918E+10,4.37744E+10,4.38567E+10,4.39387E+10,4.40202E+10,4.41013E+10,4.41821E+10,4.42624E+10,4.43423E+10,4.44218E+10,4.45008E+10,4.45794E+10,4.46576E+10,4.47354E+10,4.48128E+10,4.48898E+10,4.49664E+10,4.50426E+10,4.51183E+10,4.51937E+10,4.52687E+10,4.53434E+10,4.54176E+10,4.54915E+10,4.5565E+10,4.56381E+10,4.57108E+10,4.57832E+10,4.58553E+10,4.5927E+10,4.59984E+10,4.60694E+10,4.61402E+10,4.62106E+10,4.62808E+10,4.63507E+10,4.64204E+10,4.64897E+10,4.65588E+10,4.66277E+10,4.66963E+10,4.67646E+10,4.68326E+10,4.69004E+10,4.69678E+10,4.7035E+10,4.71019E+10,4.71685E+10,4.72348E+10,4.73008E+10,4.73665E+10,4.7432E+10,4.74971E+10,4.75619E+10,4.76265E+10,4.76908E+10,4.77548E+10,4.78185E+10,4.7882E+10,4.79453E+10,4.80083E+10,4.80711E+10,4.81337E+10,4.81961E+10,4.82584E+10,4.83205E+10,4.83824E+10,4.84441E+10,4.85057E+10,4.85671E+10,4.86283E+10,4.86895E+10,4.87504E+10,4.88113E+10,4.8872E+10,4.89326E+10,4.89931E+10,4.90536E+10,4.9114E+10,4.91743E+10,4.92346E+10,4.92948E+10,4.93551E+10,4.94153E+10,4.94756E+10,4.95359E+10,4.95961E+10,4.96564E+10,4.97167E+10,4.97769E+10,4.98372E+10,4.98975E+10,4.99578E+10,5.00181E+10,5.00785E+10,5.01389E+10,5.01995E+10,5.02601E+10,5.03209E+10,5.03819E+10,5.04429E+10,5.05042E+10,5.05657E+10,5.06273E+10,5.06891E+10,5.07512E+10,5.08134E+10,5.08758E+10,5.09383E+10,5.1001E+10,5.10638E+10,5.11268E+10,5.11898E+10,5.12528E+10,5.13159E+10,5.13791E+10,5.14422E+10,5.15052E+10,5.15681E+10,5.16309E+10,5.16935E+10,5.17559E+10,5.1818E+10,5.18799E+10,5.19415E+10,5.20029E+10,5.2064E+10,5.21249E+10,5.21855E+10,5.22459E+10,5.2306E+10,5.23659E+10,5.24256E+10,5.24851E+10,5.25443E+10,5.26033E+10,5.26621E+10,5.27207E+10,5.27791E+10,5.28373E+10,5.28954E+10,5.29532E+10,5.30109E+10,5.30685E+10,5.31259E+10,5.31832E+10,5.32403E+10,5.32973E+10,5.33543E+10,5.34111E+10,5.34678E+10,5.35245E+10,5.3581E+10,5.36375E+10,5.36939E+10,5.37503E+10,5.38066E+10,5.38628E+10,5.39189E+10,5.3975E+10,5.4031E+10,5.40869E+10,5.41427E+10,5.41984E+10,5.4254E+10,5.43095E+10,5.43648E+10,5.44201E+10,5.44752E+10,5.45301E+10,5.45849E+10,5.46396E+10,5.46941E+10,5.47484E+10,5.48025E+10,5.48564E+10,5.49102E+10,5.49637E+10,5.50171E+10,5.50702E+10,5.51232E+10,5.51759E+10,5.52284E+10,5.52807E+10,5.53327E+10,5.53846E+10,5.54362E+10,5.54875E+10,5.55387E+10,5.55896E+10,5.56403E+10,5.56907E+10,5.57409E+10,5.57909E+10,5.58406E+10,5.58901E+10,5.59394E+10,5.59885E+10,5.60373E+10,5.60859E+10,5.61343E+10,5.61824E+10,5.62304E+10,5.62781E+10,5.63257E+10,5.6373E+10,5.64202E+10,5.64671E+10,5.65139E+10,5.65606E+10,5.66071E+10,5.66534E+10,5.66996E+10,5.67456E+10,5.67915E+10,5.68373E+10,5.6883E+10,5.69286E+10,5.6974E+10,5.70193E+10,5.70646E+10,5.71097E+10,5.71547E+10,5.71997E+10,5.72445E+10,5.72892E+10,5.73338E+10,5.73784E+10,5.74228E+10,5.74671E+10,5.75113E+10,5.75555E+10,5.75995E+10,5.76434E+10,5.76872E+10,5.77309E+10,5.77745E+10,5.7818E+10,5.78613E+10,5.79046E+10,5.79477E+10
"Cost of GDP Cumulative[Wyoming]",0,0,0,0,0,0,0,0,0,0,0,0,0,0,0,0,0,0,0,0,0,1.40167E-42,3.2596E-42,5.5684E-42,1.06209E-41,2.8238E-41,5.14234E-41,7.56794E-41,0.00153631,0.0335507,0.218646,0.858007,2.54587,6.34266,14.0486,28.6408,54.9789,100.928,179.112,309.67,524.613,874.764,1440.82,2350.94,3808,6135.56,9921.98,16536.6,29445.5,56541.6,112442,218002,395225,661223,1.02589E+06,1.49216E+06,2.05884E+06,2.72361E+06,3.48409E+06,4.33777E+06,5.28195E+06,6.31387E+06,7.43076E+06,8.62994E+06,9.90883E+06,1.12649E+07,1.26958E+07,1.41991E+07,1.57726E+07,1.74141E+07,1.9122E+07,2.09014E+07,2.27572E+07,2.46887E+07,2.66945E+07,2.87738E+07,3.09264E+07,3.31567E+07,3.54715E+07,3.7876E+07,4.03804E+07,4.29936E+07,4.57214E+07,4.85727E+07,5.15525E+07,5.46614E+07,5.7898E+07,6.12617E+07,6.47596E+07,6.8397E+07,7.21754E+07,7.61098E+07,8.02173E+07,8.45069E+07,8.89799E+07,9.36328E+07,9.84597E+07,1.03453E+08,1.08604E+08,1.13906E+08,1.1935E+08,1.2493E+08,1.30639E+08,1.36469E+08,1.42413E+08,1.48464E+08,1.54612E+08,1.6085E+08,1.6717E+08,1.73563E+08,1.80023E+08,1.86541E+08,1.9311E+08,1.99726E+08,2.06389E+08,2.13126E+08,2.19973E+08,2.26943E+08,2.3404E+08,2.41262E+08,2.48608E+08,2.56073E+08,2.63657E+08,2.7137E+08,2.79213E+08,2.87185E+08,2.95281E+08,3.03498E+08,3.11828E+08,3.20267E+08,3.28812E+08,3.37469E+08,3.46258E+08,3.55194E+08,3.64289E+08,3.73555E+08,3.8301E+08,3.92678E+08,4.02588E+08,4.1277E+08,4.23234E+08,4.33978E+08,4.44999E+08,4.56294E+08,4.67859E+08,4.79686E+08,4.91764E+08,5.04077E+08,5.16606E+08,5.29347E+08,5.42299E+08,5.55455E+08,5.68802E+08,5.82325E+08,5.96011E+08,6.09845E+08,6.23815E+08,6.37906E+08,6.52106E+08,6.66403E+08,6.80783E+08,6.95236E+08,7.0975E+08,7.24315E+08,7.3892E+08,7.53557E+08,7.68216E+08,7.82889E+08,7.97567E+08,8.12242E+08,8.26907E+08,8.41558E+08,8.56193E+08,8.70811E+08,8.85414E+08,8.99998E+08,9.14561E+08,9.29096E+08,9.43599E+08,9.58064E+08,9.72482E+08,9.86847E+08,1.00115E+09,1.01539E+09,1.02954E+09,1.04361E+09,1.05759E+09,1.07148E+09,1.08527E+09,1.09897E+09,1.11258E+09,1.1261E+09,1.13953E+09,1.15287E+09,1.16613E+09,1.17929E+09,1.19237E+09,1.20535E+09,1.21826E+09,1.23107E+09,1.2438E+09,1.25645E+09,1.26901E+09,1.28149E+09,1.29389E+09,1.3062E+09,1.31843E+09,1.33058E+09,1.34265E+09,1.35464E+09,1.36655E+09,1.37838E+09,1.39014E+09,1.40181E+09,1.41341E+09,1.42493E+09,1.43637E+09,1.44774E+09,1.45903E+09,1.47025E+09,1.4814E+09,1.49247E+09,1.50347E+09,1.51439E+09,1.52525E+09,1.53603E+09,1.54675E+09,1.55739E+09,1.56797E+09,1.57847E+09,1.58891E+09,1.59928E+09,1.60958E+09,1.61982E+09,1.62999E+09,1.6401E+09,1.65014E+09,1.66012E+09,1.67003E+09,1.67988E+09,1.68967E+09,1.6994E+09,1.70907E+09,1.71867E+09,1.72822E+09,1.73771E+09,1.74714E+09,1.75651E+09,1.76582E+09,1.77508E+09,1.78428E+09,1.79343E+09,1.80252E+09,1.81155E+09,1.82053E+09,1.82946E+09,1.83833E+09,1.84715E+09,1.85591E+09,1.86462E+09,1.87328E+09,1.88188E+09,1.89043E+09,1.89893E+09,1.90738E+09,1.91577E+09,1.92411E+09,1.9324E+09,1.94064E+09,1.94883E+09,1.95696E+09,1.96505E+09,1.97308E+09,1.98107E+09,1.989E+09,1.99688E+09,2.00472E+09,2.0125E+09,2.02024E+09,2.02792E+09,2.03556E+09,2.04315E+09,2.05069E+09,2.05819E+09,2.06563E+09,2.07303E+09,2.08039E+09,2.08769E+09,2.09496E+09,2.10217E+09,2.10935E+09,2.11647E+09,2.12356E+09,2.1306E+09,2.1376E+09,2.14455E+09,2.15146E+09,2.15833E+09,2.16516E+09,2.17194E+09,2.17869E+09,2.18539E+09,2.19205E+09,2.19867E+09,2.20525E+09,2.2118E+09,2.2183E+09,2.22477E+09,2.2312E+09,2.23759E+09,2.24394E+09,2.25026E+09,2.25654E+09,2.26279E+09,2.269E+09,2.27517E+09,2.28131E+09,2.28742E+09,2.29349E+09,2.29953E+09,2.30553E+09,2.31151E+09,2.31745E+09,2.32336E+09,2.32924E+09,2.33508E+09,2.3409E+09,2.34668E+09,2.35243E+09,2.35816E+09,2.36385E+09,2.36952E+09,2.37515E+09,2.38076E+09,2.38633E+09,2.39188E+09,2.3974E+09,2.40289E+09,2.40835E+09,2.41378E+09,2.41919E+09,2.42457E+09,2.42992E+09,2.43525E+09,2.44054E+09,2.44581E+09,2.45106E+09,2.45628E+09,2.46147E+09,2.46664E+09,2.47179E+09,2.47691E+09,2.482E+09,2.48708E+09,2.49213E+09,2.49715E+09,2.50216E+09,2.50716E+09,2.51214E+09,2.51711E+09,2.52208E+09,2.52703E+09,2.53198E+09,2.53692E+09,2.54185E+09,2.54677E+09,2.5517E+09,2.55663E+09,2.56159E+09,2.56659E+09,2.57162E+09,2.57669E+09,2.58179E+09,2.58694E+09,2.59212E+09,2.59734E+09,2.60259E+09,2.60789E+09,2.61323E+09,2.61861E+09,2.62404E+09,2.62952E+09,2.63506E+09,2.64069E+09,2.64642E+09,2.65227E+09,2.65826E+09,2.66438E+09,2.67065E+09,2.67706E+09,2.68359E+09,2.69024E+09,2.697E+09,2.70387E+09,2.71085E+09,2.71791E+09,2.72507E+09,2.7323E+09,2.73961E+09,2.74698E+09,2.75442E+09,2.7619E+09,2.76943E+09,2.77699E+09,2.78458E+09,2.7922E+09,2.79983E+09,2.80747E+09,2.81512E+09,2.82277E+09,2.83042E+09,2.83807E+09,2.84572E+09,2.85338E+09,2.86104E+09,2.86871E+09,2.8764E+09,2.8841E+09,2.8918E+09,2.89951E+09,2.90723E+09,2.91498E+09,2.92277E+09,2.93063E+09,2.93856E+09,2.94658E+09,2.95468E+09,2.96285E+09,2.97109E+09,2.97938E+09,2.98773E+09,2.99612E+09,3.00456E+09,3.01302E+09,3.02151E+09,3.03002E+09,3.03854E+09,3.04707E+09,3.05559E+09,3.0641E+09,3.0726E+09,3.08108E+09,3.08953E+09,3.09795E+09,3.10633E+09,3.11467E+09,3.12297E+09,3.13122E+09,3.13943E+09,3.14759E+09,3.15571E+09,3.16379E+09,3.17183E+09,3.17983E+09,3.18778E+09,3.1957E+09,3.20357E+09,3.2114E+09,3.2192E+09,3.22695E+09,3.23467E+09,3.24234E+09,3.24998E+09,3.25758E+09,3.26514E+09,3.27267E+09,3.28018E+09,3.28766E+09,3.29511E+09,3.30254E+09,3.30993E+09,3.3173E+09,3.32463E+09,3.33192E+09,3.33917E+09,3.3464E+09,3.35358E+09,3.36074E+09,3.36785E+09,3.37494E+09,3.38198E+09,3.389E+09,3.39598E+09,3.40293E+09,3.40984E+09,3.41672E+09,3.42357E+09,3.43038E+09,3.43716E+09,3.44391E+09,3.45063E+09,3.45731E+09,3.46397E+09,3.47059E+09,3.47718E+09,3.48374E+09,3.49026E+09,3.49676E+09,3.50322E+09,3.50966E+09,3.51606E+09,3.52243E+09,3.52877E+09,3.53507E+09,3.54135E+09,3.5476E+09,3.55381E+09,3.55999E+09,3.56614E+09,3.57226E+09,3.57835E+09,3.58441E+09,3.59044E+09,3.59644E+09,3.6024E+09,3.60834E+09,3.61425E+09,3.62012E+09,3.62597E+09,3.63179E+09,3.63758E+09,3.64333E+09,3.64906E+09,3.65477E+09,3.66044E+09,3.66608E+09,3.6717E+09,3.67728E+09,3.68284E+09,3.68838E+09,3.69388E+09,3.69936E+09,3.70481E+09,3.71023E+09,3.71562E+09,3.72099E+09,3.72633E+09,3.73165E+09,3.73694E+09,3.7422E+09,3.74744E+09,3.75265E+09,3.75784E+09,3.763E+09,3.76813E+09,3.77324E+09,3.77833E+09,3.78339E+09,3.78843E+09,3.79344E+09,3.79843E+09,3.80339E+09,3.80833E+09,3.81324E+09,3.81814E+09,3.823E+09,3.82785E+09,3.83267E+09,3.83747E+09,3.84224E+09,3.84699E+09,3.85172E+09,3.85642E+09,3.86111E+09,3.86577E+09,3.87041E+09,3.87502E+09,3.87962E+09,3.88419E+09,3.88875E+09,3.89328E+09,3.89779E+09,3.90227E+09,3.90674E+09,3.91119E+09,3.91562E+09,3.92002E+09,3.92441E+09,3.92878E+09,3.93312E+09,3.93745E+09,3.94176E+09,3.94605E+09,3.95032E+09,3.95457E+09,3.9588E+09,3.96301E+09,3.96721E+09,3.97139E+09,3.97557E+09,3.97973E+09,3.98389E+09,3.98805E+09,3.99221E+09,3.99636E+09,4.00051E+09,4.00467E+09,4.00884E+09,4.01302E+09,4.01721E+09,4.02142E+09,4.02565E+09,4.02991E+09,4.03419E+09,4.03849E+09,4.04281E+09,4.04716E+09,4.05153E+09,4.05591E+09,4.06031E+09,4.06473E+09,4.06916E+09,4.0736E+09,4.07805E+09,4.08252E+09,4.087E+09,4.09149E+09,4.09599E+09,4.1005E+09,4.10502E+09,4.10956E+09,4.11412E+09,4.11871E+09,4.12332E+09,4.12799E+09,4.13273E+09,4.13758E+09,4.14255E+09,4.14768E+09,4.15296E+09,4.15842E+09,4.16403E+09,4.16982E+09,4.17578E+09,4.18191E+09,4.18821E+09,4.19468E+09,4.20131E+09,4.2081E+09,4.21504E+09,4.22214E+09,4.22938E+09,4.23677E+09,4.24431E+09,4.252E+09,4.25983E+09,4.26782E+09,4.27596E+09,4.28426E+09,4.29271E+09,4.30132E+09,4.31009E+09,4.319E+09,4.32806E+09,4.33726E+09,4.3466E+09,4.35606E+09,4.36563E+09,4.37531E+09,4.38509E+09,4.39496E+09,4.40492E+09,4.41495E+09,4.42506E+09,4.43523E+09,4.44549E+09,4.45582E+09,4.46623E+09,4.47671E+09,4.48727E+09,4.49788E+09,4.50853E+09,4.51924E+09,4.52997E+09,4.54073E+09,4.55151E+09,4.56231E+09,4.57311E+09,4.58392E+09,4.59473E+09,4.60553E+09,4.61634E+09,4.62714E+09,4.63796E+09,4.6488E+09,4.65965E+09,4.67053E+09,4.68143E+09,4.69236E+09,4.70331E+09,4.71427E+09,4.72525E+09,4.73624E+09,4.74723E+09,4.75822E+09,4.76921E+09,4.78019E+09,4.79116E+09,4.80212E+09,4.81306E+09,4.82398E+09,4.83488E+09,4.84576E+09,4.85661E+09,4.86744E+09,4.87824E+09,4.88901E+09,4.89974E+09,4.91044E+09,4.92109E+09,4.9317E+09,4.94226E+09,4.95278E+09,4.96328E+09,4.97374E+09,4.98417E+09,4.99459E+09,5.00499E+09,5.0154E+09,5.02581E+09,5.03624E+09,5.04669E+09,5.05717E+09,5.06768E+09,5.07823E+09,5.08881E+09,5.09941E+09,5.11004E+09,5.12068E+09,5.13135E+09,5.14202E+09,5.15272E+09,5.16342E+09,5.17414E+09,5.18486E+09,5.19559E+09,5.20632E+09,5.21705E+09,5.22777E+09,5.2385E+09,5.24921E+09,5.25992E+09,5.27062E+09,5.28131E+09,5.292E+09,5.30269E+09,5.31341E+09,5.32415E+09,5.33494E+09,5.34576E+09,5.35661E+09,5.36749E+09,5.37839E+09,5.38931E+09,5.40023E+09,5.41115E+09,5.42207E+09,5.43299E+09,5.44388E+09,5.45476E+09,5.46562E+09,5.47646E+09,5.48727E+09,5.49805E+09,5.5088E+09,5.51953E+09,5.53022E+09,5.54088E+09,5.5515E+09,5.5621E+09,5.57266E+09,5.5832E+09,5.59371E+09,5.60419E+09,5.61465E+09,5.62507E+09,5.63547E+09,5.64584E+09,5.6562E+09,5.66654E+09,5.67686E+09,5.68718E+09,5.69748E+09,5.70778E+09,5.71807E+09,5.72835E+09,5.73863E+09,5.74889E+09,5.75915E+09,5.7694E+09,5.77964E+09,5.78988E+09,5.8001E+09,5.81032E+09,5.82052E+09,5.83072E+09,5.84091E+09,5.8511E+09,5.86128E+09,5.87145E+09,5.88161E+09,5.89176E+09,5.9019E+09,5.91202E+09,5.92213E+09,5.93223E+09,5.94232E+09,5.95238E+09,5.96243E+09,5.97246E+09,5.98247E+09,5.99246E+09,6.00242E+09,6.01236E+09,6.02228E+09,6.03218E+09,6.04205E+09,6.0519E+09,6.06173E+09,6.07153E+09,6.08131E+09,6.09106E+09,6.10079E+09,6.11047E+09,6.12013E+09,6.12975E+09,6.13932E+09,6.14886E+09,6.15836E+09,6.1678E+09,6.17721E+09,6.18656E+09,6.19587E+09,6.20513E+09,6.21434E+09,6.2235E+09,6.23262E+09,6.24169E+09,6.25072E+09,6.25969E+09,6.26862E+09,6.27751E+09,6.28634E+09,6.29513E+09,6.30388E+09,6.31258E+09,6.32123E+09,6.32984E+09,6.33841E+09,6.34693E+09,6.3554E+09,6.36383E+09,6.37221E+09,6.38055E+09,6.38884E+09,6.39709E+09,6.40529E+09,6.41346E+09,6.42157E+09,6.42965E+09,6.43768E+09,6.44566E+09,6.45361E+09,6.46151E+09,6.46937E+09,6.47719E+09,6.48497E+09,6.4927E+09,6.5004E+09,6.50805E+09,6.51566E+09,6.52323E+09,6.53077E+09,6.53826E+09,6.54571E+09,6.55313E+09,6.5605E+09,6.56784E+09,6.57514E+09,6.5824E+09,6.58962E+09,6.59681E+09,6.60396E+09,6.61107E+09,6.61815E+09,6.62519E+09,6.6322E+09,6.63917E+09,6.64611E+09,6.65302E+09,6.65989E+09,6.66673E+09,6.67353E+09,6.68031E+09,6.68705E+09,6.69376E+09,6.70044E+09,6.70709E+09,6.71371E+09,6.7203E+09,6.72686E+09,6.73339E+09,6.73989E+09,6.74637E+09,6.75283E+09,6.75927E+09,6.76569E+09,6.77211E+09,6.77851E+09,6.7849E+09,6.7913E+09,6.79769E+09,6.8041E+09,6.81054E+09,6.81701E+09,6.82352E+09,6.83006E+09,6.83665E+09,6.84329E+09,6.84996E+09,6.85667E+09,6.86343E+09,6.87021E+09,6.87704E+09,6.8839E+09,6.8908E+09,6.89774E+09,6.90471E+09,6.91171E+09,6.91875E+09,6.92583E+09,6.93293E+09,6.94007E+09,6.94725E+09,6.95445E+09,6.96169E+09,6.96895E+09,6.97623E+09,6.98353E+09,6.99085E+09,6.99817E+09,7.00551E+09,7.01284E+09,7.02017E+09,7.0275E+09,7.03481E+09,7.04212E+09,7.0494E+09,7.05666E+09,7.06388E+09,7.07108E+09,7.07824E+09,7.08538E+09,7.09249E+09,7.09957E+09,7.10662E+09,7.11364E+09,7.12064E+09,7.1276E+09,7.13454E+09,7.14146E+09,7.14835E+09,7.15521E+09,7.16205E+09,7.16886E+09,7.17565E+09,7.18241E+09,7.18915E+09,7.19587E+09,7.20256E+09,7.20923E+09,7.21588E+09,7.22251E+09,7.22912E+09,7.23571E+09,7.24228E+09,7.24883E+09,7.25536E+09,7.26187E+09,7.26836E+09,7.27483E+09,7.28128E+09,7.28771E+09,7.29412E+09,7.30051E+09,7.30689E+09,7.31324E+09,7.31957E+09,7.32588E+09,7.33217E+09,7.33844E+09,7.34469E+09,7.35092E+09,7.35713E+09,7.36331E+09,7.36948E+09,7.37562E+09,7.38174E+09,7.38784E+09,7.39392E+09,7.39998E+09,7.40601E+09,7.41202E+09,7.41801E+09,7.42398E+09,7.42993E+09,7.43585E+09,7.44175E+09,7.44763E+09,7.45348E+09,7.45931E+09,7.46512E+09,7.47091E+09,7.47668E+09,7.48242E+09,7.48814E+09,7.49383E+09,7.49951E+09,7.50516E+09,7.51078E+09,7.51639E+09,7.52197E+09,7.52753E+09,7.53307E+09,7.53859E+09,7.54408E+09,7.54955E+09,7.555E+09,7.56043E+09,7.56584E+09,7.57122E+09,7.57658E+09,7.58193E+09,7.58725E+09,7.59255E+09,7.59783E+09,7.60308E+09,7.60832E+09,7.61354E+09,7.61874E+09,7.62392E+09,7.62908E+09,7.63422E+09,7.63934E+09,7.64445E+09,7.64953E+09,7.6546E+09,7.65965E+09,7.66468E+09,7.66969E+09,7.67468E+09,7.67966E+09,7.68462E+09,7.68957E+09,7.69449E+09,7.6994E+09,7.7043E+09,7.70918E+09,7.71404E+09,7.71889E+09,7.72372E+09,7.72853E+09,7.73333E+09,7.73812E+09,7.74289E+09,7.74765E+09,7.75239E+09,7.75712E+09,7.76183E+09,7.76653E+09,7.77121E+09
"Cost of Hospitalizations Cumulative[Alabama]",0,0,0,0,0,0,0,0,0,0,0,0,0,0,0,0,0,0,0,0,0,0.213725,2.91051,11.2009,28.137,56.9611,101.287,165.267,253.771,372.654,529.488,733.981,998.554,1339.13,1776.72,2339.6,3063.52,3992.75,5180.92,6692.26,8604.27,11013.4,14042.3,17848.4,22629.6,28627,36140.1,45533.2,57253.9,71838.3,89908.8,112230,139783,173864,216117,268641,334069,415617,517055,642767,797924,988522,1.22155E+06,1.50513E+06,1.84875E+06,2.2633E+06,2.76046E+06,3.35177E+06,4.04782E+06,4.85782E+06,5.78845E+06,6.84379E+06,8.02502E+06,9.33008E+06,1.07536E+07,1.22888E+07,1.39255E+07,1.56513E+07,1.74514E+07,1.93099E+07,2.12119E+07,2.31434E+07,2.50917E+07,2.70448E+07,2.89924E+07,3.09259E+07,3.28377E+07,3.47217E+07,3.65729E+07,3.83879E+07,4.01646E+07,4.19014E+07,4.35974E+07,4.52527E+07,4.68681E+07,4.84454E+07,4.99865E+07,5.14932E+07,5.29676E+07,5.44113E+07,5.58259E+07,5.72127E+07,5.85736E+07,5.991E+07,6.12231E+07,6.25137E+07,6.3783E+07,6.50318E+07,6.62615E+07,6.74688E+07,6.86533E+07,6.98172E+07,7.09568E+07,7.20798E+07,7.31843E+07,7.42737E+07,7.53499E+07,7.64126E+07,7.74679E+07,7.85205E+07,7.95695E+07,8.06326E+07,8.17216E+07,8.28303E+07,8.39568E+07,8.51145E+07,8.62878E+07,8.74658E+07,8.86496E+07,8.98253E+07,9.09925E+07,9.21767E+07,9.33653E+07,9.45471E+07,9.572E+07,9.68737E+07,9.79988E+07,9.91035E+07,1.00186E+08,1.01244E+08,1.02278E+08,1.03304E+08,1.04325E+08,1.0534E+08,1.06354E+08,1.07361E+08,1.08368E+08,1.09388E+08,1.10415E+08,1.11441E+08,1.12464E+08,1.13478E+08,1.14488E+08,1.15496E+08,1.16498E+08,1.17512E+08,1.18557E+08,1.19596E+08,1.20624E+08,1.21651E+08,1.22682E+08,1.23726E+08,1.24758E+08,1.25763E+08,1.26778E+08,1.27801E+08,1.2888E+08,1.30039E+08,1.31191E+08,1.32346E+08,1.33512E+08,1.34683E+08,1.35866E+08,1.37019E+08,1.38121E+08,1.39246E+08,1.40396E+08,1.41569E+08,1.42758E+08,1.43958E+08,1.4518E+08,1.46432E+08,1.47706E+08,1.48995E+08,1.50299E+08,1.51624E+08,1.5298E+08,1.54367E+08,1.55783E+08,1.5723E+08,1.5869E+08,1.60165E+08,1.61653E+08,1.63131E+08,1.64587E+08,1.66012E+08,1.67427E+08,1.68844E+08,1.70262E+08,1.71677E+08,1.73088E+08,1.74506E+08,1.75943E+08,1.77389E+08,1.78844E+08,1.80306E+08,1.81776E+08,1.83271E+08,1.8479E+08,1.86326E+08,1.87887E+08,1.89475E+08,1.91091E+08,1.92721E+08,1.94357E+08,1.96013E+08,1.9769E+08,1.99377E+08,2.01071E+08,2.02776E+08,2.04499E+08,2.06232E+08,2.07967E+08,2.09715E+08,2.11474E+08,2.13243E+08,2.1503E+08,2.16822E+08,2.18609E+08,2.20393E+08,2.22183E+08,2.23991E+08,2.25795E+08,2.27584E+08,2.29359E+08,2.31124E+08,2.32889E+08,2.34653E+08,2.36404E+08,2.3816E+08,2.39931E+08,2.41719E+08,2.43542E+08,2.45378E+08,2.47209E+08,2.49043E+08,2.5088E+08,2.52721E+08,2.54556E+08,2.56375E+08,2.58196E+08,2.60031E+08,2.61882E+08,2.63743E+08,2.65611E+08,2.6749E+08,2.69387E+08,2.713E+08,2.73218E+08,2.75143E+08,2.77077E+08,2.79015E+08,2.80952E+08,2.82875E+08,2.84787E+08,2.86702E+08,2.88619E+08,2.90532E+08,2.92427E+08,2.94316E+08,2.96207E+08,2.98075E+08,2.99922E+08,3.0176E+08,3.03605E+08,3.05441E+08,3.07261E+08,3.09064E+08,3.10862E+08,3.12643E+08,3.14389E+08,3.16082E+08,3.17742E+08,3.19366E+08,3.20953E+08,3.22513E+08,3.24059E+08,3.25597E+08,3.27151E+08,3.2873E+08,3.30314E+08,3.31903E+08,3.33499E+08,3.35102E+08,3.36713E+08,3.3832E+08,3.39918E+08,3.41525E+08,3.43126E+08,3.44704E+08,3.46266E+08,3.47829E+08,3.4939E+08,3.50942E+08,3.52486E+08,3.5403E+08,3.55583E+08,3.57134E+08,3.58667E+08,3.60186E+08,3.61693E+08,3.63187E+08,3.64672E+08,3.66156E+08,3.67636E+08,3.69113E+08,3.70589E+08,3.72058E+08,3.73519E+08,3.74973E+08,3.76412E+08,3.77841E+08,3.79262E+08,3.80672E+08,3.82072E+08,3.83466E+08,3.84853E+08,3.86238E+08,3.87626E+08,3.89025E+08,3.90435E+08,3.91856E+08,3.93285E+08,3.94727E+08,3.96185E+08,3.97662E+08,3.99154E+08,4.00675E+08,4.02224E+08,4.03791E+08,4.05389E+08,4.0702E+08,4.08679E+08,4.10362E+08,4.12059E+08,4.13781E+08,4.15534E+08,4.17325E+08,4.19168E+08,4.21045E+08,4.22961E+08,4.24915E+08,4.26913E+08,4.2896E+08,4.31031E+08,4.33122E+08,4.3526E+08,4.37446E+08,4.39684E+08,4.41968E+08,4.44286E+08,4.46664E+08,4.49101E+08,4.51588E+08,4.54118E+08,4.56689E+08,4.5932E+08,4.62034E+08,4.64816E+08,4.67666E+08,4.70613E+08,4.73661E+08,4.76798E+08,4.8001E+08,4.83288E+08,4.86626E+08,4.90012E+08,4.93411E+08,4.96786E+08,5.00106E+08,5.03416E+08,5.06749E+08,5.10111E+08,5.13489E+08,5.169E+08,5.20392E+08,5.23951E+08,5.27537E+08,5.3112E+08,5.34687E+08,5.38244E+08,5.41785E+08,5.45318E+08,5.48876E+08,5.52449E+08,5.56029E+08,5.59622E+08,5.63231E+08,5.66881E+08,5.70568E+08,5.74259E+08,5.77959E+08,5.81667E+08,5.85394E+08,5.89196E+08,5.93066E+08,5.96907E+08,6.00693E+08,6.04388E+08,6.08049E+08,6.11692E+08,6.15264E+08,6.18755E+08,6.22254E+08,6.25771E+08,6.29315E+08,6.32837E+08,6.3632E+08,6.39731E+08,6.43076E+08,6.46417E+08,6.49792E+08,6.53215E+08,6.56657E+08,6.60097E+08,6.63551E+08,6.67002E+08,6.70417E+08,6.73795E+08,6.77137E+08,6.80426E+08,6.83681E+08,6.86936E+08,6.90185E+08,6.93411E+08,6.9662E+08,6.99823E+08,7.03042E+08,7.06275E+08,7.09482E+08,7.12667E+08,7.15824E+08,7.18916E+08,7.21957E+08,7.24982E+08,7.27977E+08,7.30944E+08,7.3388E+08,7.36799E+08,7.39747E+08,7.42705E+08,7.45638E+08,7.48547E+08,7.51438E+08,7.54314E+08,7.57165E+08,7.59979E+08,7.62763E+08,7.65519E+08,7.68256E+08,7.70929E+08,7.73511E+08,7.76041E+08,7.78554E+08,7.81052E+08,7.83544E+08,7.86037E+08,7.88559E+08,7.91174E+08,7.93893E+08,7.96579E+08,7.99232E+08,8.01855E+08,8.04451E+08,8.07018E+08,8.09504E+08,8.11862E+08,8.14198E+08,8.16521E+08,8.18836E+08,8.21138E+08,8.23428E+08,8.25712E+08,8.27983E+08,8.3024E+08,8.32482E+08,8.34705E+08,8.36913E+08,8.39107E+08,8.41265E+08,8.43388E+08,8.45483E+08,8.4756E+08,8.49627E+08,8.5168E+08,8.53716E+08,8.5573E+08,8.57733E+08,8.59718E+08,8.61687E+08,8.63637E+08,8.65572E+08,8.67499E+08,8.69432E+08,8.71357E+08,8.73268E+08,8.75147E+08,8.77006E+08,8.78854E+08,8.80691E+08,8.82519E+08,8.84345E+08,8.86171E+08,8.8801E+08,8.89856E+08,8.91711E+08,8.93569E+08,8.95423E+08,8.97274E+08,8.99139E+08,9.01021E+08,9.02923E+08,9.04846E+08,9.06781E+08,9.08739E+08,9.1073E+08,9.12724E+08,9.14721E+08,9.16727E+08,9.18736E+08,9.2075E+08,9.22757E+08,9.24751E+08,9.26764E+08,9.28779E+08,9.308E+08,9.32833E+08,9.34864E+08,9.36893E+08,9.38928E+08,9.40968E+08,9.43032E+08,9.45113E+08,9.47207E+08,9.49319E+08,9.51444E+08,9.53578E+08,9.55796E+08,9.58121E+08,9.6028E+08,9.6246E+08,9.64659E+08,9.66887E+08,9.69138E+08,9.71396E+08,9.73667E+08,9.75949E+08,9.78245E+08,9.80543E+08,9.82824E+08,9.85087E+08,9.87333E+08,9.89564E+08,9.91781E+08,9.93966E+08,9.96105E+08,9.98223E+08,1.00034E+09,1.00248E+09,1.00461E+09,1.00676E+09,1.00895E+09,1.01119E+09,1.01348E+09,1.01579E+09,1.01817E+09,1.02061E+09,1.02312E+09,1.02571E+09,1.02838E+09,1.03113E+09,1.03393E+09,1.03679E+09,1.03975E+09,1.04282E+09,1.046E+09,1.04929E+09,1.0527E+09,1.05627E+09,1.05996E+09,1.06376E+09,1.06765E+09,1.07165E+09,1.07576E+09,1.07995E+09,1.08422E+09,1.08857E+09,1.09299E+09,1.09747E+09,1.10198E+09,1.10652E+09,1.11109E+09,1.11572E+09,1.12036E+09,1.12502E+09,1.12969E+09,1.13438E+09,1.13909E+09,1.1438E+09,1.14849E+09,1.15318E+09,1.15787E+09,1.16254E+09,1.16721E+09,1.1719E+09,1.17661E+09,1.18132E+09,1.18607E+09,1.19082E+09,1.19559E+09,1.20036E+09,1.20515E+09,1.20999E+09,1.21487E+09,1.21979E+09,1.22472E+09,1.22966E+09,1.23461E+09,1.23958E+09,1.24455E+09,1.24952E+09,1.25448E+09,1.25941E+09,1.26431E+09,1.26916E+09,1.27395E+09,1.2787E+09,1.28338E+09,1.28795E+09,1.29245E+09,1.2969E+09,1.30132E+09,1.30572E+09,1.3101E+09,1.31447E+09,1.31884E+09,1.32323E+09,1.32758E+09,1.33188E+09,1.33609E+09,1.34022E+09,1.34439E+09,1.3486E+09,1.3528E+09,1.35699E+09,1.36118E+09,1.36541E+09,1.36968E+09,1.3739E+09,1.37806E+09,1.38217E+09,1.38625E+09,1.39026E+09,1.39418E+09,1.39801E+09,1.4018E+09,1.40559E+09,1.40933E+09,1.41304E+09,1.41672E+09,1.42041E+09,1.42407E+09,1.42764E+09,1.43114E+09,1.43457E+09,1.43795E+09,1.44129E+09,1.44458E+09,1.44783E+09,1.45106E+09,1.45424E+09,1.45738E+09,1.46049E+09,1.46359E+09,1.46666E+09,1.46972E+09,1.47274E+09,1.47571E+09,1.47866E+09,1.48159E+09,1.4845E+09,1.48736E+09,1.4902E+09,1.49303E+09,1.49583E+09,1.49862E+09,1.50141E+09,1.50419E+09,1.50699E+09,1.5098E+09,1.51259E+09,1.51541E+09,1.51825E+09,1.52111E+09,1.52398E+09,1.52687E+09,1.52979E+09,1.53273E+09,1.53571E+09,1.53872E+09,1.54176E+09,1.54484E+09,1.54797E+09,1.55123E+09,1.55467E+09,1.55788E+09,1.56116E+09,1.56448E+09,1.56786E+09,1.5713E+09,1.57481E+09,1.57838E+09,1.58201E+09,1.5857E+09,1.58946E+09,1.59328E+09,1.59714E+09,1.60106E+09,1.60503E+09,1.60906E+09,1.61315E+09,1.61732E+09,1.62155E+09,1.62584E+09,1.6302E+09,1.63464E+09,1.63912E+09,1.64366E+09,1.64828E+09,1.65295E+09,1.65765E+09,1.66237E+09,1.66707E+09,1.67174E+09,1.67642E+09,1.68113E+09,1.68589E+09,1.69072E+09,1.69563E+09,1.70062E+09,1.70572E+09,1.71086E+09,1.71599E+09,1.72113E+09,1.72626E+09,1.73139E+09,1.73652E+09,1.74165E+09,1.7468E+09,1.75197E+09,1.75714E+09,1.76233E+09,1.76753E+09,1.77275E+09,1.77798E+09,1.78326E+09,1.78857E+09,1.79391E+09,1.79928E+09,1.80468E+09,1.81012E+09,1.81558E+09,1.82103E+09,1.82646E+09,1.83193E+09,1.83747E+09,1.84308E+09,1.84897E+09,1.85498E+09,1.86083E+09,1.86644E+09,1.87208E+09,1.87778E+09,1.8839E+09,1.89016E+09,1.89632E+09,1.90228E+09,1.90817E+09,1.9139E+09,1.91962E+09,1.92558E+09,1.93166E+09,1.93773E+09,1.94365E+09,1.94941E+09,1.95485E+09,1.96023E+09,1.9661E+09,1.97223E+09,1.97821E+09,1.98411E+09,1.98959E+09,1.99478E+09,1.99998E+09,2.0053E+09,2.01057E+09,2.01583E+09,2.02098E+09,2.02578E+09,2.03038E+09,2.03497E+09,2.03948E+09,2.0439E+09,2.04819E+09,2.05238E+09,2.05649E+09,2.06052E+09,2.06445E+09,2.06829E+09,2.07205E+09,2.07579E+09,2.07949E+09,2.08313E+09,2.08673E+09,2.09027E+09,2.0938E+09,2.09732E+09,2.10081E+09,2.10428E+09,2.10771E+09,2.11109E+09,2.11442E+09,2.11769E+09,2.12089E+09,2.12406E+09,2.12719E+09,2.13029E+09,2.13338E+09,2.13648E+09,2.13956E+09,2.14261E+09,2.14562E+09,2.1486E+09,2.15156E+09,2.15448E+09,2.15736E+09,2.16019E+09,2.16298E+09,2.16573E+09,2.16847E+09,2.17119E+09,2.1739E+09,2.1766E+09,2.17931E+09,2.18203E+09,2.18477E+09,2.18751E+09,2.19024E+09,2.19296E+09,2.19565E+09,2.19833E+09,2.20099E+09,2.20363E+09,2.20628E+09,2.20894E+09,2.21161E+09,2.2143E+09,2.21701E+09,2.21971E+09,2.22243E+09,2.22515E+09,2.2279E+09,2.23066E+09,2.23343E+09,2.23623E+09,2.23904E+09,2.24187E+09,2.24473E+09,2.24764E+09,2.25057E+09,2.25353E+09,2.25653E+09,2.25957E+09,2.26265E+09,2.26578E+09,2.26895E+09,2.27215E+09,2.27538E+09,2.27864E+09,2.28192E+09,2.28524E+09,2.28861E+09,2.29203E+09,2.29553E+09,2.29914E+09,2.30285E+09,2.30664E+09,2.31051E+09,2.31444E+09,2.31841E+09,2.32241E+09,2.32644E+09,2.33049E+09,2.33455E+09,2.33864E+09,2.34276E+09,2.34692E+09,2.35112E+09,2.35537E+09,2.35965E+09,2.36396E+09,2.3683E+09,2.37266E+09,2.37705E+09,2.38147E+09,2.38592E+09,2.39039E+09,2.39489E+09,2.39944E+09,2.40402E+09,2.40862E+09,2.41324E+09,2.41788E+09,2.42254E+09,2.4272E+09,2.43183E+09,2.43645E+09,2.44107E+09,2.44567E+09,2.45022E+09,2.45476E+09,2.45927E+09,2.46379E+09,2.46832E+09,2.47284E+09,2.47737E+09,2.48191E+09,2.48642E+09,2.49088E+09,2.49528E+09,2.49964E+09,2.50399E+09,2.50833E+09,2.51268E+09,2.51707E+09,2.52147E+09,2.52592E+09,2.53038E+09,2.53481E+09,2.53919E+09,2.54351E+09,2.54782E+09,2.55217E+09,2.55649E+09,2.56079E+09,2.56506E+09,2.56935E+09,2.57364E+09,2.57792E+09,2.58216E+09,2.58636E+09,2.59054E+09,2.5947E+09,2.59882E+09,2.60297E+09,2.60729E+09,2.61176E+09,2.61592E+09,2.62012E+09,2.62431E+09,2.62852E+09,2.6327E+09,2.63693E+09,2.64102E+09,2.6451E+09,2.64916E+09,2.6532E+09,2.6572E+09,2.66115E+09,2.66515E+09,2.66913E+09,2.67307E+09,2.67697E+09,2.68085E+09,2.68474E+09,2.68864E+09,2.69252E+09,2.69634E+09,2.70016E+09,2.70396E+09,2.70773E+09,2.7115E+09,2.71525E+09,2.71902E+09,2.72279E+09,2.72651E+09,2.73021E+09,2.73391E+09,2.7376E+09,2.74126E+09,2.74494E+09,2.74861E+09,2.75227E+09,2.75593E+09,2.75959E+09,2.76325E+09,2.76692E+09,2.77061E+09,2.77431E+09,2.77801E+09,2.78172E+09,2.78541E+09,2.78911E+09,2.79282E+09,2.79652E+09,2.80022E+09,2.80392E+09,2.80763E+09,2.81136E+09,2.81512E+09,2.81889E+09,2.82268E+09,2.82652E+09,2.83036E+09,2.83417E+09,2.83799E+09,2.84178E+09,2.84554E+09,2.8493E+09,2.85308E+09,2.85688E+09,2.86069E+09,2.8645E+09,2.86835E+09,2.87223E+09,2.87612E+09,2.87999E+09,2.88387E+09,2.88774E+09,2.89163E+09,2.89552E+09,2.89942E+09,2.90333E+09,2.90722E+09,2.91107E+09,2.91477E+09,2.9188E+09,2.92279E+09,2.92677E+09,2.93076E+09,2.93476E+09,2.93876E+09,2.94278E+09,2.94679E+09,2.95082E+09,2.95485E+09,2.95889E+09,2.96293E+09,2.96698E+09,2.97104E+09,2.9751E+09,2.97917E+09,2.98324E+09,2.98731E+09,2.99139E+09,2.99547E+09,2.99955E+09,3.00364E+09,3.00773E+09,3.01182E+09,3.01591E+09
"Cost of Hospitalizations Cumulative[Alaska]",0,0,0,0,0,0,0,0,0,0,0,0,0,0,0,0,0,0,0,0,0,0,0,0,0,0,0,0,0,0.369687,3.1449,10.9771,27.0941,55.7262,102.672,176.066,287.067,450.896,689.656,1036.07,1538.22,2265.49,3317.73,4831.2,7007.8,10147.4,14682.2,21228.4,30649.7,44137.2,63302.4,90295.9,127862,179225,247781,336628,447976,582420,735850,900311,1.06986E+06,1.2412E+06,1.41246E+06,1.5824E+06,1.75011E+06,1.9149E+06,2.07621E+06,2.23359E+06,2.38669E+06,2.53523E+06,2.679E+06,2.81782E+06,2.95152E+06,3.07994E+06,3.20314E+06,3.32116E+06,3.43401E+06,3.54178E+06,3.64455E+06,3.74244E+06,3.83556E+06,3.92406E+06,4.00808E+06,4.08777E+06,4.16332E+06,4.23488E+06,4.30262E+06,4.36673E+06,4.42737E+06,4.48473E+06,4.53897E+06,4.59024E+06,4.63869E+06,4.6845E+06,4.72781E+06,4.76876E+06,4.80751E+06,4.8442E+06,4.87894E+06,4.91188E+06,4.94312E+06,4.97276E+06,5.0009E+06,5.02762E+06,5.053E+06,5.07713E+06,5.10007E+06,5.1219E+06,5.14266E+06,5.16228E+06,5.18072E+06,5.19851E+06,5.21585E+06,5.23259E+06,5.24873E+06,5.26422E+06,5.27923E+06,5.29391E+06,5.30833E+06,5.32293E+06,5.33807E+06,5.35341E+06,5.36839E+06,5.38343E+06,5.39887E+06,5.41477E+06,5.43075E+06,5.44628E+06,5.4611E+06,5.47509E+06,5.48846E+06,5.50142E+06,5.51391E+06,5.5259E+06,5.53727E+06,5.54831E+06,5.55922E+06,5.56987E+06,5.58015E+06,5.59004E+06,5.59958E+06,5.60894E+06,5.61804E+06,5.62673E+06,5.63506E+06,5.64312E+06,5.6509E+06,5.6584E+06,5.66573E+06,5.6729E+06,5.6799E+06,5.68673E+06,5.69337E+06,5.69988E+06,5.70632E+06,5.71261E+06,5.71879E+06,5.72491E+06,5.73102E+06,5.73722E+06,5.74355E+06,5.74995E+06,5.75643E+06,5.76305E+06,5.76983E+06,5.77678E+06,5.78386E+06,5.79105E+06,5.79843E+06,5.806E+06,5.81358E+06,5.82124E+06,5.82907E+06,5.83718E+06,5.84553E+06,5.85399E+06,5.86259E+06,5.87145E+06,5.88048E+06,5.88959E+06,5.89875E+06,5.90802E+06,5.91759E+06,5.9274E+06,5.93736E+06,5.94755E+06,5.95811E+06,5.96921E+06,5.98078E+06,5.99266E+06,6.00476E+06,6.01707E+06,6.02953E+06,6.04202E+06,6.05442E+06,6.06693E+06,6.07963E+06,6.09264E+06,6.10609E+06,6.12002E+06,6.1345E+06,6.14953E+06,6.16492E+06,6.18074E+06,6.19706E+06,6.21376E+06,6.23074E+06,6.248E+06,6.26556E+06,6.28359E+06,6.30231E+06,6.32185E+06,6.34229E+06,6.36359E+06,6.38583E+06,6.40907E+06,6.4332E+06,6.45812E+06,6.48382E+06,6.51033E+06,6.53766E+06,6.56587E+06,6.59495E+06,6.62495E+06,6.65589E+06,6.68779E+06,6.72069E+06,6.75462E+06,6.78961E+06,6.82568E+06,6.86287E+06,6.9012E+06,6.94069E+06,6.98139E+06,7.02334E+06,7.06658E+06,7.1111E+06,7.15712E+06,7.20475E+06,7.25407E+06,7.3052E+06,7.35824E+06,7.4133E+06,7.4705E+06,7.52996E+06,7.59182E+06,7.65623E+06,7.72333E+06,7.79326E+06,7.86614E+06,7.9421E+06,8.02127E+06,8.1038E+06,8.18985E+06,8.27953E+06,8.37295E+06,8.47018E+06,8.57131E+06,8.67636E+06,8.78482E+06,8.8965E+06,9.01172E+06,9.13029E+06,9.25211E+06,9.37727E+06,9.50526E+06,9.63649E+06,9.7712E+06,9.90784E+06,1.00454E+07,1.01837E+07,1.03225E+07,1.04608E+07,1.05985E+07,1.07343E+07,1.08678E+07,1.09988E+07,1.11265E+07,1.12503E+07,1.13713E+07,1.14891E+07,1.16038E+07,1.17162E+07,1.18263E+07,1.19343E+07,1.20406E+07,1.21454E+07,1.22486E+07,1.23505E+07,1.24512E+07,1.25507E+07,1.26492E+07,1.27469E+07,1.28438E+07,1.29399E+07,1.30353E+07,1.31301E+07,1.32245E+07,1.33186E+07,1.34123E+07,1.35057E+07,1.35992E+07,1.36934E+07,1.37878E+07,1.38823E+07,1.39774E+07,1.40734E+07,1.41703E+07,1.42682E+07,1.43669E+07,1.44665E+07,1.4567E+07,1.46685E+07,1.47708E+07,1.48741E+07,1.49786E+07,1.50843E+07,1.51914E+07,1.53003E+07,1.54117E+07,1.55259E+07,1.56425E+07,1.57616E+07,1.5884E+07,1.60095E+07,1.61382E+07,1.62705E+07,1.64062E+07,1.65454E+07,1.66882E+07,1.68349E+07,1.69857E+07,1.71398E+07,1.7297E+07,1.74574E+07,1.76222E+07,1.77898E+07,1.79589E+07,1.81287E+07,1.82992E+07,1.8469E+07,1.86386E+07,1.88077E+07,1.8975E+07,1.91404E+07,1.93035E+07,1.94638E+07,1.9622E+07,1.97777E+07,1.99302E+07,2.00798E+07,2.02271E+07,2.03726E+07,2.05166E+07,2.06595E+07,2.08011E+07,2.09416E+07,2.10815E+07,2.12205E+07,2.13583E+07,2.1495E+07,2.16308E+07,2.17656E+07,2.18998E+07,2.20334E+07,2.21665E+07,2.22993E+07,2.24319E+07,2.25644E+07,2.26969E+07,2.28296E+07,2.29624E+07,2.30955E+07,2.3229E+07,2.33631E+07,2.3498E+07,2.36338E+07,2.37707E+07,2.39088E+07,2.40484E+07,2.41894E+07,2.4332E+07,2.44763E+07,2.46225E+07,2.47706E+07,2.4921E+07,2.50737E+07,2.5229E+07,2.53869E+07,2.55474E+07,2.57104E+07,2.58759E+07,2.60438E+07,2.62141E+07,2.63867E+07,2.65616E+07,2.67386E+07,2.69173E+07,2.70976E+07,2.72794E+07,2.74625E+07,2.76467E+07,2.78314E+07,2.80156E+07,2.81983E+07,2.83783E+07,2.85555E+07,2.87282E+07,2.88947E+07,2.90583E+07,2.92193E+07,2.93767E+07,2.95326E+07,2.96859E+07,2.98356E+07,2.9982E+07,3.01247E+07,3.02642E+07,3.04004E+07,3.05336E+07,3.06636E+07,3.07909E+07,3.09149E+07,3.10357E+07,3.11534E+07,3.12683E+07,3.13806E+07,3.14904E+07,3.15979E+07,3.17032E+07,3.18066E+07,3.19082E+07,3.2008E+07,3.21063E+07,3.2203E+07,3.22983E+07,3.23923E+07,3.2485E+07,3.25765E+07,3.26667E+07,3.27559E+07,3.2844E+07,3.2931E+07,3.30171E+07,3.31024E+07,3.31867E+07,3.32704E+07,3.33532E+07,3.34355E+07,3.35171E+07,3.35982E+07,3.36788E+07,3.37591E+07,3.38392E+07,3.39191E+07,3.39989E+07,3.40788E+07,3.41589E+07,3.42392E+07,3.43199E+07,3.44012E+07,3.44832E+07,3.4566E+07,3.46497E+07,3.47345E+07,3.48203E+07,3.49074E+07,3.49956E+07,3.5085E+07,3.51756E+07,3.52676E+07,3.53607E+07,3.54552E+07,3.5551E+07,3.5648E+07,3.57465E+07,3.58464E+07,3.59477E+07,3.60505E+07,3.61548E+07,3.62606E+07,3.63681E+07,3.64774E+07,3.65884E+07,3.67014E+07,3.68163E+07,3.69332E+07,3.7052E+07,3.71728E+07,3.72956E+07,3.74204E+07,3.75471E+07,3.76759E+07,3.78067E+07,3.79394E+07,3.80741E+07,3.82104E+07,3.83483E+07,3.84877E+07,3.86287E+07,3.87711E+07,3.89149E+07,3.90601E+07,3.92067E+07,3.93545E+07,3.95035E+07,3.96533E+07,3.98038E+07,3.99548E+07,4.01065E+07,4.0259E+07,4.04124E+07,4.05664E+07,4.07209E+07,4.08759E+07,4.10314E+07,4.11871E+07,4.13426E+07,4.14984E+07,4.16542E+07,4.18099E+07,4.19657E+07,4.21216E+07,4.22781E+07,4.2435E+07,4.25921E+07,4.27498E+07,4.29083E+07,4.30674E+07,4.32272E+07,4.33876E+07,4.35488E+07,4.37106E+07,4.3873E+07,4.4036E+07,4.41998E+07,4.4364E+07,4.45285E+07,4.46931E+07,4.48575E+07,4.50217E+07,4.51855E+07,4.53483E+07,4.55103E+07,4.56715E+07,4.58309E+07,4.5989E+07,4.61451E+07,4.62994E+07,4.64527E+07,4.66049E+07,4.67556E+07,4.69044E+07,4.70513E+07,4.71968E+07,4.73406E+07,4.74826E+07,4.76225E+07,4.77595E+07,4.78943E+07,4.80267E+07,4.81567E+07,4.82851E+07,4.84122E+07,4.8537E+07,4.86592E+07,4.87802E+07,4.88993E+07,4.90153E+07,4.91282E+07,4.92377E+07,4.93463E+07,4.94562E+07,4.95641E+07,4.96716E+07,4.97805E+07,4.9891E+07,5.0003E+07,5.0116E+07,5.02294E+07,5.03426E+07,5.04555E+07,5.05686E+07,5.06824E+07,5.07976E+07,5.09136E+07,5.10298E+07,5.11482E+07,5.12699E+07,5.13951E+07,5.15237E+07,5.16554E+07,5.17908E+07,5.193E+07,5.2073E+07,5.22201E+07,5.23714E+07,5.25268E+07,5.26858E+07,5.28477E+07,5.30132E+07,5.31836E+07,5.33567E+07,5.35309E+07,5.37049E+07,5.38789E+07,5.40536E+07,5.42276E+07,5.43987E+07,5.45679E+07,5.47357E+07,5.49018E+07,5.50658E+07,5.52283E+07,5.539E+07,5.5551E+07,5.57112E+07,5.58702E+07,5.60278E+07,5.61837E+07,5.63378E+07,5.64908E+07,5.6643E+07,5.67942E+07,5.6945E+07,5.70954E+07,5.72454E+07,5.73956E+07,5.75464E+07,5.76972E+07,5.78477E+07,5.79977E+07,5.81472E+07,5.82963E+07,5.84451E+07,5.8594E+07,5.8743E+07,5.88923E+07,5.9042E+07,5.91917E+07,5.93418E+07,5.94923E+07,5.96434E+07,5.97952E+07,5.99478E+07,6.01014E+07,6.0256E+07,6.0412E+07,6.05693E+07,6.07283E+07,6.08891E+07,6.10518E+07,6.12166E+07,6.13837E+07,6.15534E+07,6.17257E+07,6.19008E+07,6.20788E+07,6.22599E+07,6.24442E+07,6.26318E+07,6.28228E+07,6.30168E+07,6.32128E+07,6.34103E+07,6.36077E+07,6.38058E+07,6.40084E+07,6.42144E+07,6.44254E+07,6.46417E+07,6.48619E+07,6.50863E+07,6.53134E+07,6.55416E+07,6.57704E+07,6.59995E+07,6.62286E+07,6.64567E+07,6.66833E+07,6.69077E+07,6.71295E+07,6.73486E+07,6.7565E+07,6.77782E+07,6.79882E+07,6.81948E+07,6.83982E+07,6.85987E+07,6.87964E+07,6.89912E+07,6.91833E+07,6.93728E+07,6.95602E+07,6.97456E+07,6.99288E+07,7.01102E+07,7.02898E+07,7.04674E+07,7.06437E+07,7.08185E+07,7.09921E+07,7.11648E+07,7.13367E+07,7.15081E+07,7.16792E+07,7.18499E+07,7.20203E+07,7.21908E+07,7.23614E+07,7.25324E+07,7.2704E+07,7.28762E+07,7.30492E+07,7.32233E+07,7.33987E+07,7.35755E+07,7.3754E+07,7.39342E+07,7.41167E+07,7.43012E+07,7.44878E+07,7.46765E+07,7.48673E+07,7.50603E+07,7.52554E+07,7.54521E+07,7.56506E+07,7.58506E+07,7.60519E+07,7.62555E+07,7.64614E+07,7.66696E+07,7.688E+07,7.70926E+07,7.73076E+07,7.75257E+07,7.77454E+07,7.79669E+07,7.81896E+07,7.84127E+07,7.86358E+07,7.88565E+07,7.90718E+07,7.92848E+07,7.94966E+07,7.97064E+07,7.99141E+07,8.01192E+07,8.03234E+07,8.05283E+07,8.07302E+07,8.09281E+07,8.11221E+07,8.1312E+07,8.14977E+07,8.16803E+07,8.18598E+07,8.20361E+07,8.221E+07,8.23809E+07,8.25486E+07,8.27142E+07,8.2877E+07,8.30372E+07,8.31955E+07,8.33519E+07,8.35061E+07,8.36579E+07,8.38076E+07,8.39557E+07,8.41018E+07,8.42448E+07,8.43859E+07,8.45269E+07,8.46685E+07,8.48106E+07,8.49538E+07,8.50984E+07,8.52439E+07,8.53903E+07,8.55385E+07,8.56893E+07,8.58426E+07,8.59982E+07,8.61568E+07,8.63183E+07,8.64829E+07,8.66511E+07,8.6823E+07,8.69989E+07,8.71791E+07,8.73636E+07,8.75528E+07,8.77468E+07,8.79458E+07,8.81496E+07,8.83584E+07,8.85725E+07,8.87916E+07,8.90145E+07,8.92421E+07,8.94734E+07,8.97087E+07,8.99464E+07,9.0186E+07,9.04282E+07,9.06719E+07,9.09192E+07,9.11668E+07,9.14152E+07,9.1665E+07,9.19147E+07,9.21657E+07,9.24158E+07,9.26672E+07,9.29166E+07,9.31646E+07,9.34111E+07,9.36552E+07,9.38965E+07,9.41348E+07,9.43704E+07,9.46023E+07,9.483E+07,9.50545E+07,9.52763E+07,9.5496E+07,9.57138E+07,9.59304E+07,9.61438E+07,9.63523E+07,9.65585E+07,9.67625E+07,9.69639E+07,9.71621E+07,9.73578E+07,9.7553E+07,9.77482E+07,9.79404E+07,9.813E+07,9.83171E+07,9.85021E+07,9.86858E+07,9.8867E+07,9.90445E+07,9.92191E+07,9.93914E+07,9.95621E+07,9.97317E+07,9.98999E+07,1.00067E+08,1.00232E+08,1.00395E+08,1.00557E+08,1.00717E+08,1.00876E+08,1.01034E+08,1.01192E+08,1.0135E+08,1.01507E+08,1.01665E+08,1.01822E+08,1.01979E+08,1.02135E+08,1.02289E+08,1.02442E+08,1.02594E+08,1.02745E+08,1.02894E+08,1.03043E+08,1.03191E+08,1.03339E+08,1.03487E+08,1.03633E+08,1.03778E+08,1.03922E+08,1.04066E+08,1.0421E+08,1.04353E+08,1.04496E+08,1.04639E+08,1.04782E+08,1.04925E+08,1.05068E+08,1.05211E+08,1.05353E+08,1.05496E+08,1.05639E+08,1.05782E+08,1.05927E+08,1.06072E+08,1.06217E+08,1.06364E+08,1.06512E+08,1.0666E+08,1.06811E+08,1.06964E+08,1.07117E+08,1.07271E+08,1.07427E+08,1.07585E+08,1.07743E+08,1.07903E+08,1.08066E+08,1.08229E+08,1.08393E+08,1.08559E+08,1.08725E+08,1.08893E+08,1.09063E+08,1.09238E+08,1.09412E+08,1.09588E+08,1.09766E+08,1.09947E+08,1.10129E+08,1.10313E+08,1.10502E+08,1.1069E+08,1.10879E+08,1.1107E+08,1.11263E+08,1.11457E+08,1.11654E+08,1.11855E+08,1.12052E+08,1.1225E+08,1.12448E+08,1.12645E+08,1.12846E+08,1.1305E+08,1.13258E+08,1.13461E+08,1.13665E+08,1.13872E+08,1.14081E+08,1.14289E+08,1.14502E+08,1.14719E+08,1.14926E+08,1.15135E+08,1.15346E+08,1.15556E+08,1.15768E+08,1.15984E+08,1.16203E+08,1.16415E+08,1.16629E+08,1.16844E+08,1.1706E+08,1.17277E+08,1.175E+08,1.17727E+08,1.17944E+08,1.18164E+08,1.18386E+08,1.18609E+08,1.18832E+08,1.19063E+08,1.19296E+08,1.19516E+08,1.19739E+08,1.19961E+08,1.20182E+08,1.20405E+08,1.20637E+08,1.2087E+08,1.21092E+08,1.21317E+08,1.21544E+08,1.21772E+08,1.22E+08,1.22234E+08,1.2247E+08,1.22693E+08,1.22918E+08,1.23143E+08,1.23368E+08,1.23592E+08,1.23821E+08,1.24052E+08,1.2427E+08,1.2449E+08,1.24708E+08,1.24924E+08,1.25138E+08,1.25357E+08,1.25576E+08,1.25782E+08,1.25989E+08,1.26195E+08,1.264E+08,1.26604E+08,1.26818E+08,1.27032E+08,1.27225E+08,1.27418E+08,1.2761E+08,1.27801E+08,1.27989E+08,1.28184E+08,1.2838E+08,1.2856E+08,1.2874E+08,1.28919E+08,1.29096E+08,1.29272E+08,1.2945E+08,1.2963E+08,1.29799E+08,1.29968E+08,1.30137E+08,1.30304E+08,1.3047E+08,1.30641E+08,1.30814E+08,1.30974E+08,1.31134E+08,1.31294E+08,1.31453E+08,1.31611E+08,1.31769E+08,1.31929E+08,1.32083E+08,1.32236E+08,1.32387E+08,1.32535E+08,1.32683E+08,1.32831E+08,1.3298E+08,1.33127E+08,1.33273E+08,1.33421E+08,1.33569E+08,1.33714E+08,1.3386E+08,1.34008E+08,1.34151E+08,1.34295E+08,1.34438E+08,1.34581E+08,1.34724E+08,1.34865E+08,1.35001E+08,1.35134E+08,1.35288E+08,1.35439E+08,1.3559E+08,1.3574E+08,1.35891E+08,1.36042E+08,1.36194E+08,1.36347E+08,1.365E+08,1.36655E+08,1.3681E+08,1.36967E+08,1.37125E+08,1.37283E+08,1.37443E+08,1.37604E+08,1.37766E+08,1.37929E+08,1.38094E+08,1.3826E+08,1.38427E+08,1.38595E+08,1.38765E+08,1.38935E+08,1.39107E+08
"Cost of Hospitalizations Cumulative[Arizona]",0,0,0,0,0,0,0,0,0,0,0,0,0,0,0,0,0,0,0,0,0,0,0,0,0,0,0.284588,3.93959,15.4517,39.7242,82.7549,152.285,258.537,415.43,642.181,965.02,1420.38,2061.42,2963.58,4235.29,6036.54,8599.98,12261.4,17498.6,24984.2,35634,50706.5,71954.7,101803,143601,202024,283387,395783,549856,759038,1.03911E+06,1.40888E+06,1.89018E+06,2.50677E+06,3.28197E+06,4.23878E+06,5.39806E+06,6.77735E+06,8.3889E+06,1.02381E+07,1.23228E+07,1.46319E+07,1.7145E+07,1.98345E+07,2.2669E+07,2.56162E+07,2.8646E+07,3.17312E+07,3.48484E+07,3.72837E+07,3.90163E+07,4.08206E+07,4.26165E+07,4.43934E+07,4.61477E+07,4.78777E+07,4.95832E+07,5.12648E+07,5.29232E+07,5.45598E+07,5.6177E+07,5.77784E+07,5.93668E+07,6.09448E+07,6.25144E+07,6.40769E+07,6.56339E+07,6.71862E+07,6.8734E+07,7.02767E+07,7.18132E+07,7.33436E+07,7.48692E+07,7.63916E+07,7.79123E+07,7.94321E+07,8.09516E+07,8.24713E+07,8.3992E+07,8.55141E+07,8.70378E+07,8.85635E+07,9.00912E+07,9.16213E+07,9.33E+07,9.49126E+07,9.64618E+07,9.79831E+07,9.95071E+07,1.01032E+08,1.02547E+08,1.04065E+08,1.05596E+08,1.07152E+08,1.08735E+08,1.10341E+08,1.11971E+08,1.13632E+08,1.15353E+08,1.17117E+08,1.18901E+08,1.20775E+08,1.22803E+08,1.24963E+08,1.27287E+08,1.29679E+08,1.32046E+08,1.34473E+08,1.3699E+08,1.39538E+08,1.42116E+08,1.44712E+08,1.47282E+08,1.49846E+08,1.52399E+08,1.54928E+08,1.57459E+08,1.59986E+08,1.62465E+08,1.64905E+08,1.67344E+08,1.69788E+08,1.72186E+08,1.74524E+08,1.76803E+08,1.79043E+08,1.81257E+08,1.83427E+08,1.85546E+08,1.87647E+08,1.89733E+08,1.91801E+08,1.93849E+08,1.95875E+08,1.97882E+08,1.9987E+08,2.01843E+08,2.03799E+08,2.0574E+08,2.07667E+08,2.09579E+08,2.11478E+08,2.13373E+08,2.15268E+08,2.17158E+08,2.19039E+08,2.20924E+08,2.22818E+08,2.2471E+08,2.26603E+08,2.28496E+08,2.30386E+08,2.32281E+08,2.34184E+08,2.36095E+08,2.38012E+08,2.3993E+08,2.41846E+08,2.43767E+08,2.45693E+08,2.47621E+08,2.49568E+08,2.51528E+08,2.53498E+08,2.55481E+08,2.57477E+08,2.59494E+08,2.61534E+08,2.63586E+08,2.65677E+08,2.67815E+08,2.70002E+08,2.72262E+08,2.74594E+08,2.76982E+08,2.79414E+08,2.81879E+08,2.8438E+08,2.86897E+08,2.89408E+08,2.919E+08,2.94375E+08,2.96813E+08,2.99208E+08,3.01576E+08,3.03928E+08,3.06245E+08,3.08532E+08,3.10792E+08,3.1304E+08,3.1528E+08,3.17496E+08,3.19682E+08,3.21852E+08,3.24027E+08,3.26184E+08,3.28307E+08,3.30384E+08,3.3244E+08,3.34507E+08,3.36568E+08,3.38609E+08,3.40658E+08,3.42708E+08,3.44763E+08,3.46809E+08,3.48826E+08,3.50829E+08,3.52821E+08,3.54778E+08,3.56707E+08,3.58614E+08,3.60499E+08,3.62364E+08,3.64208E+08,3.66014E+08,3.6781E+08,3.69605E+08,3.71396E+08,3.73174E+08,3.74932E+08,3.76651E+08,3.78344E+08,3.80006E+08,3.81624E+08,3.83186E+08,3.84717E+08,3.8625E+08,3.87798E+08,3.89346E+08,3.90884E+08,3.92414E+08,3.93949E+08,3.9548E+08,3.96984E+08,3.98456E+08,3.99885E+08,4.01279E+08,4.0265E+08,4.04003E+08,4.05314E+08,4.06579E+08,4.07809E+08,4.09025E+08,4.10216E+08,4.11376E+08,4.12504E+08,4.13626E+08,4.14747E+08,4.15858E+08,4.16953E+08,4.18029E+08,4.19088E+08,4.20126E+08,4.21143E+08,4.22135E+08,4.23111E+08,4.24072E+08,4.25014E+08,4.25929E+08,4.26824E+08,4.27704E+08,4.28568E+08,4.29414E+08,4.30237E+08,4.31038E+08,4.3182E+08,4.32585E+08,4.3334E+08,4.34076E+08,4.34795E+08,4.35508E+08,4.36215E+08,4.36912E+08,4.37587E+08,4.38237E+08,4.38883E+08,4.39526E+08,4.40161E+08,4.40791E+08,4.41425E+08,4.42071E+08,4.42732E+08,4.43397E+08,4.44072E+08,4.4476E+08,4.45458E+08,4.46167E+08,4.46888E+08,4.47626E+08,4.4838E+08,4.49148E+08,4.49928E+08,4.50725E+08,4.51536E+08,4.52362E+08,4.53201E+08,4.54055E+08,4.54928E+08,4.55824E+08,4.56742E+08,4.57679E+08,4.58638E+08,4.59624E+08,4.60627E+08,4.61646E+08,4.62676E+08,4.63712E+08,4.64759E+08,4.65813E+08,4.66875E+08,4.67952E+08,4.69049E+08,4.70172E+08,4.7133E+08,4.7252E+08,4.7375E+08,4.75033E+08,4.76362E+08,4.77741E+08,4.79179E+08,4.80673E+08,4.82225E+08,4.83844E+08,4.8554E+08,4.87315E+08,4.8918E+08,4.91138E+08,4.93193E+08,4.95343E+08,4.97581E+08,4.99935E+08,5.02438E+08,5.05071E+08,5.07824E+08,5.10713E+08,5.13752E+08,5.16924E+08,5.20188E+08,5.23522E+08,5.26922E+08,5.30419E+08,5.34034E+08,5.37783E+08,5.417E+08,5.45793E+08,5.50061E+08,5.54509E+08,5.59123E+08,5.63893E+08,5.68779E+08,5.73799E+08,5.78954E+08,5.84232E+08,5.89564E+08,5.94964E+08,6.00406E+08,6.0589E+08,6.11372E+08,6.16849E+08,6.22372E+08,6.27984E+08,6.3363E+08,6.39291E+08,6.44943E+08,6.50576E+08,6.56238E+08,6.61914E+08,6.67546E+08,6.73117E+08,6.78611E+08,6.84066E+08,6.89542E+08,6.94997E+08,7.00402E+08,7.05836E+08,7.11314E+08,7.16873E+08,7.22513E+08,7.28186E+08,7.33919E+08,7.39725E+08,7.45519E+08,7.5127E+08,7.56982E+08,7.62696E+08,7.68441E+08,7.74178E+08,7.79869E+08,7.85584E+08,7.91291E+08,7.96987E+08,8.02682E+08,8.08376E+08,8.14073E+08,8.19786E+08,8.25502E+08,8.31283E+08,8.3709E+08,8.42851E+08,8.48527E+08,8.5414E+08,8.59687E+08,8.65169E+08,8.70573E+08,8.75907E+08,8.8116E+08,8.86344E+08,8.91468E+08,8.96543E+08,9.01585E+08,9.06606E+08,9.11579E+08,9.16526E+08,9.21441E+08,9.26299E+08,9.31101E+08,9.35862E+08,9.4058E+08,9.45245E+08,9.49873E+08,9.54485E+08,9.59061E+08,9.6361E+08,9.68111E+08,9.72562E+08,9.77E+08,9.81418E+08,9.85815E+08,9.90201E+08,9.94543E+08,9.98843E+08,1.00312E+09,1.0074E+09,1.01165E+09,1.01586E+09,1.02002E+09,1.02417E+09,1.02832E+09,1.03247E+09,1.0366E+09,1.04072E+09,1.04487E+09,1.04904E+09,1.05318E+09,1.05728E+09,1.06134E+09,1.06536E+09,1.06936E+09,1.07334E+09,1.07728E+09,1.08122E+09,1.08515E+09,1.08905E+09,1.09294E+09,1.09679E+09,1.10062E+09,1.10442E+09,1.10819E+09,1.11192E+09,1.11563E+09,1.11932E+09,1.123E+09,1.12667E+09,1.13032E+09,1.13395E+09,1.13757E+09,1.14118E+09,1.14479E+09,1.14841E+09,1.15204E+09,1.15567E+09,1.1593E+09,1.16292E+09,1.16652E+09,1.17011E+09,1.17369E+09,1.17726E+09,1.1808E+09,1.18434E+09,1.18788E+09,1.1914E+09,1.19491E+09,1.19841E+09,1.20189E+09,1.20537E+09,1.20883E+09,1.21227E+09,1.21571E+09,1.21915E+09,1.2226E+09,1.22605E+09,1.2295E+09,1.23297E+09,1.23645E+09,1.23995E+09,1.24346E+09,1.24696E+09,1.25048E+09,1.254E+09,1.25751E+09,1.261E+09,1.26445E+09,1.2679E+09,1.27134E+09,1.27476E+09,1.27814E+09,1.28152E+09,1.28489E+09,1.28824E+09,1.29158E+09,1.2949E+09,1.29821E+09,1.3015E+09,1.30478E+09,1.30804E+09,1.3113E+09,1.31456E+09,1.31783E+09,1.3211E+09,1.32436E+09,1.32762E+09,1.33089E+09,1.33417E+09,1.33744E+09,1.34073E+09,1.34403E+09,1.34735E+09,1.3507E+09,1.35405E+09,1.35742E+09,1.36084E+09,1.36429E+09,1.36776E+09,1.37125E+09,1.37475E+09,1.37827E+09,1.38184E+09,1.38541E+09,1.38899E+09,1.39254E+09,1.39606E+09,1.39958E+09,1.40308E+09,1.40656E+09,1.41004E+09,1.41351E+09,1.417E+09,1.42049E+09,1.42394E+09,1.42738E+09,1.4308E+09,1.43421E+09,1.4376E+09,1.44101E+09,1.44442E+09,1.44783E+09,1.45126E+09,1.45471E+09,1.45822E+09,1.46178E+09,1.46542E+09,1.46913E+09,1.47295E+09,1.4769E+09,1.48096E+09,1.48514E+09,1.48946E+09,1.49391E+09,1.49848E+09,1.50318E+09,1.50801E+09,1.51297E+09,1.51804E+09,1.52321E+09,1.52846E+09,1.53381E+09,1.53927E+09,1.54482E+09,1.55046E+09,1.55615E+09,1.5619E+09,1.56773E+09,1.57361E+09,1.57948E+09,1.58535E+09,1.59122E+09,1.5971E+09,1.60298E+09,1.60884E+09,1.6147E+09,1.62056E+09,1.62642E+09,1.63227E+09,1.6381E+09,1.6439E+09,1.64969E+09,1.65547E+09,1.66128E+09,1.66712E+09,1.67298E+09,1.67887E+09,1.68478E+09,1.69072E+09,1.6967E+09,1.7027E+09,1.70871E+09,1.71474E+09,1.72076E+09,1.72677E+09,1.73279E+09,1.73882E+09,1.74486E+09,1.75089E+09,1.75687E+09,1.76282E+09,1.76874E+09,1.7746E+09,1.78041E+09,1.78616E+09,1.79187E+09,1.79756E+09,1.80319E+09,1.80876E+09,1.81428E+09,1.81972E+09,1.82507E+09,1.83034E+09,1.83553E+09,1.84061E+09,1.84557E+09,1.85047E+09,1.85532E+09,1.86009E+09,1.86477E+09,1.86936E+09,1.87389E+09,1.87834E+09,1.88267E+09,1.8869E+09,1.8911E+09,1.89529E+09,1.89946E+09,1.90363E+09,1.90781E+09,1.91204E+09,1.91632E+09,1.92059E+09,1.92488E+09,1.92919E+09,1.93351E+09,1.93786E+09,1.94225E+09,1.94666E+09,1.95111E+09,1.9556E+09,1.96014E+09,1.96474E+09,1.9694E+09,1.97412E+09,1.97892E+09,1.98379E+09,1.98873E+09,1.99374E+09,1.99881E+09,2.00392E+09,2.00906E+09,2.01422E+09,2.01938E+09,2.02456E+09,2.02975E+09,2.03498E+09,2.04023E+09,2.04552E+09,2.05081E+09,2.05613E+09,2.06148E+09,2.06688E+09,2.07234E+09,2.07785E+09,2.08345E+09,2.08914E+09,2.09496E+09,2.10088E+09,2.10688E+09,2.11298E+09,2.11918E+09,2.12551E+09,2.13198E+09,2.13855E+09,2.14524E+09,2.15206E+09,2.15897E+09,2.16597E+09,2.17304E+09,2.18018E+09,2.18738E+09,2.19463E+09,2.20193E+09,2.20925E+09,2.21659E+09,2.22394E+09,2.23131E+09,2.23864E+09,2.24587E+09,2.25303E+09,2.26013E+09,2.26717E+09,2.27415E+09,2.28108E+09,2.28798E+09,2.29491E+09,2.30183E+09,2.30872E+09,2.31561E+09,2.32249E+09,2.32935E+09,2.33617E+09,2.34283E+09,2.3494E+09,2.35598E+09,2.36257E+09,2.3692E+09,2.37584E+09,2.38251E+09,2.38931E+09,2.39621E+09,2.40309E+09,2.40993E+09,2.41672E+09,2.42345E+09,2.43015E+09,2.43679E+09,2.44337E+09,2.44987E+09,2.45632E+09,2.46274E+09,2.46911E+09,2.47544E+09,2.48174E+09,2.48801E+09,2.49427E+09,2.50053E+09,2.50677E+09,2.51302E+09,2.5193E+09,2.52561E+09,2.5319E+09,2.53811E+09,2.54431E+09,2.55054E+09,2.55679E+09,2.56303E+09,2.56927E+09,2.57553E+09,2.58185E+09,2.58827E+09,2.5948E+09,2.60144E+09,2.60821E+09,2.61507E+09,2.62199E+09,2.62902E+09,2.63608E+09,2.64308E+09,2.65004E+09,2.65701E+09,2.66397E+09,2.67087E+09,2.67771E+09,2.68452E+09,2.6913E+09,2.69806E+09,2.70472E+09,2.71133E+09,2.71791E+09,2.72456E+09,2.73144E+09,2.73782E+09,2.74409E+09,2.75031E+09,2.75649E+09,2.76262E+09,2.76879E+09,2.77493E+09,2.78104E+09,2.78712E+09,2.79313E+09,2.7991E+09,2.80502E+09,2.81088E+09,2.81672E+09,2.82249E+09,2.82817E+09,2.83376E+09,2.83929E+09,2.84477E+09,2.85021E+09,2.85562E+09,2.86099E+09,2.86636E+09,2.87173E+09,2.8771E+09,2.88245E+09,2.88777E+09,2.89306E+09,2.89831E+09,2.90349E+09,2.90861E+09,2.91367E+09,2.9187E+09,2.92369E+09,2.92866E+09,2.93361E+09,2.93855E+09,2.94349E+09,2.94841E+09,2.95328E+09,2.9581E+09,2.96289E+09,2.96762E+09,2.97228E+09,2.97688E+09,2.98146E+09,2.98597E+09,2.99048E+09,2.995E+09,2.9995E+09,3.00402E+09,3.00856E+09,3.01311E+09,3.01766E+09,3.02221E+09,3.02675E+09,3.03131E+09,3.03587E+09,3.04043E+09,3.04497E+09,3.04951E+09,3.05404E+09,3.05857E+09,3.06308E+09,3.06758E+09,3.07218E+09,3.07689E+09,3.08129E+09,3.08569E+09,3.09008E+09,3.09445E+09,3.0988E+09,3.10319E+09,3.10767E+09,3.11201E+09,3.11637E+09,3.12074E+09,3.12512E+09,3.1295E+09,3.13389E+09,3.13827E+09,3.14266E+09,3.14707E+09,3.15149E+09,3.15591E+09,3.16031E+09,3.16471E+09,3.1691E+09,3.1735E+09,3.17792E+09,3.18235E+09,3.18684E+09,3.19137E+09,3.19593E+09,3.20052E+09,3.20512E+09,3.20972E+09,3.21431E+09,3.21888E+09,3.22342E+09,3.22795E+09,3.2325E+09,3.23699E+09,3.24147E+09,3.24596E+09,3.25047E+09,3.255E+09,3.2596E+09,3.2643E+09,3.26885E+09,3.27343E+09,3.27803E+09,3.28265E+09,3.28728E+09,3.29201E+09,3.29689E+09,3.30157E+09,3.30628E+09,3.31101E+09,3.31575E+09,3.32052E+09,3.32554E+09,3.33071E+09,3.33535E+09,3.34004E+09,3.34474E+09,3.3494E+09,3.35404E+09,3.35915E+09,3.36446E+09,3.36906E+09,3.37373E+09,3.37844E+09,3.38322E+09,3.38801E+09,3.39323E+09,3.39869E+09,3.40318E+09,3.40779E+09,3.41244E+09,3.41711E+09,3.42185E+09,3.42741E+09,3.4332E+09,3.43803E+09,3.44299E+09,3.448E+09,3.45302E+09,3.45807E+09,3.46374E+09,3.46963E+09,3.47464E+09,3.4798E+09,3.48501E+09,3.49026E+09,3.49554E+09,3.50149E+09,3.50764E+09,3.51282E+09,3.51816E+09,3.52356E+09,3.52901E+09,3.53451E+09,3.54087E+09,3.54741E+09,3.55272E+09,3.55819E+09,3.56371E+09,3.56926E+09,3.57483E+09,3.58093E+09,3.58717E+09,3.59257E+09,3.59804E+09,3.60352E+09,3.60899E+09,3.61446E+09,3.62055E+09,3.62679E+09,3.63199E+09,3.63728E+09,3.64256E+09,3.64782E+09,3.65302E+09,3.65882E+09,3.66477E+09,3.66969E+09,3.67469E+09,3.67969E+09,3.68467E+09,3.68964E+09,3.69509E+09,3.70066E+09,3.70541E+09,3.7102E+09,3.71499E+09,3.71974E+09,3.72448E+09,3.7296E+09,3.73486E+09,3.73939E+09,3.74395E+09,3.74852E+09,3.75308E+09,3.75763E+09,3.76252E+09,3.76753E+09,3.77193E+09,3.77637E+09,3.78081E+09,3.78525E+09,3.78967E+09,3.79426E+09,3.79894E+09,3.80327E+09,3.80761E+09,3.81196E+09,3.81629E+09,3.82061E+09,3.82514E+09,3.82978E+09,3.83401E+09,3.83828E+09,3.84254E+09,3.8468E+09,3.85104E+09,3.85533E+09,3.85968E+09,3.86392E+09,3.86817E+09,3.87244E+09,3.87673E+09,3.88104E+09,3.88551E+09,3.89007E+09,3.89434E+09,3.89864E+09,3.90296E+09,3.9073E+09,3.91164E+09,3.91607E+09,3.92057E+09,3.92482E+09,3.92935E+09,3.93386E+09,3.93838E+09,3.94291E+09,3.94745E+09,3.95201E+09,3.95657E+09,3.96116E+09,3.96575E+09,3.97036E+09,3.97498E+09,3.97962E+09,3.98427E+09,3.98894E+09,3.99362E+09,3.99831E+09,4.00301E+09,4.00773E+09,4.01246E+09,4.0172E+09,4.02195E+09,4.02671E+09,4.03148E+09,4.03627E+09,4.04106E+09
"Cost of Hospitalizations Cumulative[Arkansas]",0,0,0,0,0,0,0,0,0,0,0,0,0,0,0,0,0,0,0,0,0,0,0,0,0,0,0,0,0.070884,2.3798,10.8294,29.0073,60.3749,108.455,176.961,270.028,392.363,549.179,746.038,989.121,1285.79,1645.86,2082.28,2611.13,3251.14,4023.69,4953.43,6068.73,7403.19,8997.01,10898.7,13168.1,15880.3,19129.6,23042.1,27786.8,33567.6,40619.6,49208.3,59639.4,72290,87637.9,106283,128967,156616,190380,231657,282130,343804,418902,509658,618671,749213,905389,1.09212E+06,1.31498E+06,1.5801E+06,1.89414E+06,2.26448E+06,2.69955E+06,3.20846E+06,3.8009E+06,4.48745E+06,5.27988E+06,6.19135E+06,7.23683E+06,8.43286E+06,9.7976E+06,1.13505E+07,1.3113E+07,1.51058E+07,1.73469E+07,1.98512E+07,2.26323E+07,2.57012E+07,2.90673E+07,3.27386E+07,3.67187E+07,4.10059E+07,4.55941E+07,5.0473E+07,5.56072E+07,6.09357E+07,6.64011E+07,7.1955E+07,7.75584E+07,8.31797E+07,8.87933E+07,9.43771E+07,9.99131E+07,1.05386E+08,1.09785E+08,1.13508E+08,1.1725E+08,1.20905E+08,1.24458E+08,1.27905E+08,1.31237E+08,1.34455E+08,1.37564E+08,1.406E+08,1.43533E+08,1.46332E+08,1.49046E+08,1.51662E+08,1.54202E+08,1.56658E+08,1.59042E+08,1.61428E+08,1.6377E+08,1.66001E+08,1.68142E+08,1.70208E+08,1.72219E+08,1.74145E+08,1.7598E+08,1.77732E+08,1.79421E+08,1.81064E+08,1.82649E+08,1.84153E+08,1.85591E+08,1.86966E+08,1.88289E+08,1.89566E+08,1.9077E+08,1.91912E+08,1.93014E+08,1.94086E+08,1.95123E+08,1.96108E+08,1.97029E+08,1.97901E+08,1.98732E+08,1.9952E+08,2.00263E+08,2.00963E+08,2.01634E+08,2.02287E+08,2.02921E+08,2.03537E+08,2.04141E+08,2.04733E+08,2.05314E+08,2.0588E+08,2.06431E+08,2.06975E+08,2.07514E+08,2.08044E+08,2.08557E+08,2.09053E+08,2.09538E+08,2.10016E+08,2.10478E+08,2.10925E+08,2.11366E+08,2.118E+08,2.12224E+08,2.12636E+08,2.13036E+08,2.13431E+08,2.13816E+08,2.14185E+08,2.14543E+08,2.14893E+08,2.15239E+08,2.1558E+08,2.15917E+08,2.16257E+08,2.16599E+08,2.16944E+08,2.17288E+08,2.17627E+08,2.17964E+08,2.18292E+08,2.18613E+08,2.18929E+08,2.19244E+08,2.19568E+08,2.19906E+08,2.20251E+08,2.20606E+08,2.20974E+08,2.21349E+08,2.21733E+08,2.22122E+08,2.22514E+08,2.22912E+08,2.23315E+08,2.23719E+08,2.24139E+08,2.24577E+08,2.25028E+08,2.25493E+08,2.25967E+08,2.26455E+08,2.26956E+08,2.27467E+08,2.2798E+08,2.28498E+08,2.29023E+08,2.2956E+08,2.30108E+08,2.30666E+08,2.31227E+08,2.31795E+08,2.32371E+08,2.32949E+08,2.3353E+08,2.34121E+08,2.34722E+08,2.35333E+08,2.3595E+08,2.36564E+08,2.37176E+08,2.37784E+08,2.38385E+08,2.38981E+08,2.39575E+08,2.40183E+08,2.40808E+08,2.41445E+08,2.42094E+08,2.42755E+08,2.43418E+08,2.44089E+08,2.44774E+08,2.45469E+08,2.46177E+08,2.46898E+08,2.47634E+08,2.48396E+08,2.49179E+08,2.49966E+08,2.50767E+08,2.51585E+08,2.52422E+08,2.53276E+08,2.54145E+08,2.55037E+08,2.55961E+08,2.56913E+08,2.57888E+08,2.58883E+08,2.59893E+08,2.60916E+08,2.61949E+08,2.62987E+08,2.64033E+08,2.65082E+08,2.66127E+08,2.67179E+08,2.68242E+08,2.69311E+08,2.70377E+08,2.71434E+08,2.72487E+08,2.73533E+08,2.74569E+08,2.75595E+08,2.76611E+08,2.77625E+08,2.78643E+08,2.79659E+08,2.80679E+08,2.81708E+08,2.82749E+08,2.83801E+08,2.84862E+08,2.85935E+08,2.87026E+08,2.88141E+08,2.8928E+08,2.90453E+08,2.91675E+08,2.92941E+08,2.94225E+08,2.95521E+08,2.96818E+08,2.98103E+08,2.99373E+08,3.00645E+08,3.0195E+08,3.03287E+08,3.04643E+08,3.06036E+08,3.07473E+08,3.08937E+08,3.10403E+08,3.11858E+08,3.13308E+08,3.14754E+08,3.16206E+08,3.17661E+08,3.19139E+08,3.20662E+08,3.22221E+08,3.23812E+08,3.25435E+08,3.27064E+08,3.28708E+08,3.30367E+08,3.32037E+08,3.33715E+08,3.35396E+08,3.37086E+08,3.38796E+08,3.40538E+08,3.42302E+08,3.44085E+08,3.45898E+08,3.47737E+08,3.49599E+08,3.51478E+08,3.53352E+08,3.55222E+08,3.57093E+08,3.58959E+08,3.60824E+08,3.6268E+08,3.64511E+08,3.6632E+08,3.68124E+08,3.69916E+08,3.71684E+08,3.73433E+08,3.75166E+08,3.76892E+08,3.786E+08,3.80281E+08,3.81928E+08,3.83533E+08,3.85084E+08,3.86601E+08,3.88094E+08,3.89553E+08,3.90983E+08,3.92391E+08,3.93789E+08,3.95199E+08,3.96629E+08,3.98078E+08,3.99563E+08,4.01067E+08,4.0259E+08,4.04148E+08,4.05728E+08,4.07316E+08,4.08919E+08,4.10539E+08,4.1217E+08,4.13803E+08,4.15424E+08,4.17042E+08,4.18683E+08,4.2034E+08,4.22022E+08,4.23723E+08,4.2542E+08,4.27114E+08,4.28818E+08,4.30528E+08,4.32244E+08,4.33934E+08,4.35596E+08,4.37246E+08,4.38962E+08,4.40767E+08,4.4261E+08,4.44482E+08,4.46422E+08,4.48449E+08,4.50558E+08,4.5268E+08,4.54788E+08,4.56939E+08,4.59135E+08,4.61375E+08,4.63666E+08,4.66037E+08,4.68497E+08,4.71023E+08,4.73575E+08,4.76147E+08,4.78734E+08,4.81332E+08,4.83927E+08,4.86488E+08,4.88991E+08,4.91445E+08,4.93866E+08,4.9625E+08,4.98612E+08,5.0098E+08,5.03338E+08,5.05689E+08,5.08042E+08,5.10367E+08,5.12674E+08,5.14949E+08,5.17166E+08,5.19364E+08,5.21565E+08,5.23742E+08,5.25892E+08,5.27994E+08,5.3006E+08,5.32096E+08,5.3409E+08,5.36044E+08,5.37976E+08,5.39878E+08,5.41752E+08,5.436E+08,5.45418E+08,5.47217E+08,5.48999E+08,5.50748E+08,5.52476E+08,5.54193E+08,5.55893E+08,5.57577E+08,5.59248E+08,5.60903E+08,5.62553E+08,5.64187E+08,5.65816E+08,5.67459E+08,5.69093E+08,5.70707E+08,5.72298E+08,5.7387E+08,5.75427E+08,5.76945E+08,5.78403E+08,5.79812E+08,5.81186E+08,5.8253E+08,5.83852E+08,5.85152E+08,5.86413E+08,5.87622E+08,5.88786E+08,5.89892E+08,5.90957E+08,5.92011E+08,5.93083E+08,5.94221E+08,5.95459E+08,5.96786E+08,5.98186E+08,5.99639E+08,6.01105E+08,6.02576E+08,6.04046E+08,6.0549E+08,6.06912E+08,6.08294E+08,6.09634E+08,6.10958E+08,6.12271E+08,6.13583E+08,6.14911E+08,6.16251E+08,6.1762E+08,6.19005E+08,6.20386E+08,6.21771E+08,6.2316E+08,6.24552E+08,6.25944E+08,6.27333E+08,6.28723E+08,6.30117E+08,6.31507E+08,6.32893E+08,6.34271E+08,6.35639E+08,6.36999E+08,6.38356E+08,6.39712E+08,6.4107E+08,6.4243E+08,6.43783E+08,6.4513E+08,6.46484E+08,6.47843E+08,6.49208E+08,6.50575E+08,6.51936E+08,6.53284E+08,6.54632E+08,6.5598E+08,6.57336E+08,6.58701E+08,6.60078E+08,6.61472E+08,6.62884E+08,6.64306E+08,6.65738E+08,6.67176E+08,6.68627E+08,6.70087E+08,6.71554E+08,6.73021E+08,6.74494E+08,6.75972E+08,6.7746E+08,6.78955E+08,6.80467E+08,6.81999E+08,6.83544E+08,6.851E+08,6.86666E+08,6.88238E+08,6.89822E+08,6.91414E+08,6.92996E+08,6.94551E+08,6.96094E+08,6.97653E+08,6.99223E+08,7.00801E+08,7.02388E+08,7.03989E+08,7.05619E+08,7.07268E+08,7.08921E+08,7.10597E+08,7.12292E+08,7.13994E+08,7.15694E+08,7.17396E+08,7.19099E+08,7.20795E+08,7.22472E+08,7.24135E+08,7.25792E+08,7.2745E+08,7.2911E+08,7.30768E+08,7.32416E+08,7.34051E+08,7.35679E+08,7.37299E+08,7.38903E+08,7.40507E+08,7.42105E+08,7.43704E+08,7.45311E+08,7.46919E+08,7.48539E+08,7.50167E+08,7.51767E+08,7.53351E+08,7.54912E+08,7.5645E+08,7.57981E+08,7.595E+08,7.61015E+08,7.62528E+08,7.64045E+08,7.65575E+08,7.67114E+08,7.68653E+08,7.702E+08,7.71761E+08,7.7335E+08,7.74965E+08,7.76607E+08,7.78282E+08,7.79993E+08,7.81751E+08,7.83565E+08,7.85446E+08,7.874E+08,7.89427E+08,7.91526E+08,7.93696E+08,7.95918E+08,7.98203E+08,8.0059E+08,8.03084E+08,8.05709E+08,8.08445E+08,8.11302E+08,8.14314E+08,8.17479E+08,8.20747E+08,8.24129E+08,8.27607E+08,8.31182E+08,8.34831E+08,8.3856E+08,8.42375E+08,8.46274E+08,8.50251E+08,8.54301E+08,8.58398E+08,8.62522E+08,8.66668E+08,8.70825E+08,8.74954E+08,8.79047E+08,8.83098E+08,8.87119E+08,8.91114E+08,8.9507E+08,8.98996E+08,9.02914E+08,9.06816E+08,9.10696E+08,9.14535E+08,9.18313E+08,9.22029E+08,9.25671E+08,9.29229E+08,9.32716E+08,9.36133E+08,9.39466E+08,9.42716E+08,9.45885E+08,9.48981E+08,9.51991E+08,9.54921E+08,9.57776E+08,9.60564E+08,9.63276E+08,9.65923E+08,9.68513E+08,9.7105E+08,9.73533E+08,9.75975E+08,9.78377E+08,9.8074E+08,9.83068E+08,9.85364E+08,9.87617E+08,9.898E+08,9.91883E+08,9.93895E+08,9.95872E+08,9.97778E+08,9.99599E+08,1.00141E+09,1.00322E+09,1.00506E+09,1.00689E+09,1.00869E+09,1.01048E+09,1.01227E+09,1.01402E+09,1.01574E+09,1.01742E+09,1.01907E+09,1.02071E+09,1.02233E+09,1.02393E+09,1.02549E+09,1.02706E+09,1.02863E+09,1.03022E+09,1.03184E+09,1.03345E+09,1.03507E+09,1.03675E+09,1.03842E+09,1.0401E+09,1.04178E+09,1.04347E+09,1.04519E+09,1.04692E+09,1.04866E+09,1.05042E+09,1.05221E+09,1.05403E+09,1.05589E+09,1.0578E+09,1.05974E+09,1.06171E+09,1.06372E+09,1.06577E+09,1.06787E+09,1.07001E+09,1.07221E+09,1.07444E+09,1.07673E+09,1.07909E+09,1.0815E+09,1.08397E+09,1.08649E+09,1.08907E+09,1.09173E+09,1.09445E+09,1.09723E+09,1.10009E+09,1.10302E+09,1.10604E+09,1.10913E+09,1.11231E+09,1.11555E+09,1.11887E+09,1.12228E+09,1.12579E+09,1.12939E+09,1.13308E+09,1.13688E+09,1.14079E+09,1.14479E+09,1.14887E+09,1.15302E+09,1.15722E+09,1.16147E+09,1.16577E+09,1.17009E+09,1.17441E+09,1.17873E+09,1.18304E+09,1.18732E+09,1.19156E+09,1.19574E+09,1.19985E+09,1.20389E+09,1.20782E+09,1.21164E+09,1.21541E+09,1.21914E+09,1.22284E+09,1.22653E+09,1.23019E+09,1.23389E+09,1.23758E+09,1.24121E+09,1.24478E+09,1.24828E+09,1.25171E+09,1.25508E+09,1.25837E+09,1.26159E+09,1.26476E+09,1.26787E+09,1.27092E+09,1.2739E+09,1.27682E+09,1.2797E+09,1.28253E+09,1.28532E+09,1.28807E+09,1.29079E+09,1.29348E+09,1.29614E+09,1.29878E+09,1.30136E+09,1.3039E+09,1.30643E+09,1.30898E+09,1.31156E+09,1.31419E+09,1.3169E+09,1.31964E+09,1.32235E+09,1.32508E+09,1.3278E+09,1.33055E+09,1.3335E+09,1.33652E+09,1.33959E+09,1.34269E+09,1.34569E+09,1.34872E+09,1.3518E+09,1.35511E+09,1.35871E+09,1.36233E+09,1.36588E+09,1.36929E+09,1.37259E+09,1.37594E+09,1.37954E+09,1.38371E+09,1.38775E+09,1.39173E+09,1.39519E+09,1.39865E+09,1.40222E+09,1.40611E+09,1.40988E+09,1.41364E+09,1.41724E+09,1.42084E+09,1.42468E+09,1.42903E+09,1.4329E+09,1.43683E+09,1.44058E+09,1.44428E+09,1.44802E+09,1.45179E+09,1.45559E+09,1.45957E+09,1.46347E+09,1.46745E+09,1.47148E+09,1.47553E+09,1.47959E+09,1.48366E+09,1.48774E+09,1.49182E+09,1.49591E+09,1.50002E+09,1.50412E+09,1.50822E+09,1.51229E+09,1.51635E+09,1.52036E+09,1.52432E+09,1.52825E+09,1.53216E+09,1.53605E+09,1.53991E+09,1.54372E+09,1.54752E+09,1.55127E+09,1.55497E+09,1.55863E+09,1.56223E+09,1.56578E+09,1.56927E+09,1.57271E+09,1.5761E+09,1.57944E+09,1.58274E+09,1.58601E+09,1.58923E+09,1.59243E+09,1.5956E+09,1.59875E+09,1.60187E+09,1.60495E+09,1.60796E+09,1.61093E+09,1.61383E+09,1.61668E+09,1.61946E+09,1.62219E+09,1.62489E+09,1.62755E+09,1.63019E+09,1.63279E+09,1.63536E+09,1.6379E+09,1.64039E+09,1.64286E+09,1.64528E+09,1.64766E+09,1.65001E+09,1.65234E+09,1.65463E+09,1.65691E+09,1.65917E+09,1.6614E+09,1.66362E+09,1.66582E+09,1.66801E+09,1.67018E+09,1.67232E+09,1.67446E+09,1.67658E+09,1.67869E+09,1.68079E+09,1.68288E+09,1.68496E+09,1.68704E+09,1.68912E+09,1.69119E+09,1.69326E+09,1.69534E+09,1.69741E+09,1.69949E+09,1.70156E+09,1.70363E+09,1.7057E+09,1.70777E+09,1.70983E+09,1.7119E+09,1.71397E+09,1.71603E+09,1.7181E+09,1.72017E+09,1.72225E+09,1.72433E+09,1.72642E+09,1.72852E+09,1.73062E+09,1.73273E+09,1.73485E+09,1.73698E+09,1.73912E+09,1.74127E+09,1.74342E+09,1.74559E+09,1.74777E+09,1.74995E+09,1.75216E+09,1.75438E+09,1.75661E+09,1.75885E+09,1.76112E+09,1.76339E+09,1.76567E+09,1.76795E+09,1.77025E+09,1.77258E+09,1.77492E+09,1.77729E+09,1.77968E+09,1.7821E+09,1.78455E+09,1.78703E+09,1.78953E+09,1.79206E+09,1.79461E+09,1.7972E+09,1.79982E+09,1.80247E+09,1.80516E+09,1.80789E+09,1.81066E+09,1.81347E+09,1.81632E+09,1.81922E+09,1.82217E+09,1.82517E+09,1.82821E+09,1.8313E+09,1.83445E+09,1.83764E+09,1.84087E+09,1.84416E+09,1.84749E+09,1.85087E+09,1.8543E+09,1.85777E+09,1.86128E+09,1.86482E+09,1.86841E+09,1.87206E+09,1.87589E+09,1.87966E+09,1.88344E+09,1.8872E+09,1.89102E+09,1.89487E+09,1.89873E+09,1.90263E+09,1.90651E+09,1.91038E+09,1.91425E+09,1.91812E+09,1.92198E+09,1.92588E+09,1.92975E+09,1.93358E+09,1.93741E+09,1.94122E+09,1.94501E+09,1.94878E+09,1.95253E+09,1.95627E+09,1.95994E+09,1.96359E+09,1.9672E+09,1.97078E+09,1.97432E+09,1.97784E+09,1.98131E+09,1.98475E+09,1.98815E+09,1.99152E+09,1.99486E+09,1.99815E+09,2.00141E+09,2.00463E+09,2.0078E+09,2.01094E+09,2.01404E+09,2.01711E+09,2.02013E+09,2.02311E+09,2.02607E+09,2.02899E+09,2.03188E+09,2.03474E+09,2.03758E+09,2.04038E+09,2.04316E+09,2.04591E+09,2.04864E+09,2.05135E+09,2.05403E+09,2.05669E+09,2.05933E+09,2.06195E+09,2.06455E+09,2.06712E+09,2.06967E+09,2.07219E+09,2.07469E+09,2.07716E+09,2.07962E+09,2.08207E+09,2.0845E+09,2.08693E+09,2.08935E+09,2.09177E+09,2.09418E+09,2.09657E+09,2.09895E+09,2.10132E+09,2.10368E+09,2.10604E+09,2.10839E+09,2.11074E+09,2.11309E+09,2.11544E+09,2.11772E+09,2.12011E+09,2.12249E+09,2.12487E+09,2.12726E+09,2.12964E+09,2.13204E+09,2.13444E+09,2.13684E+09,2.13926E+09,2.14168E+09,2.14412E+09,2.14656E+09,2.14901E+09,2.15148E+09,2.15395E+09,2.15644E+09,2.15895E+09,2.16146E+09,2.16399E+09,2.16654E+09,2.1691E+09,2.17167E+09,2.17427E+09,2.17687E+09,2.1795E+09
"Cost of Hospitalizations Cumulative[California]",0,0,0,0,0,0,0,0,0,0,0,0,0,0,0,0,0,0,0,0,0,0,0,0,0,0,0,0,0,0,0,0,0.0181269,0.606866,2.75146,7.34758,15.2636,27.3883,44.7312,68.5277,100.251,141.669,194.899,262.454,347.337,453.091,583.869,744.639,941.441,1181.67,1474.15,1829.45,2260.35,2780.92,3405.26,4150.24,5036.6,6088.98,7336.85,8816.57,10574.8,12669,15167.6,18149.6,21705.3,25939.4,30973.4,36946.2,44014.7,52359.6,62192.1,73758,87344.1,103283,121942,143700,168994,198375,232553,272411,318973,373397,436989,511171,597394,697694,814473,950498,1.10896E+06,1.29355E+06,1.50854E+06,1.7587E+06,2.04919E+06,2.38547E+06,2.77325E+06,3.21887E+06,3.72998E+06,4.31602E+06,4.9877E+06,5.7563E+06,6.6338E+06,7.63349E+06,8.77022E+06,1.00601E+07,1.15207E+07,1.31724E+07,1.50383E+07,1.7144E+07,1.95163E+07,2.21958E+07,2.52215E+07,2.86054E+07,3.23906E+07,3.66333E+07,4.1394E+07,4.66956E+07,5.23987E+07,5.83739E+07,6.4528E+07,7.07995E+07,7.71167E+07,8.33691E+07,8.95164E+07,9.5528E+07,1.01379E+08,1.07044E+08,1.1251E+08,1.17818E+08,1.23008E+08,1.28068E+08,1.32986E+08,1.37721E+08,1.42327E+08,1.46791E+08,1.51117E+08,1.55286E+08,1.59282E+08,1.631E+08,1.66786E+08,1.70317E+08,1.73748E+08,1.7707E+08,1.80278E+08,1.83377E+08,1.86378E+08,1.89333E+08,1.92272E+08,1.95127E+08,1.97911E+08,2.00644E+08,2.03333E+08,2.05981E+08,2.08585E+08,2.11145E+08,2.13685E+08,2.16215E+08,2.18735E+08,2.21252E+08,2.23768E+08,2.26265E+08,2.28747E+08,2.31243E+08,2.33747E+08,2.36269E+08,2.38789E+08,2.41296E+08,2.43815E+08,2.46346E+08,2.48889E+08,2.51459E+08,2.54044E+08,2.56641E+08,2.59266E+08,2.61914E+08,2.64572E+08,2.67246E+08,2.69918E+08,2.72588E+08,2.75279E+08,2.77988E+08,2.80709E+08,2.8345E+08,2.86224E+08,2.8905E+08,2.91939E+08,2.94862E+08,2.9781E+08,3.0079E+08,3.03822E+08,3.06907E+08,3.10058E+08,3.13274E+08,3.16553E+08,3.19905E+08,3.23315E+08,3.26756E+08,3.30218E+08,3.33698E+08,3.37188E+08,3.40695E+08,3.44225E+08,3.47774E+08,3.5134E+08,3.54934E+08,3.58542E+08,3.62162E+08,3.65799E+08,3.69437E+08,3.73083E+08,3.76763E+08,3.80476E+08,3.84219E+08,3.87988E+08,3.91781E+08,3.95601E+08,3.99461E+08,4.03359E+08,4.07279E+08,4.1122E+08,4.15185E+08,4.19165E+08,4.23168E+08,4.27191E+08,4.31245E+08,4.35351E+08,4.39517E+08,4.43752E+08,4.48057E+08,4.52427E+08,4.56878E+08,4.6141E+08,4.66017E+08,4.70688E+08,4.75383E+08,4.80102E+08,4.84864E+08,4.8967E+08,4.94515E+08,4.99421E+08,5.04414E+08,5.09529E+08,5.14732E+08,5.20019E+08,5.25412E+08,5.30885E+08,5.36413E+08,5.41968E+08,5.47536E+08,5.53136E+08,5.5878E+08,5.64467E+08,5.70215E+08,5.76005E+08,5.81816E+08,5.87637E+08,5.93448E+08,5.99242E+08,6.05014E+08,6.10764E+08,6.165E+08,6.22247E+08,6.27993E+08,6.33753E+08,6.39496E+08,6.45198E+08,6.50837E+08,6.56432E+08,6.62005E+08,6.67581E+08,6.73145E+08,6.78696E+08,6.84218E+08,6.89715E+08,6.95202E+08,7.0065E+08,7.0605E+08,7.11403E+08,7.16716E+08,7.22019E+08,7.2731E+08,7.32568E+08,7.37805E+08,7.43015E+08,7.482E+08,7.53328E+08,7.58396E+08,7.63437E+08,7.68451E+08,7.73411E+08,7.78324E+08,7.83189E+08,7.88012E+08,7.92775E+08,7.97489E+08,8.0215E+08,8.06773E+08,8.11345E+08,8.15853E+08,8.20278E+08,8.24603E+08,8.28845E+08,8.33064E+08,8.37267E+08,8.41454E+08,8.45641E+08,8.4985E+08,8.54134E+08,8.58503E+08,8.62921E+08,8.67375E+08,8.71883E+08,8.76448E+08,8.81077E+08,8.85764E+08,8.90502E+08,8.95284E+08,9.00101E+08,9.04939E+08,9.09755E+08,9.14465E+08,9.19037E+08,9.23511E+08,9.27982E+08,9.32491E+08,9.3704E+08,9.41663E+08,9.46404E+08,9.5137E+08,9.56574E+08,9.61939E+08,9.6742E+08,9.73002E+08,9.78683E+08,9.84461E+08,9.90162E+08,9.95645E+08,1.00094E+09,1.00619E+09,1.01148E+09,1.01679E+09,1.0221E+09,1.02755E+09,1.0332E+09,1.03903E+09,1.04493E+09,1.05081E+09,1.05666E+09,1.06251E+09,1.06835E+09,1.07416E+09,1.07997E+09,1.08578E+09,1.09164E+09,1.0976E+09,1.10366E+09,1.10982E+09,1.11606E+09,1.12242E+09,1.12891E+09,1.13552E+09,1.14223E+09,1.14901E+09,1.15588E+09,1.16281E+09,1.1698E+09,1.17689E+09,1.1841E+09,1.19143E+09,1.19891E+09,1.20662E+09,1.21458E+09,1.22273E+09,1.23099E+09,1.23936E+09,1.24786E+09,1.25651E+09,1.26527E+09,1.2742E+09,1.28327E+09,1.29244E+09,1.30166E+09,1.31092E+09,1.32034E+09,1.33001E+09,1.33988E+09,1.34995E+09,1.36035E+09,1.37105E+09,1.38198E+09,1.3931E+09,1.40434E+09,1.41564E+09,1.42704E+09,1.43855E+09,1.45013E+09,1.46179E+09,1.47351E+09,1.48534E+09,1.49728E+09,1.50928E+09,1.52138E+09,1.5336E+09,1.54594E+09,1.55837E+09,1.57088E+09,1.58353E+09,1.59637E+09,1.60928E+09,1.62219E+09,1.63513E+09,1.64817E+09,1.66134E+09,1.67466E+09,1.68813E+09,1.70175E+09,1.71545E+09,1.72925E+09,1.74318E+09,1.75726E+09,1.77143E+09,1.78566E+09,1.80001E+09,1.81452E+09,1.8291E+09,1.84369E+09,1.85828E+09,1.8729E+09,1.88763E+09,1.90248E+09,1.91743E+09,1.93241E+09,1.94734E+09,1.96218E+09,1.97694E+09,1.99155E+09,2.00602E+09,2.02043E+09,2.03485E+09,2.04928E+09,2.06371E+09,2.07817E+09,2.09258E+09,2.1069E+09,2.12116E+09,2.13542E+09,2.14969E+09,2.16397E+09,2.17822E+09,2.19241E+09,2.20659E+09,2.22073E+09,2.2348E+09,2.24879E+09,2.26262E+09,2.27612E+09,2.28914E+09,2.30168E+09,2.31372E+09,2.32535E+09,2.33666E+09,2.3477E+09,2.35882E+09,2.37035E+09,2.38221E+09,2.39433E+09,2.4066E+09,2.419E+09,2.43154E+09,2.44413E+09,2.45659E+09,2.46885E+09,2.48085E+09,2.49259E+09,2.50416E+09,2.51562E+09,2.52699E+09,2.53829E+09,2.54956E+09,2.56088E+09,2.57225E+09,2.58361E+09,2.59493E+09,2.60619E+09,2.61733E+09,2.62838E+09,2.63935E+09,2.65021E+09,2.66093E+09,2.67155E+09,2.6821E+09,2.69262E+09,2.70313E+09,2.71364E+09,2.72415E+09,2.73468E+09,2.7452E+09,2.75567E+09,2.76609E+09,2.77643E+09,2.78665E+09,2.7968E+09,2.80695E+09,2.81711E+09,2.82727E+09,2.83742E+09,2.84757E+09,2.85772E+09,2.86783E+09,2.87789E+09,2.8879E+09,2.89789E+09,2.90787E+09,2.91787E+09,2.92791E+09,2.93793E+09,2.94793E+09,2.95793E+09,2.9679E+09,2.97786E+09,2.98778E+09,2.99763E+09,3.00742E+09,3.01717E+09,3.02688E+09,3.0366E+09,3.04631E+09,3.05601E+09,3.06573E+09,3.07547E+09,3.0852E+09,3.09494E+09,3.10465E+09,3.11431E+09,3.12389E+09,3.13338E+09,3.14279E+09,3.15214E+09,3.16144E+09,3.17073E+09,3.18005E+09,3.18937E+09,3.19868E+09,3.20798E+09,3.21725E+09,3.22651E+09,3.23575E+09,3.24495E+09,3.25413E+09,3.26334E+09,3.27256E+09,3.28182E+09,3.29111E+09,3.3004E+09,3.30967E+09,3.31896E+09,3.32828E+09,3.33765E+09,3.34703E+09,3.3564E+09,3.3658E+09,3.37522E+09,3.38461E+09,3.39391E+09,3.40316E+09,3.41231E+09,3.42123E+09,3.43006E+09,3.43893E+09,3.44787E+09,3.45691E+09,3.46597E+09,3.47509E+09,3.48433E+09,3.49347E+09,3.50241E+09,3.5112E+09,3.5199E+09,3.52858E+09,3.53722E+09,3.54577E+09,3.55426E+09,3.56271E+09,3.57111E+09,3.5795E+09,3.58794E+09,3.5965E+09,3.60522E+09,3.61412E+09,3.62324E+09,3.63265E+09,3.64237E+09,3.65244E+09,3.66289E+09,3.67374E+09,3.68503E+09,3.69682E+09,3.70909E+09,3.72181E+09,3.73505E+09,3.74869E+09,3.76266E+09,3.77717E+09,3.79229E+09,3.808E+09,3.8243E+09,3.84113E+09,3.85858E+09,3.87675E+09,3.89544E+09,3.91456E+09,3.93421E+09,3.95436E+09,3.97503E+09,3.99623E+09,4.01796E+09,4.04022E+09,4.06299E+09,4.08617E+09,4.10972E+09,4.13361E+09,4.15778E+09,4.1822E+09,4.20689E+09,4.23183E+09,4.2569E+09,4.28195E+09,4.30703E+09,4.33227E+09,4.3578E+09,4.38359E+09,4.40964E+09,4.43613E+09,4.46311E+09,4.49037E+09,4.51775E+09,4.54518E+09,4.57265E+09,4.60022E+09,4.62787E+09,4.65555E+09,4.68321E+09,4.71085E+09,4.73846E+09,4.76606E+09,4.79353E+09,4.82066E+09,4.84736E+09,4.87373E+09,4.89991E+09,4.92603E+09,4.95216E+09,4.97831E+09,5.00469E+09,5.0313E+09,5.05797E+09,5.08445E+09,5.11063E+09,5.13656E+09,5.16224E+09,5.18756E+09,5.21241E+09,5.23673E+09,5.26062E+09,5.28386E+09,5.30647E+09,5.32879E+09,5.35091E+09,5.37298E+09,5.39489E+09,5.41656E+09,5.43828E+09,5.4599E+09,5.48117E+09,5.50198E+09,5.52231E+09,5.54218E+09,5.56171E+09,5.58084E+09,5.59961E+09,5.61802E+09,5.63617E+09,5.65403E+09,5.67157E+09,5.68872E+09,5.70544E+09,5.7218E+09,5.73789E+09,5.75364E+09,5.76905E+09,5.78411E+09,5.79887E+09,5.8134E+09,5.82766E+09,5.84159E+09,5.85523E+09,5.86861E+09,5.88171E+09,5.89455E+09,5.90712E+09,5.91941E+09,5.93145E+09,5.94324E+09,5.95479E+09,5.96614E+09,5.97732E+09,5.98832E+09,5.99917E+09,6.00986E+09,6.0204E+09,6.0308E+09,6.04108E+09,6.05124E+09,6.0613E+09,6.07127E+09,6.08117E+09,6.09101E+09,6.10079E+09,6.11052E+09,6.12022E+09,6.12988E+09,6.13953E+09,6.14916E+09,6.1588E+09,6.16843E+09,6.17808E+09,6.18773E+09,6.19739E+09,6.20705E+09,6.21672E+09,6.2264E+09,6.23609E+09,6.24579E+09,6.25552E+09,6.26529E+09,6.27512E+09,6.28502E+09,6.29501E+09,6.3051E+09,6.3153E+09,6.32565E+09,6.33614E+09,6.34673E+09,6.35731E+09,6.36769E+09,6.37798E+09,6.38856E+09,6.39974E+09,6.41148E+09,6.42375E+09,6.43671E+09,6.45037E+09,6.46455E+09,6.47914E+09,6.49405E+09,6.50935E+09,6.5251E+09,6.54123E+09,6.55771E+09,6.57454E+09,6.59174E+09,6.60932E+09,6.62729E+09,6.64561E+09,6.66431E+09,6.68341E+09,6.70286E+09,6.72272E+09,6.74306E+09,6.76372E+09,6.78467E+09,6.80593E+09,6.8274E+09,6.84905E+09,6.87093E+09,6.89325E+09,6.91609E+09,6.93943E+09,6.96333E+09,6.9878E+09,7.01274E+09,7.03811E+09,7.06391E+09,7.09018E+09,7.11687E+09,7.14393E+09,7.17129E+09,7.19892E+09,7.22677E+09,7.25463E+09,7.28249E+09,7.31092E+09,7.33829E+09,7.36575E+09,7.39337E+09,7.42109E+09,7.44878E+09,7.47663E+09,7.50495E+09,7.53259E+09,7.56015E+09,7.5874E+09,7.61423E+09,7.64069E+09,7.667E+09,7.69347E+09,7.7178E+09,7.74173E+09,7.76521E+09,7.78841E+09,7.81132E+09,7.83423E+09,7.85769E+09,7.88026E+09,7.9027E+09,7.92504E+09,7.94727E+09,7.96943E+09,7.99183E+09,8.01422E+09,8.0362E+09,8.05781E+09,8.0791E+09,8.10006E+09,8.12077E+09,8.14128E+09,8.16159E+09,8.18161E+09,8.20134E+09,8.22082E+09,8.24001E+09,8.25879E+09,8.27698E+09,8.29471E+09,8.31215E+09,8.32916E+09,8.34561E+09,8.36166E+09,8.3776E+09,8.3934E+09,8.40867E+09,8.42335E+09,8.43776E+09,8.45199E+09,8.46605E+09,8.47991E+09,8.49379E+09,8.5079E+09,8.52209E+09,8.53623E+09,8.55043E+09,8.56458E+09,8.57861E+09,8.59251E+09,8.60624E+09,8.61984E+09,8.63336E+09,8.64683E+09,8.6603E+09,8.67382E+09,8.68737E+09,8.70091E+09,8.71446E+09,8.72802E+09,8.74163E+09,8.75532E+09,8.76903E+09,8.7827E+09,8.79631E+09,8.80993E+09,8.82355E+09,8.83722E+09,8.85099E+09,8.8648E+09,8.87874E+09,8.89278E+09,8.90685E+09,8.92104E+09,8.93529E+09,8.94955E+09,8.96384E+09,8.97805E+09,8.99208E+09,9.00599E+09,9.01968E+09,9.03318E+09,9.04675E+09,9.06053E+09,9.07469E+09,9.08941E+09,9.10463E+09,9.12034E+09,9.13643E+09,9.15268E+09,9.16902E+09,9.18552E+09,9.2022E+09,9.21896E+09,9.23583E+09,9.25283E+09,9.26995E+09,9.28716E+09,9.30444E+09,9.32184E+09,9.33944E+09,9.35724E+09,9.37518E+09,9.39326E+09,9.41149E+09,9.42988E+09,9.44839E+09,9.46705E+09,9.48584E+09,9.50475E+09,9.52372E+09,9.54273E+09,9.56176E+09,9.58083E+09,9.59992E+09,9.61901E+09,9.63813E+09,9.65726E+09,9.67643E+09,9.69564E+09,9.71485E+09,9.73408E+09,9.75332E+09,9.77251E+09,9.79171E+09,9.81077E+09,9.82947E+09,9.84805E+09,9.86681E+09,9.88565E+09,9.90457E+09,9.92353E+09,9.94261E+09,9.96196E+09,9.98135E+09,1.00005E+10,1.00193E+10,1.0038E+10,1.00566E+10,1.00752E+10,1.00936E+10,1.01117E+10,1.01297E+10,1.01476E+10,1.01654E+10,1.01833E+10,1.02014E+10,1.02196E+10,1.0238E+10,1.02565E+10,1.02751E+10,1.02939E+10,1.03129E+10,1.0332E+10,1.03513E+10,1.03706E+10,1.03901E+10,1.04096E+10,1.04292E+10,1.0449E+10,1.04688E+10,1.04885E+10,1.05083E+10,1.05284E+10,1.05485E+10,1.05687E+10,1.0589E+10,1.06094E+10,1.063E+10,1.06507E+10,1.06714E+10,1.06918E+10,1.07122E+10,1.07326E+10,1.07528E+10,1.0773E+10,1.07931E+10,1.08132E+10,1.08331E+10,1.08529E+10,1.08725E+10,1.0892E+10,1.09113E+10,1.09305E+10,1.09495E+10,1.09683E+10,1.09868E+10,1.10052E+10,1.10234E+10,1.10415E+10,1.10593E+10,1.10769E+10,1.10944E+10,1.11116E+10,1.11287E+10,1.11456E+10,1.11624E+10,1.1179E+10,1.11954E+10,1.12116E+10,1.12277E+10,1.12437E+10,1.12595E+10,1.12752E+10,1.12907E+10,1.13061E+10,1.13214E+10,1.13365E+10,1.13516E+10,1.13665E+10,1.13814E+10,1.13961E+10,1.14108E+10,1.14254E+10,1.14399E+10,1.14544E+10,1.14687E+10,1.1483E+10,1.14972E+10,1.15114E+10,1.15254E+10,1.15393E+10,1.15532E+10,1.1567E+10,1.15806E+10,1.15941E+10,1.16077E+10,1.16214E+10,1.1635E+10,1.16487E+10,1.16624E+10,1.16763E+10,1.16902E+10,1.17041E+10,1.17179E+10,1.17317E+10,1.17455E+10,1.17593E+10,1.1772E+10,1.17849E+10,1.17979E+10,1.18107E+10,1.18239E+10,1.18385E+10,1.18529E+10,1.18671E+10,1.18814E+10,1.18956E+10,1.19099E+10,1.19243E+10,1.19387E+10,1.19532E+10,1.19678E+10,1.19824E+10,1.19971E+10,1.20119E+10,1.20267E+10,1.20417E+10,1.20567E+10,1.20717E+10,1.20869E+10,1.21021E+10,1.21174E+10,1.21328E+10,1.21482E+10,1.21637E+10,1.21793E+10,1.21949E+10
"Cost of Hospitalizations Cumulative[Colorado]",0,0,0,0,0,0,0,0,0,0,0,0,0,0,0,0,0,0,0,0,0,0,0,0,0,0,0,0,0,0,0,0,0,0,0,0,0,0,0,0,0,0,0,0.0313897,1.08532,5.10003,14.1603,30.6801,57.6168,98.7956,159.398,246.577,370.169,543.685,785.761,1121.49,1583.63,2215.31,3073.11,4232.15,5795.18,7902.7,10744,14573.4,19727.4,26642.6,35892.7,48241.1,64604.6,86126.7,114301,151144,199351,262441,345013,453046,594156,777993,1.01706E+06,1.32779E+06,1.73149E+06,2.25506E+06,2.93151E+06,3.79953E+06,4.90364E+06,6.29333E+06,8.02066E+06,1.01354E+07,1.26728E+07,1.55812E+07,1.87426E+07,2.20562E+07,2.54563E+07,2.89003E+07,3.23591E+07,3.58133E+07,3.92509E+07,4.26729E+07,4.61054E+07,4.94975E+07,5.28435E+07,5.61446E+07,5.94006E+07,6.26112E+07,6.57764E+07,6.88964E+07,7.19717E+07,7.50027E+07,7.79892E+07,8.08685E+07,8.37088E+07,8.65207E+07,8.92948E+07,9.20248E+07,9.47107E+07,9.73474E+07,9.99478E+07,1.02517E+08,1.05048E+08,1.0754E+08,1.0999E+08,1.12382E+08,1.1471E+08,1.16976E+08,1.19182E+08,1.21329E+08,1.23417E+08,1.25478E+08,1.27535E+08,1.29571E+08,1.31581E+08,1.33534E+08,1.35471E+08,1.37387E+08,1.39282E+08,1.41177E+08,1.43003E+08,1.44761E+08,1.46458E+08,1.48141E+08,1.4978E+08,1.51386E+08,1.52953E+08,1.5447E+08,1.55921E+08,1.57303E+08,1.58615E+08,1.59904E+08,1.612E+08,1.62495E+08,1.63715E+08,1.64914E+08,1.6607E+08,1.67171E+08,1.68228E+08,1.69275E+08,1.70304E+08,1.713E+08,1.72264E+08,1.7318E+08,1.7408E+08,1.7497E+08,1.75856E+08,1.76767E+08,1.77703E+08,1.78609E+08,1.79521E+08,1.80436E+08,1.81339E+08,1.82208E+08,1.8304E+08,1.83843E+08,1.84617E+08,1.85364E+08,1.86086E+08,1.86793E+08,1.87485E+08,1.88163E+08,1.88824E+08,1.89469E+08,1.90102E+08,1.90723E+08,1.91327E+08,1.91915E+08,1.9249E+08,1.9305E+08,1.93598E+08,1.94133E+08,1.94656E+08,1.95172E+08,1.95679E+08,1.96175E+08,1.96665E+08,1.97151E+08,1.97627E+08,1.98097E+08,1.98562E+08,1.99024E+08,1.99483E+08,1.99937E+08,2.00383E+08,2.00825E+08,2.01263E+08,2.01697E+08,2.02126E+08,2.02548E+08,2.02966E+08,2.03383E+08,2.038E+08,2.04214E+08,2.04622E+08,2.05026E+08,2.0543E+08,2.0583E+08,2.06227E+08,2.06622E+08,2.0702E+08,2.07416E+08,2.07812E+08,2.08206E+08,2.08599E+08,2.08987E+08,2.09369E+08,2.09747E+08,2.10121E+08,2.10495E+08,2.10871E+08,2.11245E+08,2.11622E+08,2.12003E+08,2.12387E+08,2.12773E+08,2.13157E+08,2.13539E+08,2.13927E+08,2.14318E+08,2.14711E+08,2.15112E+08,2.15529E+08,2.15954E+08,2.16387E+08,2.16829E+08,2.1728E+08,2.17743E+08,2.18215E+08,2.1869E+08,2.19176E+08,2.19676E+08,2.20191E+08,2.20726E+08,2.21278E+08,2.21846E+08,2.22437E+08,2.23053E+08,2.23692E+08,2.24347E+08,2.25018E+08,2.25705E+08,2.26407E+08,2.27125E+08,2.27857E+08,2.28603E+08,2.29365E+08,2.30142E+08,2.30939E+08,2.31759E+08,2.32596E+08,2.33452E+08,2.34323E+08,2.35207E+08,2.36093E+08,2.36968E+08,2.37837E+08,2.38703E+08,2.39561E+08,2.40408E+08,2.41239E+08,2.42058E+08,2.4286E+08,2.43644E+08,2.44411E+08,2.45157E+08,2.4588E+08,2.46586E+08,2.47277E+08,2.47951E+08,2.48609E+08,2.49248E+08,2.49873E+08,2.50484E+08,2.51078E+08,2.51651E+08,2.52208E+08,2.52755E+08,2.53291E+08,2.53818E+08,2.54333E+08,2.54843E+08,2.55345E+08,2.55832E+08,2.563E+08,2.56748E+08,2.57166E+08,2.57574E+08,2.57976E+08,2.58374E+08,2.58779E+08,2.59189E+08,2.59605E+08,2.60032E+08,2.60458E+08,2.60881E+08,2.61298E+08,2.61709E+08,2.62118E+08,2.62522E+08,2.62924E+08,2.63325E+08,2.63725E+08,2.6412E+08,2.64514E+08,2.64908E+08,2.65302E+08,2.65695E+08,2.66087E+08,2.6648E+08,2.66876E+08,2.67277E+08,2.67684E+08,2.68101E+08,2.68531E+08,2.68974E+08,2.69432E+08,2.69908E+08,2.70405E+08,2.70925E+08,2.71467E+08,2.72028E+08,2.72618E+08,2.7325E+08,2.73924E+08,2.74645E+08,2.7542E+08,2.7626E+08,2.77179E+08,2.78177E+08,2.79249E+08,2.80405E+08,2.81661E+08,2.83023E+08,2.84511E+08,2.86131E+08,2.87885E+08,2.89798E+08,2.91881E+08,2.94138E+08,2.96567E+08,2.99148E+08,3.01862E+08,3.04666E+08,3.07529E+08,3.10416E+08,3.13305E+08,3.16193E+08,3.19067E+08,3.21904E+08,3.24699E+08,3.2745E+08,3.30161E+08,3.32828E+08,3.35454E+08,3.38053E+08,3.4063E+08,3.43179E+08,3.45697E+08,3.4818E+08,3.50631E+08,3.53059E+08,3.55455E+08,3.57802E+08,3.60118E+08,3.62416E+08,3.64703E+08,3.66964E+08,3.69203E+08,3.71429E+08,3.73659E+08,3.75875E+08,3.78064E+08,3.80225E+08,3.82386E+08,3.84539E+08,3.86677E+08,3.88799E+08,3.90908E+08,3.93001E+08,3.95083E+08,3.97149E+08,3.992E+08,4.01237E+08,4.03254E+08,4.05254E+08,4.07253E+08,4.09242E+08,4.11211E+08,4.13174E+08,4.15122E+08,4.17058E+08,4.18962E+08,4.20833E+08,4.22677E+08,4.24489E+08,4.26255E+08,4.27986E+08,4.29701E+08,4.31419E+08,4.33141E+08,4.34868E+08,4.36615E+08,4.38385E+08,4.40175E+08,4.41966E+08,4.43764E+08,4.45553E+08,4.47319E+08,4.49072E+08,4.50804E+08,4.52507E+08,4.54193E+08,4.55867E+08,4.5753E+08,4.59179E+08,4.60808E+08,4.6241E+08,4.64008E+08,4.65591E+08,4.6715E+08,4.68681E+08,4.70181E+08,4.71659E+08,4.73124E+08,4.74548E+08,4.75937E+08,4.77309E+08,4.7867E+08,4.80019E+08,4.81361E+08,4.82702E+08,4.84045E+08,4.85386E+08,4.86718E+08,4.88043E+08,4.89362E+08,4.90679E+08,4.91995E+08,4.93308E+08,4.94615E+08,4.95917E+08,4.97205E+08,4.98482E+08,4.99743E+08,5.00983E+08,5.02204E+08,5.03412E+08,5.04613E+08,5.05818E+08,5.07029E+08,5.08252E+08,5.09483E+08,5.1072E+08,5.11961E+08,5.13196E+08,5.14426E+08,5.15646E+08,5.16854E+08,5.18052E+08,5.19239E+08,5.20417E+08,5.2159E+08,5.22757E+08,5.23917E+08,5.25071E+08,5.26223E+08,5.27375E+08,5.28524E+08,5.29665E+08,5.30794E+08,5.31905E+08,5.32994E+08,5.34062E+08,5.35127E+08,5.3619E+08,5.37255E+08,5.38331E+08,5.39421E+08,5.40524E+08,5.41634E+08,5.42741E+08,5.43847E+08,5.44953E+08,5.46063E+08,5.47181E+08,5.48316E+08,5.49467E+08,5.50621E+08,5.51778E+08,5.52938E+08,5.541E+08,5.55265E+08,5.56434E+08,5.57606E+08,5.58777E+08,5.59957E+08,5.61148E+08,5.62345E+08,5.63552E+08,5.64767E+08,5.65988E+08,5.67218E+08,5.68455E+08,5.69702E+08,5.70958E+08,5.72222E+08,5.73495E+08,5.74779E+08,5.76072E+08,5.77376E+08,5.7869E+08,5.8002E+08,5.81362E+08,5.82717E+08,5.84089E+08,5.85474E+08,5.86869E+08,5.88275E+08,5.89695E+08,5.91136E+08,5.92598E+08,5.94069E+08,5.95551E+08,5.97032E+08,5.98511E+08,5.99995E+08,6.01476E+08,6.02938E+08,6.04383E+08,6.05814E+08,6.07245E+08,6.08662E+08,6.10054E+08,6.11424E+08,6.1277E+08,6.14092E+08,6.15392E+08,6.16663E+08,6.17908E+08,6.19128E+08,6.2032E+08,6.21491E+08,6.22642E+08,6.23771E+08,6.24882E+08,6.25978E+08,6.27057E+08,6.28118E+08,6.29143E+08,6.3013E+08,6.31107E+08,6.3207E+08,6.3302E+08,6.33957E+08,6.34885E+08,6.35818E+08,6.36749E+08,6.37656E+08,6.38541E+08,6.39405E+08,6.40259E+08,6.41108E+08,6.41955E+08,6.42795E+08,6.43625E+08,6.4445E+08,6.45272E+08,6.4609E+08,6.46907E+08,6.47718E+08,6.48521E+08,6.49324E+08,6.50127E+08,6.50933E+08,6.51745E+08,6.52565E+08,6.53393E+08,6.54229E+08,6.55069E+08,6.55916E+08,6.56773E+08,6.57641E+08,6.58511E+08,6.59377E+08,6.60247E+08,6.61145E+08,6.62071E+08,6.63022E+08,6.63998E+08,6.65004E+08,6.66052E+08,6.67131E+08,6.6822E+08,6.69322E+08,6.70442E+08,6.71582E+08,6.72749E+08,6.73942E+08,6.75171E+08,6.76431E+08,6.77723E+08,6.79041E+08,6.80379E+08,6.81744E+08,6.83147E+08,6.84603E+08,6.86117E+08,6.87681E+08,6.89296E+08,6.90969E+08,6.9269E+08,6.94453E+08,6.96232E+08,6.98005E+08,6.99801E+08,7.01639E+08,7.03522E+08,7.0545E+08,7.0742E+08,7.09449E+08,7.11554E+08,7.13718E+08,7.15924E+08,7.18174E+08,7.2048E+08,7.22839E+08,7.25264E+08,7.27778E+08,7.3038E+08,7.33068E+08,7.35845E+08,7.38703E+08,7.41642E+08,7.44677E+08,7.47808E+08,7.5103E+08,7.54326E+08,7.57693E+08,7.61143E+08,7.64687E+08,7.68297E+08,7.71974E+08,7.75725E+08,7.79543E+08,7.83429E+08,7.87368E+08,7.91304E+08,7.9525E+08,7.99254E+08,8.03337E+08,8.07501E+08,8.1172E+08,8.15988E+08,8.20346E+08,8.24786E+08,8.29245E+08,8.33704E+08,8.38175E+08,8.4266E+08,8.47152E+08,8.51659E+08,8.56188E+08,8.60755E+08,8.65343E+08,8.69943E+08,8.74519E+08,8.79086E+08,8.83658E+08,8.88237E+08,8.92816E+08,8.97384E+08,9.01952E+08,9.06556E+08,9.11165E+08,9.15761E+08,9.20349E+08,9.2496E+08,9.29601E+08,9.34251E+08,9.38897E+08,9.43547E+08,9.48216E+08,9.52916E+08,9.57607E+08,9.62282E+08,9.66952E+08,9.71634E+08,9.76323E+08,9.81007E+08,9.8568E+08,9.90357E+08,9.95037E+08,9.99725E+08,1.00441E+09,1.0091E+09,1.01383E+09,1.01859E+09,1.02336E+09,1.02815E+09,1.03297E+09,1.0378E+09,1.04263E+09,1.04746E+09,1.05229E+09,1.05714E+09,1.06198E+09,1.06684E+09,1.0717E+09,1.07654E+09,1.08138E+09,1.08622E+09,1.09102E+09,1.09578E+09,1.10049E+09,1.10516E+09,1.1098E+09,1.11439E+09,1.11894E+09,1.12344E+09,1.12791E+09,1.13231E+09,1.13666E+09,1.14097E+09,1.14521E+09,1.1494E+09,1.15349E+09,1.15744E+09,1.16129E+09,1.16511E+09,1.16889E+09,1.17266E+09,1.17643E+09,1.18023E+09,1.18411E+09,1.188E+09,1.19186E+09,1.19567E+09,1.19941E+09,1.20307E+09,1.20667E+09,1.21021E+09,1.21369E+09,1.21712E+09,1.22051E+09,1.22388E+09,1.22721E+09,1.23052E+09,1.23381E+09,1.2371E+09,1.24038E+09,1.24365E+09,1.24692E+09,1.25024E+09,1.25357E+09,1.25694E+09,1.26035E+09,1.26376E+09,1.26717E+09,1.27059E+09,1.27403E+09,1.27749E+09,1.28097E+09,1.28446E+09,1.28796E+09,1.29151E+09,1.29509E+09,1.29873E+09,1.30246E+09,1.30625E+09,1.31005E+09,1.31388E+09,1.31773E+09,1.32161E+09,1.32544E+09,1.32921E+09,1.33296E+09,1.33672E+09,1.34047E+09,1.34421E+09,1.3479E+09,1.35158E+09,1.35523E+09,1.35883E+09,1.36236E+09,1.36587E+09,1.36933E+09,1.37274E+09,1.37611E+09,1.37945E+09,1.38273E+09,1.38596E+09,1.38914E+09,1.39227E+09,1.39536E+09,1.39842E+09,1.40139E+09,1.40432E+09,1.40724E+09,1.41015E+09,1.41305E+09,1.41594E+09,1.41883E+09,1.4217E+09,1.42456E+09,1.42738E+09,1.43015E+09,1.43289E+09,1.43561E+09,1.43831E+09,1.44099E+09,1.44364E+09,1.44629E+09,1.44892E+09,1.45154E+09,1.45413E+09,1.45668E+09,1.4592E+09,1.4617E+09,1.46419E+09,1.46667E+09,1.46914E+09,1.4716E+09,1.47406E+09,1.47651E+09,1.47893E+09,1.48131E+09,1.48367E+09,1.48601E+09,1.48832E+09,1.49059E+09,1.49284E+09,1.49505E+09,1.49723E+09,1.49939E+09,1.50154E+09,1.50367E+09,1.50578E+09,1.50787E+09,1.50995E+09,1.51201E+09,1.51406E+09,1.5161E+09,1.51812E+09,1.52012E+09,1.52211E+09,1.52408E+09,1.52603E+09,1.52799E+09,1.52995E+09,1.53191E+09,1.53387E+09,1.53583E+09,1.53778E+09,1.53972E+09,1.54164E+09,1.54355E+09,1.54543E+09,1.54731E+09,1.54917E+09,1.55102E+09,1.55286E+09,1.55471E+09,1.55656E+09,1.55841E+09,1.56026E+09,1.56211E+09,1.56397E+09,1.56583E+09,1.5677E+09,1.56956E+09,1.57144E+09,1.57334E+09,1.57525E+09,1.57718E+09,1.57911E+09,1.58106E+09,1.58302E+09,1.58498E+09,1.58697E+09,1.58897E+09,1.591E+09,1.59306E+09,1.59514E+09,1.59724E+09,1.59938E+09,1.60154E+09,1.60373E+09,1.60594E+09,1.60817E+09,1.61043E+09,1.61273E+09,1.61505E+09,1.61741E+09,1.61981E+09,1.62224E+09,1.62472E+09,1.62723E+09,1.62976E+09,1.63231E+09,1.63488E+09,1.63749E+09,1.64012E+09,1.64278E+09,1.64547E+09,1.64819E+09,1.65094E+09,1.65371E+09,1.65652E+09,1.65934E+09,1.66219E+09,1.66506E+09,1.66795E+09,1.67081E+09,1.67369E+09,1.67658E+09,1.67951E+09,1.68245E+09,1.68541E+09,1.68839E+09,1.69142E+09,1.69448E+09,1.69755E+09,1.70061E+09,1.70369E+09,1.7068E+09,1.70993E+09,1.71308E+09,1.71624E+09,1.71942E+09,1.72264E+09,1.72588E+09,1.72915E+09,1.73244E+09,1.73576E+09,1.73913E+09,1.74255E+09,1.74598E+09,1.74946E+09,1.75297E+09,1.75649E+09,1.76006E+09,1.76365E+09,1.76727E+09,1.7709E+09,1.77456E+09,1.77828E+09,1.78203E+09,1.78578E+09,1.78955E+09,1.79337E+09,1.79725E+09,1.80117E+09,1.80511E+09,1.8091E+09,1.81315E+09,1.81723E+09,1.82132E+09,1.82542E+09,1.82953E+09,1.83368E+09,1.83785E+09,1.84203E+09,1.84623E+09,1.85045E+09,1.85468E+09,1.85891E+09,1.86316E+09,1.8674E+09,1.87163E+09,1.87586E+09,1.88008E+09,1.8843E+09,1.8885E+09,1.89268E+09,1.89684E+09,1.90099E+09,1.90511E+09,1.9092E+09,1.91325E+09,1.91726E+09,1.92123E+09,1.92513E+09,1.92896E+09,1.93275E+09,1.93647E+09,1.94011E+09,1.94369E+09,1.9472E+09,1.95065E+09,1.95404E+09,1.95736E+09,1.96061E+09,1.96381E+09,1.96696E+09,1.97005E+09,1.97308E+09,1.97605E+09,1.97897E+09,1.98186E+09,1.98468E+09,1.98745E+09,1.99019E+09,1.99287E+09,1.99552E+09,1.99814E+09,2.00072E+09,2.00326E+09,2.00577E+09,2.00823E+09,2.01067E+09,2.01307E+09,2.01543E+09,2.0178E+09,2.02016E+09,2.0225E+09,2.02485E+09,2.02719E+09,2.02955E+09,2.0319E+09,2.03424E+09,2.03657E+09,2.0389E+09,2.04125E+09,2.0436E+09,2.04597E+09,2.04836E+09,2.05076E+09,2.05319E+09,2.05561E+09,2.05813E+09,2.06066E+09,2.06321E+09,2.06579E+09,2.0684E+09,2.07104E+09,2.0737E+09,2.0764E+09,2.07913E+09,2.08189E+09,2.08469E+09,2.08751E+09,2.09036E+09,2.09325E+09,2.09616E+09,2.0991E+09,2.10207E+09,2.10506E+09,2.10807E+09,2.11111E+09,2.11416E+09,2.11723E+09,2.12032E+09,2.12342E+09,2.12653E+09
"Cost of Hospitalizations Cumulative[Connecticut]",0,0,0,0,0,0,0,0,0,0,0,0,0,0,0,0,0,0,0,0,0,0,0,0,0,0,0,0,0,0,0,0,0,0,0,0,0,0,0,0,0,0,0,0,0,0,0,0,0,0,0,0,0,0,0,0.0284279,0.957445,4.35342,11.6302,24.1727,43.4888,71.3727,110.068,162.354,231.691,322.404,439.86,590.569,782.707,1027.08,1336.98,1728.54,2221.75,2842.07,3621.5,4597.98,5813.93,7317.18,9163.07,11415.4,14151.4,17464.3,21465.9,26285.1,32065.7,38982.7,47244.7,57061.1,68698.5,82499.4,98894,118418,141734,169663,203219,243618,292319,351057,421816,506848,608683,730355,875687,1.04911E+06,1.25562E+06,1.50085E+06,1.79113E+06,2.13347E+06,2.53551E+06,3.00536E+06,3.55177E+06,4.18425E+06,4.91235E+06,5.73965E+06,6.66306E+06,7.67879E+06,8.78926E+06,9.9977E+06,1.12915E+07,1.2661E+07,1.40986E+07,1.55995E+07,1.71604E+07,1.87714E+07,2.04243E+07,2.21277E+07,2.38892E+07,2.57018E+07,2.7576E+07,2.95333E+07,3.15481E+07,3.35949E+07,3.56544E+07,3.77129E+07,3.97862E+07,4.18499E+07,4.38779E+07,4.58665E+07,4.78219E+07,4.97609E+07,5.16738E+07,5.3552E+07,5.53973E+07,5.72163E+07,5.90053E+07,6.07622E+07,6.24772E+07,6.41575E+07,6.58007E+07,6.74069E+07,6.89724E+07,7.04943E+07,7.19675E+07,7.3399E+07,7.47944E+07,7.61606E+07,7.74945E+07,7.87923E+07,8.0055E+07,8.12909E+07,8.25105E+07,8.36914E+07,8.48517E+07,8.59605E+07,8.70384E+07,8.80803E+07,8.90843E+07,9.0048E+07,9.09725E+07,9.1863E+07,9.27217E+07,9.35544E+07,9.43667E+07,9.51631E+07,9.59495E+07,9.67227E+07,9.74771E+07,9.82077E+07,9.89143E+07,9.96027E+07,1.00275E+08,1.00932E+08,1.01579E+08,1.02216E+08,1.02843E+08,1.0346E+08,1.04061E+08,1.04644E+08,1.05211E+08,1.05761E+08,1.06291E+08,1.06794E+08,1.07273E+08,1.07733E+08,1.08178E+08,1.08603E+08,1.09001E+08,1.09377E+08,1.09734E+08,1.10075E+08,1.10396E+08,1.10705E+08,1.11013E+08,1.11323E+08,1.11635E+08,1.1195E+08,1.12267E+08,1.1258E+08,1.12885E+08,1.13181E+08,1.13469E+08,1.13748E+08,1.14014E+08,1.14269E+08,1.14513E+08,1.14749E+08,1.14978E+08,1.152E+08,1.15413E+08,1.15616E+08,1.15808E+08,1.1599E+08,1.16163E+08,1.16326E+08,1.16481E+08,1.16637E+08,1.16802E+08,1.16974E+08,1.17147E+08,1.17321E+08,1.17496E+08,1.1767E+08,1.17842E+08,1.18009E+08,1.18173E+08,1.18335E+08,1.18497E+08,1.18659E+08,1.18821E+08,1.18985E+08,1.19151E+08,1.19319E+08,1.1949E+08,1.19663E+08,1.19838E+08,1.20017E+08,1.20198E+08,1.20382E+08,1.20568E+08,1.20757E+08,1.20949E+08,1.21144E+08,1.21343E+08,1.21547E+08,1.21755E+08,1.21968E+08,1.22187E+08,1.22409E+08,1.22632E+08,1.22851E+08,1.23065E+08,1.23275E+08,1.23481E+08,1.23684E+08,1.23886E+08,1.24087E+08,1.24289E+08,1.24493E+08,1.24697E+08,1.24904E+08,1.25118E+08,1.25336E+08,1.25567E+08,1.25805E+08,1.26041E+08,1.26272E+08,1.26509E+08,1.26754E+08,1.27006E+08,1.27263E+08,1.27529E+08,1.2781E+08,1.28101E+08,1.28396E+08,1.2869E+08,1.28986E+08,1.29282E+08,1.29576E+08,1.2987E+08,1.30164E+08,1.30462E+08,1.30767E+08,1.31074E+08,1.3138E+08,1.31687E+08,1.31994E+08,1.323E+08,1.32605E+08,1.32904E+08,1.33198E+08,1.3349E+08,1.33784E+08,1.3408E+08,1.34376E+08,1.34667E+08,1.34958E+08,1.35251E+08,1.35548E+08,1.35845E+08,1.36143E+08,1.36442E+08,1.36744E+08,1.37048E+08,1.37353E+08,1.37657E+08,1.3796E+08,1.38264E+08,1.38568E+08,1.38871E+08,1.39173E+08,1.3947E+08,1.39753E+08,1.40026E+08,1.40331E+08,1.40688E+08,1.41066E+08,1.41448E+08,1.41835E+08,1.42225E+08,1.4262E+08,1.4302E+08,1.43426E+08,1.43837E+08,1.44256E+08,1.44683E+08,1.45118E+08,1.45564E+08,1.46019E+08,1.46486E+08,1.46964E+08,1.47453E+08,1.47954E+08,1.48466E+08,1.48989E+08,1.49525E+08,1.50073E+08,1.50634E+08,1.51209E+08,1.51796E+08,1.52396E+08,1.53009E+08,1.53636E+08,1.54277E+08,1.54932E+08,1.55603E+08,1.5629E+08,1.56995E+08,1.57719E+08,1.58463E+08,1.59227E+08,1.60012E+08,1.60819E+08,1.61652E+08,1.6251E+08,1.63395E+08,1.6431E+08,1.65254E+08,1.66229E+08,1.67236E+08,1.68275E+08,1.69346E+08,1.7045E+08,1.71586E+08,1.72757E+08,1.7396E+08,1.75194E+08,1.76459E+08,1.7775E+08,1.79067E+08,1.80408E+08,1.81771E+08,1.83154E+08,1.84556E+08,1.85975E+08,1.8741E+08,1.8886E+08,1.90323E+08,1.91797E+08,1.93283E+08,1.94777E+08,1.96278E+08,1.97787E+08,1.99312E+08,2.00848E+08,2.02397E+08,2.03955E+08,2.05523E+08,2.071E+08,2.08686E+08,2.10273E+08,2.11844E+08,2.13378E+08,2.14862E+08,2.16301E+08,2.1769E+08,2.19025E+08,2.20316E+08,2.21585E+08,2.22834E+08,2.24079E+08,2.2531E+08,2.26539E+08,2.27784E+08,2.28841E+08,2.29861E+08,2.30945E+08,2.32115E+08,2.33368E+08,2.34725E+08,2.36174E+08,2.37659E+08,2.39132E+08,2.40589E+08,2.42031E+08,2.43457E+08,2.44867E+08,2.46264E+08,2.47649E+08,2.49026E+08,2.50398E+08,2.51767E+08,2.53135E+08,2.54504E+08,2.55877E+08,2.57255E+08,2.58644E+08,2.60042E+08,2.61451E+08,2.62872E+08,2.64306E+08,2.65754E+08,2.67216E+08,2.68689E+08,2.70171E+08,2.71661E+08,2.73156E+08,2.74654E+08,2.76152E+08,2.77655E+08,2.79163E+08,2.80669E+08,2.82176E+08,2.83681E+08,2.85186E+08,2.8669E+08,2.88194E+08,2.897E+08,2.91209E+08,2.92721E+08,2.94238E+08,2.9576E+08,2.9729E+08,2.98828E+08,3.00375E+08,3.01929E+08,3.03488E+08,3.05051E+08,3.06612E+08,3.0817E+08,3.09734E+08,3.11296E+08,3.12863E+08,3.14434E+08,3.16005E+08,3.17584E+08,3.19171E+08,3.20754E+08,3.22332E+08,3.23902E+08,3.25462E+08,3.27013E+08,3.28551E+08,3.30069E+08,3.3156E+08,3.33039E+08,3.34512E+08,3.35974E+08,3.37426E+08,3.38864E+08,3.40298E+08,3.41734E+08,3.43162E+08,3.44579E+08,3.45989E+08,3.47397E+08,3.48801E+08,3.50201E+08,3.51595E+08,3.52983E+08,3.54366E+08,3.55741E+08,3.5711E+08,3.5847E+08,3.59821E+08,3.61163E+08,3.62499E+08,3.63825E+08,3.65146E+08,3.66456E+08,3.6776E+08,3.69057E+08,3.70347E+08,3.71628E+08,3.72901E+08,3.74164E+08,3.7542E+08,3.76669E+08,3.7791E+08,3.79144E+08,3.80369E+08,3.81588E+08,3.82801E+08,3.84007E+08,3.85208E+08,3.86402E+08,3.8759E+08,3.88772E+08,3.89948E+08,3.91118E+08,3.92282E+08,3.9344E+08,3.94593E+08,3.95741E+08,3.96885E+08,3.98024E+08,3.99158E+08,4.00288E+08,4.01412E+08,4.02531E+08,4.03646E+08,4.04747E+08,4.05822E+08,4.06898E+08,4.07975E+08,4.0905E+08,4.10115E+08,4.11171E+08,4.12238E+08,4.13324E+08,4.14404E+08,4.15483E+08,4.16557E+08,4.17622E+08,4.18658E+08,4.19653E+08,4.20642E+08,4.21626E+08,4.22605E+08,4.23556E+08,4.24438E+08,4.25285E+08,4.26173E+08,4.27041E+08,4.27891E+08,4.28727E+08,4.29545E+08,4.30392E+08,4.31295E+08,4.32194E+08,4.33084E+08,4.33969E+08,4.3485E+08,4.35733E+08,4.36604E+08,4.37444E+08,4.38265E+08,4.39077E+08,4.39886E+08,4.40693E+08,4.415E+08,4.423E+08,4.43089E+08,4.43874E+08,4.44657E+08,4.45438E+08,4.46217E+08,4.4699E+08,4.47762E+08,4.4853E+08,4.49297E+08,4.50057E+08,4.50811E+08,4.51559E+08,4.52301E+08,4.53033E+08,4.5376E+08,4.54476E+08,4.55187E+08,4.55899E+08,4.56607E+08,4.57312E+08,4.58018E+08,4.58735E+08,4.59471E+08,4.60233E+08,4.61025E+08,4.61836E+08,4.62662E+08,4.63523E+08,4.64416E+08,4.65346E+08,4.66315E+08,4.67321E+08,4.68393E+08,4.6955E+08,4.70767E+08,4.72055E+08,4.73409E+08,4.74823E+08,4.76313E+08,4.77881E+08,4.79533E+08,4.81277E+08,4.83103E+08,4.85027E+08,4.87059E+08,4.89161E+08,4.91322E+08,4.93595E+08,4.95963E+08,4.98434E+08,5.00997E+08,5.03621E+08,5.06325E+08,5.09118E+08,5.11959E+08,5.14846E+08,5.17755E+08,5.20689E+08,5.23652E+08,5.26651E+08,5.29672E+08,5.32697E+08,5.35738E+08,5.38807E+08,5.41904E+08,5.45036E+08,5.48185E+08,5.51338E+08,5.54509E+08,5.57712E+08,5.60946E+08,5.64196E+08,5.67458E+08,5.70737E+08,5.74039E+08,5.77361E+08,5.80692E+08,5.84024E+08,5.87355E+08,5.90704E+08,5.94068E+08,5.97411E+08,6.00713E+08,6.04011E+08,6.07352E+08,6.10734E+08,6.14137E+08,6.17546E+08,6.20961E+08,6.24389E+08,6.27801E+08,6.31186E+08,6.34562E+08,6.37913E+08,6.41243E+08,6.44561E+08,6.4782E+08,6.51008E+08,6.54216E+08,6.57414E+08,6.60603E+08,6.63777E+08,6.66956E+08,6.70196E+08,6.73494E+08,6.76735E+08,6.79967E+08,6.83209E+08,6.86453E+08,6.89686E+08,6.9293E+08,6.96214E+08,6.99516E+08,7.02795E+08,7.06042E+08,7.09264E+08,7.12466E+08,7.15642E+08,7.18785E+08,7.21946E+08,7.25123E+08,7.28314E+08,7.31521E+08,7.34725E+08,7.37932E+08,7.41151E+08,7.44347E+08,7.47519E+08,7.50672E+08,7.53795E+08,7.56907E+08,7.60008E+08,7.63089E+08,7.66143E+08,7.69186E+08,7.72222E+08,7.75255E+08,7.78282E+08,7.81301E+08,7.84314E+08,7.87315E+08,7.90292E+08,7.93236E+08,7.96164E+08,7.99086E+08,8.02019E+08,8.04998E+08,8.08029E+08,8.11104E+08,8.1422E+08,8.17388E+08,8.20596E+08,8.23843E+08,8.27106E+08,8.30386E+08,8.33703E+08,8.37055E+08,8.40421E+08,8.43824E+08,8.47254E+08,8.5071E+08,8.54163E+08,8.57546E+08,8.60908E+08,8.64281E+08,8.67669E+08,8.71073E+08,8.74505E+08,8.78007E+08,8.81625E+08,8.85311E+08,8.89024E+08,8.92744E+08,8.96472E+08,9.00198E+08,9.03914E+08,9.07618E+08,9.11312E+08,9.14994E+08,9.18671E+08,9.22345E+08,9.26042E+08,9.29815E+08,9.33659E+08,9.37572E+08,9.41553E+08,9.45595E+08,9.49702E+08,9.53859E+08,9.58046E+08,9.62265E+08,9.6648E+08,9.70676E+08,9.74868E+08,9.7903E+08,9.83181E+08,9.87311E+08,9.91461E+08,9.95613E+08,9.99754E+08,1.00391E+09,1.00817E+09,1.01265E+09,1.01684E+09,1.02099E+09,1.02513E+09,1.02925E+09,1.03331E+09,1.03757E+09,1.04204E+09,1.04577E+09,1.04957E+09,1.05343E+09,1.0573E+09,1.06117E+09,1.06503E+09,1.06895E+09,1.07278E+09,1.07651E+09,1.08018E+09,1.08383E+09,1.08747E+09,1.09109E+09,1.09468E+09,1.09822E+09,1.10172E+09,1.10515E+09,1.1085E+09,1.11178E+09,1.11499E+09,1.11813E+09,1.12117E+09,1.12411E+09,1.12698E+09,1.12981E+09,1.13257E+09,1.13526E+09,1.13787E+09,1.14045E+09,1.14301E+09,1.14557E+09,1.1481E+09,1.15059E+09,1.15307E+09,1.15553E+09,1.15798E+09,1.1604E+09,1.16276E+09,1.16509E+09,1.16739E+09,1.16965E+09,1.17188E+09,1.1741E+09,1.17629E+09,1.17848E+09,1.18067E+09,1.18286E+09,1.18507E+09,1.18727E+09,1.18945E+09,1.1916E+09,1.19373E+09,1.19585E+09,1.19796E+09,1.20005E+09,1.20214E+09,1.2042E+09,1.20627E+09,1.20833E+09,1.21039E+09,1.21244E+09,1.21448E+09,1.21651E+09,1.21852E+09,1.22052E+09,1.22252E+09,1.22451E+09,1.22651E+09,1.22851E+09,1.23052E+09,1.23253E+09,1.23455E+09,1.23659E+09,1.23863E+09,1.24067E+09,1.24273E+09,1.24478E+09,1.24685E+09,1.24891E+09,1.25099E+09,1.25307E+09,1.25516E+09,1.25726E+09,1.25937E+09,1.2615E+09,1.26364E+09,1.26577E+09,1.26791E+09,1.27003E+09,1.27214E+09,1.27422E+09,1.27627E+09,1.27828E+09,1.28028E+09,1.28226E+09,1.28425E+09,1.28622E+09,1.28818E+09,1.29021E+09,1.29229E+09,1.2944E+09,1.29652E+09,1.29866E+09,1.30083E+09,1.30302E+09,1.30518E+09,1.30732E+09,1.30946E+09,1.3116E+09,1.31375E+09,1.3159E+09,1.31805E+09,1.32021E+09,1.3224E+09,1.32462E+09,1.32685E+09,1.32908E+09,1.33133E+09,1.3336E+09,1.33591E+09,1.33823E+09,1.34055E+09,1.34289E+09,1.34523E+09,1.34758E+09,1.34994E+09,1.35229E+09,1.35465E+09,1.35702E+09,1.3594E+09,1.36178E+09,1.36417E+09,1.36655E+09,1.36893E+09,1.37128E+09,1.37359E+09,1.37588E+09,1.37814E+09,1.38036E+09,1.38253E+09,1.38468E+09,1.38685E+09,1.38903E+09,1.39123E+09,1.39345E+09,1.39568E+09,1.39794E+09,1.40019E+09,1.40245E+09,1.40471E+09,1.40698E+09,1.40927E+09,1.41159E+09,1.41394E+09,1.41629E+09,1.41868E+09,1.42111E+09,1.42357E+09,1.42607E+09,1.42861E+09,1.4312E+09,1.43382E+09,1.43646E+09,1.43912E+09,1.44184E+09,1.44465E+09,1.44753E+09,1.45047E+09,1.4535E+09,1.45665E+09,1.45988E+09,1.46318E+09,1.46654E+09,1.46992E+09,1.47336E+09,1.47685E+09,1.48037E+09,1.48394E+09,1.48754E+09,1.49118E+09,1.49485E+09,1.49851E+09,1.50211E+09,1.5057E+09,1.50929E+09,1.51284E+09,1.51638E+09,1.51988E+09,1.52337E+09,1.52689E+09,1.53038E+09,1.5338E+09,1.53717E+09,1.54048E+09,1.54372E+09,1.5469E+09,1.55E+09,1.55303E+09,1.556E+09,1.5589E+09,1.56175E+09,1.56453E+09,1.56726E+09,1.56991E+09,1.57251E+09,1.57506E+09,1.57755E+09,1.58E+09,1.58239E+09,1.58474E+09,1.58706E+09,1.58933E+09,1.59155E+09,1.59374E+09,1.5959E+09,1.59801E+09,1.6001E+09,1.60217E+09,1.60421E+09,1.60623E+09,1.60823E+09,1.61021E+09,1.61217E+09,1.61411E+09,1.61604E+09,1.61796E+09,1.61987E+09,1.62178E+09,1.62368E+09,1.62557E+09,1.62746E+09,1.62936E+09,1.63127E+09,1.63317E+09,1.63508E+09,1.63697E+09,1.63885E+09,1.64074E+09,1.64263E+09,1.64453E+09,1.64645E+09,1.64838E+09,1.65033E+09,1.65229E+09,1.65426E+09,1.65624E+09,1.65824E+09,1.66025E+09,1.66227E+09,1.66432E+09,1.6664E+09,1.66851E+09,1.67061E+09,1.67268E+09,1.67463E+09,1.67679E+09,1.67895E+09,1.68111E+09,1.68329E+09,1.68548E+09,1.68769E+09,1.68991E+09,1.69214E+09,1.69439E+09,1.69665E+09,1.69892E+09,1.7012E+09,1.7035E+09,1.70581E+09,1.70812E+09,1.71045E+09,1.71278E+09,1.71513E+09,1.71748E+09,1.71984E+09,1.7222E+09,1.72457E+09,1.72695E+09,1.72933E+09,1.73171E+09
"Cost of Hospitalizations Cumulative[District of Columbia]",0,0,0,0,0,0,0,0,0,0,0,0,0,0,0,0,0,0,0,0,0,0,0,0,0,0,0,0,0.345812,4.75074,18.4761,47.0514,96.8912,175.809,293.834,464.138,703.871,1035.16,1485.84,2089.98,2889.88,3939.52,5309.25,7087.38,9381.77,12330,16099.1,20893.2,26964.2,34629,44298.8,56539.9,72108.1,91972.7,117362,149861,191478,244709,312617,398460,505451,636836,795808,985472,1.20879E+06,1.4682E+06,1.76505E+06,2.10012E+06,2.47422E+06,2.88865E+06,3.34419E+06,3.84117E+06,4.37974E+06,4.95997E+06,5.58167E+06,6.24407E+06,6.94558E+06,7.68406E+06,8.45697E+06,9.26135E+06,1.00944E+07,1.09541E+07,1.18382E+07,1.27445E+07,1.3671E+07,1.46158E+07,1.55774E+07,1.65538E+07,1.75435E+07,1.85448E+07,1.95566E+07,2.0578E+07,2.16083E+07,2.26468E+07,2.36931E+07,2.47466E+07,2.58064E+07,2.68714E+07,2.79405E+07,2.90124E+07,3.00851E+07,3.11568E+07,3.22262E+07,3.32928E+07,3.43557E+07,3.54144E+07,3.64683E+07,3.7517E+07,3.85597E+07,3.9596E+07,4.06253E+07,4.16473E+07,4.26614E+07,4.34736E+07,4.40791E+07,4.46869E+07,4.53023E+07,4.59054E+07,4.6504E+07,4.71067E+07,4.77205E+07,4.83342E+07,4.89346E+07,4.95264E+07,5.01251E+07,5.07357E+07,5.1341E+07,5.19353E+07,5.25157E+07,5.30859E+07,5.36477E+07,5.41975E+07,5.47417E+07,5.52837E+07,5.58146E+07,5.63328E+07,5.68376E+07,5.73304E+07,5.7815E+07,5.82886E+07,5.87498E+07,5.92035E+07,5.96506E+07,6.009E+07,6.05211E+07,6.09399E+07,6.13468E+07,6.17434E+07,6.21297E+07,6.25049E+07,6.28694E+07,6.32218E+07,6.35638E+07,6.3897E+07,6.42223E+07,6.45402E+07,6.48506E+07,6.51541E+07,6.54516E+07,6.57443E+07,6.60314E+07,6.63126E+07,6.6588E+07,6.68586E+07,6.71245E+07,6.73849E+07,6.76396E+07,6.78908E+07,6.81402E+07,6.83882E+07,6.86335E+07,6.88752E+07,6.91136E+07,6.93486E+07,6.9581E+07,6.98091E+07,7.00315E+07,7.02497E+07,7.04645E+07,7.06755E+07,7.08825E+07,7.1085E+07,7.12839E+07,7.14786E+07,7.16695E+07,7.18609E+07,7.20556E+07,7.22486E+07,7.24376E+07,7.26225E+07,7.28048E+07,7.29838E+07,7.3156E+07,7.33198E+07,7.34778E+07,7.36321E+07,7.37831E+07,7.39305E+07,7.40729E+07,7.42112E+07,7.43444E+07,7.44783E+07,7.46153E+07,7.47494E+07,7.48801E+07,7.50096E+07,7.51393E+07,7.52701E+07,7.53973E+07,7.55192E+07,7.56383E+07,7.57565E+07,7.58751E+07,7.59933E+07,7.61107E+07,7.6229E+07,7.63471E+07,7.64653E+07,7.65811E+07,7.66939E+07,7.68054E+07,7.6914E+07,7.70196E+07,7.71226E+07,7.72237E+07,7.73237E+07,7.74239E+07,7.75229E+07,7.76217E+07,7.77204E+07,7.78181E+07,7.79135E+07,7.80072E+07,7.80977E+07,7.81858E+07,7.82721E+07,7.83555E+07,7.84372E+07,7.85184E+07,7.85985E+07,7.86767E+07,7.87527E+07,7.88268E+07,7.88996E+07,7.89705E+07,7.90393E+07,7.91061E+07,7.91714E+07,7.92349E+07,7.92968E+07,7.93571E+07,7.94159E+07,7.94735E+07,7.953E+07,7.95855E+07,7.96403E+07,7.96945E+07,7.97482E+07,7.98015E+07,7.98547E+07,7.9908E+07,7.99617E+07,8.00159E+07,8.00707E+07,8.01263E+07,8.01825E+07,8.02395E+07,8.02972E+07,8.03558E+07,8.04153E+07,8.0476E+07,8.05378E+07,8.0601E+07,8.06656E+07,8.07315E+07,8.07988E+07,8.08675E+07,8.09374E+07,8.10086E+07,8.10811E+07,8.1155E+07,8.12306E+07,8.1308E+07,8.13874E+07,8.14689E+07,8.15527E+07,8.16387E+07,8.1727E+07,8.18177E+07,8.19109E+07,8.20066E+07,8.21048E+07,8.22057E+07,8.23093E+07,8.24154E+07,8.25239E+07,8.26346E+07,8.27474E+07,8.28618E+07,8.29776E+07,8.30947E+07,8.32122E+07,8.33284E+07,8.34439E+07,8.35602E+07,8.36787E+07,8.38E+07,8.39238E+07,8.40497E+07,8.41768E+07,8.43047E+07,8.44331E+07,8.4562E+07,8.46913E+07,8.48208E+07,8.49503E+07,8.50798E+07,8.52092E+07,8.53384E+07,8.54675E+07,8.55962E+07,8.57245E+07,8.58524E+07,8.59797E+07,8.61064E+07,8.62327E+07,8.63584E+07,8.64837E+07,8.66085E+07,8.67328E+07,8.68568E+07,8.69804E+07,8.71035E+07,8.72265E+07,8.73495E+07,8.74728E+07,8.75966E+07,8.77211E+07,8.78466E+07,8.7973E+07,8.81005E+07,8.82292E+07,8.83592E+07,8.84905E+07,8.86233E+07,8.87575E+07,8.88933E+07,8.90308E+07,8.917E+07,8.93111E+07,8.94542E+07,8.95995E+07,8.97471E+07,8.98972E+07,9.00501E+07,9.0206E+07,9.03652E+07,9.05283E+07,9.06955E+07,9.08673E+07,9.10441E+07,9.12267E+07,9.14155E+07,9.16109E+07,9.1813E+07,9.20221E+07,9.22381E+07,9.2461E+07,9.2691E+07,9.29279E+07,9.31718E+07,9.34226E+07,9.36807E+07,9.3946E+07,9.42184E+07,9.44979E+07,9.47841E+07,9.50767E+07,9.53753E+07,9.56797E+07,9.59896E+07,9.63047E+07,9.66252E+07,9.69511E+07,9.72824E+07,9.76192E+07,9.79616E+07,9.83094E+07,9.86627E+07,9.9022E+07,9.93877E+07,9.97601E+07,1.00139E+08,1.00525E+08,1.00918E+08,1.01317E+08,1.01722E+08,1.02135E+08,1.02554E+08,1.02981E+08,1.03416E+08,1.03859E+08,1.0431E+08,1.04769E+08,1.05234E+08,1.05706E+08,1.06183E+08,1.06665E+08,1.07151E+08,1.0764E+08,1.08131E+08,1.08622E+08,1.09112E+08,1.09597E+08,1.10078E+08,1.10558E+08,1.1104E+08,1.11524E+08,1.12013E+08,1.12505E+08,1.13E+08,1.13497E+08,1.13997E+08,1.145E+08,1.15005E+08,1.15511E+08,1.1602E+08,1.16533E+08,1.17048E+08,1.17567E+08,1.1809E+08,1.18616E+08,1.19145E+08,1.19676E+08,1.20209E+08,1.20743E+08,1.21279E+08,1.21817E+08,1.22354E+08,1.22892E+08,1.23436E+08,1.23988E+08,1.24544E+08,1.25101E+08,1.25657E+08,1.26212E+08,1.26763E+08,1.27307E+08,1.27841E+08,1.2837E+08,1.28895E+08,1.29415E+08,1.29933E+08,1.30453E+08,1.30975E+08,1.31495E+08,1.3201E+08,1.32519E+08,1.33024E+08,1.33524E+08,1.34016E+08,1.34501E+08,1.34981E+08,1.35452E+08,1.35916E+08,1.36377E+08,1.36835E+08,1.37293E+08,1.3775E+08,1.382E+08,1.38651E+08,1.39097E+08,1.39538E+08,1.39972E+08,1.40401E+08,1.40825E+08,1.41242E+08,1.41654E+08,1.4206E+08,1.42459E+08,1.42854E+08,1.43243E+08,1.43627E+08,1.44006E+08,1.4438E+08,1.44749E+08,1.45114E+08,1.45473E+08,1.45828E+08,1.46179E+08,1.46524E+08,1.46866E+08,1.47203E+08,1.47536E+08,1.47866E+08,1.48192E+08,1.48515E+08,1.48834E+08,1.49151E+08,1.49465E+08,1.49776E+08,1.50085E+08,1.50393E+08,1.50698E+08,1.51003E+08,1.51306E+08,1.51609E+08,1.51911E+08,1.52212E+08,1.52513E+08,1.52813E+08,1.53113E+08,1.53413E+08,1.53713E+08,1.54013E+08,1.54314E+08,1.54616E+08,1.54919E+08,1.55224E+08,1.5553E+08,1.55838E+08,1.56148E+08,1.56461E+08,1.56776E+08,1.57094E+08,1.57415E+08,1.57738E+08,1.58064E+08,1.58394E+08,1.58726E+08,1.59061E+08,1.59399E+08,1.5974E+08,1.60083E+08,1.60428E+08,1.60774E+08,1.61121E+08,1.61469E+08,1.61818E+08,1.62167E+08,1.62515E+08,1.62863E+08,1.63211E+08,1.63561E+08,1.63911E+08,1.6426E+08,1.64609E+08,1.64958E+08,1.65305E+08,1.6565E+08,1.65994E+08,1.66335E+08,1.66675E+08,1.67012E+08,1.67348E+08,1.67683E+08,1.68016E+08,1.68348E+08,1.68679E+08,1.69008E+08,1.69333E+08,1.69654E+08,1.69969E+08,1.70281E+08,1.70588E+08,1.70888E+08,1.7118E+08,1.71472E+08,1.71763E+08,1.72053E+08,1.72339E+08,1.72626E+08,1.72915E+08,1.73203E+08,1.73488E+08,1.73771E+08,1.74051E+08,1.74331E+08,1.74612E+08,1.74894E+08,1.75178E+08,1.75462E+08,1.75747E+08,1.76032E+08,1.76318E+08,1.76605E+08,1.76891E+08,1.77177E+08,1.77462E+08,1.77746E+08,1.78027E+08,1.78306E+08,1.78581E+08,1.78852E+08,1.79117E+08,1.79377E+08,1.7963E+08,1.7988E+08,1.80125E+08,1.80363E+08,1.80591E+08,1.80815E+08,1.81038E+08,1.81258E+08,1.81477E+08,1.81696E+08,1.81917E+08,1.82143E+08,1.82373E+08,1.82604E+08,1.82838E+08,1.83077E+08,1.83318E+08,1.83564E+08,1.83816E+08,1.84076E+08,1.84345E+08,1.84625E+08,1.84917E+08,1.85223E+08,1.85545E+08,1.85885E+08,1.86244E+08,1.86626E+08,1.87033E+08,1.87468E+08,1.87934E+08,1.88431E+08,1.8896E+08,1.8952E+08,1.90105E+08,1.90718E+08,1.91365E+08,1.9204E+08,1.92747E+08,1.93486E+08,1.94255E+08,1.95062E+08,1.95903E+08,1.96769E+08,1.97662E+08,1.98575E+08,1.99509E+08,2.0047E+08,2.01463E+08,2.02481E+08,2.03525E+08,2.04604E+08,2.05716E+08,2.06858E+08,2.08035E+08,2.09246E+08,2.10491E+08,2.11766E+08,2.13059E+08,2.14365E+08,2.15701E+08,2.17077E+08,2.18481E+08,2.19909E+08,2.2136E+08,2.22836E+08,2.24331E+08,2.25816E+08,2.27308E+08,2.28845E+08,2.30416E+08,2.32016E+08,2.33628E+08,2.35268E+08,2.36952E+08,2.38653E+08,2.40348E+08,2.42056E+08,2.4377E+08,2.45482E+08,2.47189E+08,2.48892E+08,2.50602E+08,2.52319E+08,2.54038E+08,2.55767E+08,2.57495E+08,2.59212E+08,2.60923E+08,2.62633E+08,2.64337E+08,2.66029E+08,2.67708E+08,2.6938E+08,2.71045E+08,2.72707E+08,2.74364E+08,2.76018E+08,2.77671E+08,2.7931E+08,2.80935E+08,2.82543E+08,2.8412E+08,2.85672E+08,2.87219E+08,2.88758E+08,2.90292E+08,2.91817E+08,2.93336E+08,2.94862E+08,2.9639E+08,2.97901E+08,2.99398E+08,3.00882E+08,3.0235E+08,3.03805E+08,3.0525E+08,3.06687E+08,3.08107E+08,3.09513E+08,3.10909E+08,3.12293E+08,3.13665E+08,3.15026E+08,3.16375E+08,3.17713E+08,3.19037E+08,3.20344E+08,3.21643E+08,3.22934E+08,3.2422E+08,3.25507E+08,3.26792E+08,3.28062E+08,3.29312E+08,3.30553E+08,3.31787E+08,3.33009E+08,3.34216E+08,3.35416E+08,3.36612E+08,3.37806E+08,3.38987E+08,3.40156E+08,3.4131E+08,3.42445E+08,3.43543E+08,3.44577E+08,3.45548E+08,3.46488E+08,3.47417E+08,3.48342E+08,3.49283E+08,3.50269E+08,3.51277E+08,3.52279E+08,3.53267E+08,3.54243E+08,3.55209E+08,3.56168E+08,3.5712E+08,3.58067E+08,3.59008E+08,3.59946E+08,3.60882E+08,3.61817E+08,3.62754E+08,3.63697E+08,3.64646E+08,3.65601E+08,3.66564E+08,3.67534E+08,3.68514E+08,3.69501E+08,3.70495E+08,3.71495E+08,3.72502E+08,3.73516E+08,3.74535E+08,3.75561E+08,3.76592E+08,3.77625E+08,3.78657E+08,3.7969E+08,3.80729E+08,3.81779E+08,3.82843E+08,3.83928E+08,3.85015E+08,3.86122E+08,3.87249E+08,3.88396E+08,3.89564E+08,3.90773E+08,3.92022E+08,3.93304E+08,3.94615E+08,3.95952E+08,3.9731E+08,3.98683E+08,4.00054E+08,4.01416E+08,4.02776E+08,4.04133E+08,4.05491E+08,4.06854E+08,4.08231E+08,4.09633E+08,4.11055E+08,4.12475E+08,4.13891E+08,4.153E+08,4.16695E+08,4.18072E+08,4.19438E+08,4.20791E+08,4.22133E+08,4.23454E+08,4.24748E+08,4.26022E+08,4.27273E+08,4.28505E+08,4.29725E+08,4.30924E+08,4.32101E+08,4.33262E+08,4.34406E+08,4.35535E+08,4.36644E+08,4.37729E+08,4.38795E+08,4.39844E+08,4.40876E+08,4.41894E+08,4.42891E+08,4.43848E+08,4.4476E+08,4.45649E+08,4.46522E+08,4.47378E+08,4.48225E+08,4.49065E+08,4.49915E+08,4.50774E+08,4.51626E+08,4.52464E+08,4.53288E+08,4.54099E+08,4.54901E+08,4.55694E+08,4.56476E+08,4.57246E+08,4.57999E+08,4.58742E+08,4.59481E+08,4.60217E+08,4.60951E+08,4.61683E+08,4.6242E+08,4.6317E+08,4.63927E+08,4.64692E+08,4.65465E+08,4.66239E+08,4.67019E+08,4.67803E+08,4.68592E+08,4.69395E+08,4.70204E+08,4.71022E+08,4.71855E+08,4.72697E+08,4.73541E+08,4.74385E+08,4.75237E+08,4.76096E+08,4.76963E+08,4.77838E+08,4.78717E+08,4.79598E+08,4.80488E+08,4.81372E+08,4.82254E+08,4.8313E+08,4.83989E+08,4.84825E+08,4.85639E+08,4.8643E+08,4.87208E+08,4.87985E+08,4.8876E+08,4.89539E+08,4.90327E+08,4.91128E+08,4.91944E+08,4.92768E+08,4.93583E+08,4.94396E+08,4.95211E+08,4.96021E+08,4.96815E+08,4.97589E+08,4.98351E+08,4.99115E+08,4.99879E+08,5.0064E+08,5.014E+08,5.02163E+08,5.02934E+08,5.03713E+08,5.04493E+08,5.05274E+08,5.06055E+08,5.0683E+08,5.07607E+08,5.08386E+08,5.09164E+08,5.09947E+08,5.10733E+08,5.1152E+08,5.1231E+08,5.13103E+08,5.13899E+08,5.14697E+08,5.15493E+08,5.16295E+08,5.171E+08,5.17905E+08,5.18711E+08,5.1952E+08,5.20332E+08,5.21147E+08,5.21953E+08,5.22734E+08,5.23506E+08,5.24288E+08,5.25074E+08,5.25858E+08,5.26648E+08,5.27447E+08,5.28268E+08,5.29103E+08,5.29927E+08,5.30738E+08,5.31547E+08,5.32353E+08,5.33166E+08,5.33987E+08,5.348E+08,5.35609E+08,5.36426E+08,5.3725E+08,5.38086E+08,5.38928E+08,5.39765E+08,5.40612E+08,5.41482E+08,5.42372E+08,5.43286E+08,5.44229E+08,5.45208E+08,5.46224E+08,5.47269E+08,5.48339E+08,5.49437E+08,5.50568E+08,5.51742E+08,5.52947E+08,5.54172E+08,5.55423E+08,5.56705E+08,5.58014E+08,5.5935E+08,5.60705E+08,5.62082E+08,5.63482E+08,5.64889E+08,5.66289E+08,5.67682E+08,5.69063E+08,5.70429E+08,5.71774E+08,5.73095E+08,5.74392E+08,5.75659E+08,5.76894E+08,5.78097E+08,5.79265E+08,5.804E+08,5.81498E+08,5.82559E+08,5.83588E+08,5.8458E+08,5.85539E+08,5.86465E+08,5.87358E+08,5.8822E+08,5.89047E+08,5.89839E+08,5.906E+08,5.91331E+08,5.92038E+08,5.92723E+08,5.93387E+08,5.94031E+08,5.94656E+08,5.95262E+08,5.95853E+08,5.96434E+08,5.97006E+08,5.97574E+08,5.98136E+08,5.98699E+08,5.99268E+08,5.99839E+08,6.0041E+08,6.00983E+08,6.01558E+08,6.02138E+08,6.02717E+08,6.03296E+08,6.03878E+08,6.04462E+08,6.05049E+08,6.05639E+08,6.06232E+08,6.06832E+08,6.07442E+08,6.08057E+08,6.0868E+08,6.09306E+08,6.09933E+08,6.10566E+08,6.11207E+08,6.11853E+08,6.12503E+08,6.13159E+08,6.13822E+08,6.14495E+08,6.15172E+08,6.15848E+08,6.16525E+08,6.17202E+08,6.17879E+08,6.18556E+08,6.19231E+08,6.19904E+08,6.20572E+08,6.21234E+08,6.21886E+08,6.22562E+08,6.23234E+08,6.23902E+08,6.24566E+08,6.25228E+08,6.25887E+08,6.26542E+08,6.27195E+08,6.27845E+08,6.28492E+08,6.29137E+08,6.29779E+08,6.30419E+08,6.31058E+08,6.31695E+08,6.3233E+08,6.32965E+08,6.33598E+08,6.34232E+08,6.34865E+08,6.35499E+08,6.36133E+08,6.36768E+08,6.37404E+08,6.38042E+08
"Cost of Hospitalizations Cumulative[Delaware]",0,0,0,0,0,0,0,0,0,0,0,0,0,0,0,0,0,0,0,0,0,0.172935,2.32204,8.80868,21.8082,43.4685,75.9754,121.612,182.916,262.773,364.588,492.542,651.89,849.096,1091.94,1389.73,1753.27,2194.95,2729.13,3372.06,4141.97,5060.12,6152.89,7451.28,8990.31,10810,12954.3,15471.9,18417.8,21858.6,25875.6,30572.3,36076.9,42545.5,50161.9,59144.3,69744.8,82241.3,96950.2,114246,134581,158526,186790,220228,259859,306855,362470,428089,505431,596824,704898,832576,931323,1.02525E+06,1.13708E+06,1.26944E+06,1.42508E+06,1.606E+06,1.81284E+06,2.04505E+06,2.30139E+06,2.58041E+06,2.88154E+06,3.21291E+06,3.54813E+06,3.90079E+06,4.26764E+06,4.64723E+06,5.03814E+06,5.43918E+06,5.84942E+06,6.258E+06,6.67268E+06,7.09641E+06,7.52414E+06,7.97245E+06,8.42557E+06,8.88381E+06,9.3468E+06,9.81386E+06,1.0284E+07,1.07496E+07,1.12153E+07,1.169E+07,1.21639E+07,1.2637E+07,1.3109E+07,1.35796E+07,1.40484E+07,1.45034E+07,1.49567E+07,1.54037E+07,1.58476E+07,1.62894E+07,1.67291E+07,1.7166E+07,1.76007E+07,1.80342E+07,1.8469E+07,1.8909E+07,1.93601E+07,1.98396E+07,2.03277E+07,2.08212E+07,2.13299E+07,2.18226E+07,2.23032E+07,2.27788E+07,2.3243E+07,2.36955E+07,2.41393E+07,2.45708E+07,2.49964E+07,2.54167E+07,2.583E+07,2.62371E+07,2.66384E+07,2.70335E+07,2.74216E+07,2.78073E+07,2.81943E+07,2.85791E+07,2.89597E+07,2.93313E+07,2.96949E+07,3.00531E+07,3.04E+07,3.07345E+07,3.10591E+07,3.13728E+07,3.16784E+07,3.19761E+07,3.22654E+07,3.25496E+07,3.28287E+07,3.31014E+07,3.33703E+07,3.36338E+07,3.38922E+07,3.41469E+07,3.43969E+07,3.4644E+07,3.48879E+07,3.51267E+07,3.53613E+07,3.55919E+07,3.58165E+07,3.60354E+07,3.62483E+07,3.64569E+07,3.66621E+07,3.68645E+07,3.7065E+07,3.72652E+07,3.7467E+07,3.76693E+07,3.787E+07,3.80673E+07,3.82593E+07,3.84452E+07,3.86256E+07,3.87993E+07,3.89691E+07,3.91395E+07,3.93076E+07,3.94724E+07,3.96339E+07,3.9792E+07,3.99466E+07,4.00971E+07,4.02411E+07,4.03799E+07,4.05179E+07,4.06549E+07,4.07877E+07,4.092E+07,4.10525E+07,4.11825E+07,4.13107E+07,4.14336E+07,4.15517E+07,4.16696E+07,4.17851E+07,4.18949E+07,4.1999E+07,4.20997E+07,4.22005E+07,4.23027E+07,4.24029E+07,4.25013E+07,4.26013E+07,4.27049E+07,4.28105E+07,4.29165E+07,4.30204E+07,4.31212E+07,4.32214E+07,4.33218E+07,4.34196E+07,4.35158E+07,4.36106E+07,4.37035E+07,4.37952E+07,4.38862E+07,4.3976E+07,4.40655E+07,4.41549E+07,4.42437E+07,4.43326E+07,4.4421E+07,4.45097E+07,4.45993E+07,4.46892E+07,4.47792E+07,4.48697E+07,4.496E+07,4.5051E+07,4.51425E+07,4.5234E+07,4.5326E+07,4.54174E+07,4.55091E+07,4.5604E+07,4.57008E+07,4.57997E+07,4.59005E+07,4.60035E+07,4.61097E+07,4.62181E+07,4.6328E+07,4.64395E+07,4.65518E+07,4.66641E+07,4.67769E+07,4.68901E+07,4.7005E+07,4.71218E+07,4.72398E+07,4.73604E+07,4.7486E+07,4.76148E+07,4.77462E+07,4.78794E+07,4.80152E+07,4.81536E+07,4.82943E+07,4.84346E+07,4.85759E+07,4.8719E+07,4.88635E+07,4.901E+07,4.91587E+07,4.93087E+07,4.94607E+07,4.96137E+07,4.97666E+07,4.9921E+07,5.00757E+07,5.02302E+07,5.03833E+07,5.05368E+07,5.06933E+07,5.08508E+07,5.10053E+07,5.11613E+07,5.13215E+07,5.14861E+07,5.16546E+07,5.18237E+07,5.19924E+07,5.21642E+07,5.2337E+07,5.25085E+07,5.26784E+07,5.28449E+07,5.30097E+07,5.3176E+07,5.33396E+07,5.3499E+07,5.36559E+07,5.38107E+07,5.39639E+07,5.41186E+07,5.4273E+07,5.44267E+07,5.45813E+07,5.47381E+07,5.48945E+07,5.50505E+07,5.52044E+07,5.53557E+07,5.55067E+07,5.56548E+07,5.57989E+07,5.59409E+07,5.60846E+07,5.62317E+07,5.6379E+07,5.65254E+07,5.66717E+07,5.6818E+07,5.69637E+07,5.71087E+07,5.72522E+07,5.73953E+07,5.75378E+07,5.76799E+07,5.78218E+07,5.79636E+07,5.81053E+07,5.82466E+07,5.83878E+07,5.85292E+07,5.8671E+07,5.88138E+07,5.8958E+07,5.91042E+07,5.92527E+07,5.94041E+07,5.95585E+07,5.97164E+07,5.98781E+07,6.00436E+07,6.02132E+07,6.03871E+07,6.05657E+07,6.07491E+07,6.09373E+07,6.11305E+07,6.13288E+07,6.15324E+07,6.17407E+07,6.19535E+07,6.21711E+07,6.23934E+07,6.26204E+07,6.28534E+07,6.30941E+07,6.33433E+07,6.36025E+07,6.38727E+07,6.41549E+07,6.4449E+07,6.47559E+07,6.50766E+07,6.54106E+07,6.5757E+07,6.61172E+07,6.64929E+07,6.68823E+07,6.72883E+07,6.77118E+07,6.81508E+07,6.86045E+07,6.90717E+07,6.95516E+07,7.00438E+07,7.05427E+07,7.10475E+07,7.15584E+07,7.20771E+07,7.25984E+07,7.31239E+07,7.3657E+07,7.41958E+07,7.47382E+07,7.52863E+07,7.58401E+07,7.64042E+07,7.69746E+07,7.75552E+07,7.81455E+07,7.8739E+07,7.93339E+07,7.99335E+07,8.05422E+07,8.11614E+07,8.17854E+07,8.24108E+07,8.3036E+07,8.36623E+07,8.42847E+07,8.48967E+07,8.54949E+07,8.60865E+07,8.66794E+07,8.72765E+07,8.78715E+07,8.84715E+07,8.90778E+07,8.9679E+07,9.02695E+07,9.08491E+07,9.14135E+07,9.19668E+07,9.25127E+07,9.30549E+07,9.36002E+07,9.41535E+07,9.47049E+07,9.52546E+07,9.58094E+07,9.6365E+07,9.69158E+07,9.74606E+07,9.79996E+07,9.85362E+07,9.90713E+07,9.96025E+07,1.00127E+08,1.00646E+08,1.01162E+08,1.01671E+08,1.02176E+08,1.02679E+08,1.03179E+08,1.03677E+08,1.04173E+08,1.04664E+08,1.05151E+08,1.05635E+08,1.06118E+08,1.06596E+08,1.07067E+08,1.07532E+08,1.07989E+08,1.08434E+08,1.08862E+08,1.09282E+08,1.09697E+08,1.10109E+08,1.10515E+08,1.10916E+08,1.11317E+08,1.11717E+08,1.12111E+08,1.12497E+08,1.1287E+08,1.13237E+08,1.13599E+08,1.13955E+08,1.14306E+08,1.1465E+08,1.14986E+08,1.15317E+08,1.15643E+08,1.15964E+08,1.16281E+08,1.16596E+08,1.16907E+08,1.17215E+08,1.1752E+08,1.1782E+08,1.18115E+08,1.18404E+08,1.18688E+08,1.18966E+08,1.19238E+08,1.19507E+08,1.19772E+08,1.20033E+08,1.2029E+08,1.20543E+08,1.20794E+08,1.21042E+08,1.21286E+08,1.21528E+08,1.21767E+08,1.22003E+08,1.22237E+08,1.22469E+08,1.22698E+08,1.22925E+08,1.23149E+08,1.23373E+08,1.23595E+08,1.23817E+08,1.24038E+08,1.24258E+08,1.24478E+08,1.24697E+08,1.24915E+08,1.25134E+08,1.25353E+08,1.25573E+08,1.25793E+08,1.26015E+08,1.26238E+08,1.26462E+08,1.26687E+08,1.26912E+08,1.27139E+08,1.27367E+08,1.27597E+08,1.27829E+08,1.28064E+08,1.28302E+08,1.28542E+08,1.28786E+08,1.29031E+08,1.29281E+08,1.29533E+08,1.29788E+08,1.30046E+08,1.30307E+08,1.30571E+08,1.30838E+08,1.31107E+08,1.31378E+08,1.31652E+08,1.31929E+08,1.32208E+08,1.3249E+08,1.32773E+08,1.33059E+08,1.33347E+08,1.33637E+08,1.33931E+08,1.34227E+08,1.34526E+08,1.34824E+08,1.35124E+08,1.35425E+08,1.35727E+08,1.36028E+08,1.36329E+08,1.36629E+08,1.36929E+08,1.37227E+08,1.37525E+08,1.37824E+08,1.38123E+08,1.3842E+08,1.38713E+08,1.39003E+08,1.39292E+08,1.39582E+08,1.3987E+08,1.40153E+08,1.40433E+08,1.40711E+08,1.40985E+08,1.41256E+08,1.41524E+08,1.41785E+08,1.42037E+08,1.42279E+08,1.42514E+08,1.4275E+08,1.42987E+08,1.43221E+08,1.43455E+08,1.43692E+08,1.43929E+08,1.44161E+08,1.44384E+08,1.44604E+08,1.4482E+08,1.45035E+08,1.45248E+08,1.45458E+08,1.45667E+08,1.45872E+08,1.46074E+08,1.46273E+08,1.46468E+08,1.46661E+08,1.4685E+08,1.47034E+08,1.47214E+08,1.47391E+08,1.47565E+08,1.47737E+08,1.47906E+08,1.48073E+08,1.48238E+08,1.48399E+08,1.48559E+08,1.48716E+08,1.4887E+08,1.49018E+08,1.49162E+08,1.49305E+08,1.4945E+08,1.49595E+08,1.49741E+08,1.49887E+08,1.50035E+08,1.50184E+08,1.50332E+08,1.50476E+08,1.50617E+08,1.50759E+08,1.50903E+08,1.51048E+08,1.51192E+08,1.51339E+08,1.5149E+08,1.51648E+08,1.51817E+08,1.51997E+08,1.52187E+08,1.5239E+08,1.52607E+08,1.5284E+08,1.53093E+08,1.53362E+08,1.53648E+08,1.5396E+08,1.54302E+08,1.54679E+08,1.55088E+08,1.55531E+08,1.56006E+08,1.56516E+08,1.57065E+08,1.57658E+08,1.58298E+08,1.58988E+08,1.5972E+08,1.60492E+08,1.613E+08,1.62152E+08,1.63042E+08,1.63961E+08,1.64909E+08,1.65893E+08,1.66904E+08,1.67951E+08,1.69034E+08,1.70144E+08,1.71288E+08,1.72465E+08,1.7366E+08,1.7487E+08,1.76091E+08,1.77326E+08,1.78583E+08,1.79861E+08,1.81149E+08,1.82429E+08,1.83719E+08,1.85018E+08,1.86302E+08,1.87583E+08,1.88868E+08,1.90165E+08,1.91478E+08,1.92799E+08,1.94131E+08,1.95489E+08,1.96859E+08,1.98232E+08,1.996E+08,2.00965E+08,2.02322E+08,2.03668E+08,2.05013E+08,2.06354E+08,2.07687E+08,2.0901E+08,2.10325E+08,2.1163E+08,2.1292E+08,2.14183E+08,2.15435E+08,2.16682E+08,2.1792E+08,2.19148E+08,2.20367E+08,2.21571E+08,2.22762E+08,2.23937E+08,2.25088E+08,2.26221E+08,2.27334E+08,2.2843E+08,2.29517E+08,2.30591E+08,2.31649E+08,2.32699E+08,2.33734E+08,2.34756E+08,2.35769E+08,2.36766E+08,2.37752E+08,2.38724E+08,2.39683E+08,2.40633E+08,2.41572E+08,2.42497E+08,2.43408E+08,2.44308E+08,2.45195E+08,2.46063E+08,2.46916E+08,2.47758E+08,2.48589E+08,2.4941E+08,2.50219E+08,2.51018E+08,2.51812E+08,2.52598E+08,2.53375E+08,2.54144E+08,2.54907E+08,2.55669E+08,2.56429E+08,2.5718E+08,2.57918E+08,2.58646E+08,2.59375E+08,2.60098E+08,2.60814E+08,2.61524E+08,2.62232E+08,2.62942E+08,2.63653E+08,2.64356E+08,2.65052E+08,2.65743E+08,2.66429E+08,2.67099E+08,2.67745E+08,2.6837E+08,2.68983E+08,2.69597E+08,2.70212E+08,2.7083E+08,2.7146E+08,2.72103E+08,2.72757E+08,2.73413E+08,2.74062E+08,2.74707E+08,2.75347E+08,2.75987E+08,2.76631E+08,2.77277E+08,2.77924E+08,2.78573E+08,2.79224E+08,2.79878E+08,2.80536E+08,2.81202E+08,2.81876E+08,2.8256E+08,2.83252E+08,2.83953E+08,2.84668E+08,2.85398E+08,2.86134E+08,2.86871E+08,2.8761E+08,2.88353E+08,2.89104E+08,2.89863E+08,2.90628E+08,2.91403E+08,2.92189E+08,2.92984E+08,2.93807E+08,2.94645E+08,2.95492E+08,2.9636E+08,2.97255E+08,2.98178E+08,2.99118E+08,3.00063E+08,3.0102E+08,3.01988E+08,3.0296E+08,3.0393E+08,3.04895E+08,3.05866E+08,3.06844E+08,3.07825E+08,3.0881E+08,3.09806E+08,3.1081E+08,3.11829E+08,3.12869E+08,3.13918E+08,3.14975E+08,3.16033E+08,3.17077E+08,3.18112E+08,3.19141E+08,3.20156E+08,3.21166E+08,3.22175E+08,3.23182E+08,3.24193E+08,3.25207E+08,3.26218E+08,3.2723E+08,3.28237E+08,3.29233E+08,3.30211E+08,3.31164E+08,3.32098E+08,3.33018E+08,3.33929E+08,3.34833E+08,3.35734E+08,3.36634E+08,3.37535E+08,3.38435E+08,3.39332E+08,3.40224E+08,3.41107E+08,3.41978E+08,3.42837E+08,3.43676E+08,3.44501E+08,3.45313E+08,3.46113E+08,3.46904E+08,3.4769E+08,3.48468E+08,3.49234E+08,3.49986E+08,3.50725E+08,3.51454E+08,3.52172E+08,3.52874E+08,3.53558E+08,3.54225E+08,3.54882E+08,3.55528E+08,3.56167E+08,3.56801E+08,3.57432E+08,3.58062E+08,3.58692E+08,3.59316E+08,3.59933E+08,3.60542E+08,3.61142E+08,3.61732E+08,3.62312E+08,3.62884E+08,3.63451E+08,3.64011E+08,3.64563E+08,3.65107E+08,3.65643E+08,3.66169E+08,3.66687E+08,3.67197E+08,3.67703E+08,3.68203E+08,3.68699E+08,3.69193E+08,3.69684E+08,3.70171E+08,3.70651E+08,3.71125E+08,3.71595E+08,3.7206E+08,3.72521E+08,3.7298E+08,3.73437E+08,3.73894E+08,3.74346E+08,3.74794E+08,3.75235E+08,3.75664E+08,3.76077E+08,3.76481E+08,3.76877E+08,3.77267E+08,3.77655E+08,3.78046E+08,3.78448E+08,3.78862E+08,3.79284E+08,3.79709E+08,3.80137E+08,3.80566E+08,3.80991E+08,3.81412E+08,3.81828E+08,3.8224E+08,3.82651E+08,3.83063E+08,3.83477E+08,3.83896E+08,3.8432E+08,3.8475E+08,3.85188E+08,3.85635E+08,3.86088E+08,3.86547E+08,3.87011E+08,3.87481E+08,3.87956E+08,3.88437E+08,3.88925E+08,3.8942E+08,3.89921E+08,3.90428E+08,3.90941E+08,3.9146E+08,3.91978E+08,3.92497E+08,3.93017E+08,3.93543E+08,3.9407E+08,3.94592E+08,3.95115E+08,3.95644E+08,3.9618E+08,3.96721E+08,3.97269E+08,3.97827E+08,3.98398E+08,3.9897E+08,3.99542E+08,4.00121E+08,4.00711E+08,4.01311E+08,4.0192E+08,4.02539E+08,4.03173E+08,4.03823E+08,4.04486E+08,4.05156E+08,4.05836E+08,4.06525E+08,4.0722E+08,4.07927E+08,4.08648E+08,4.09384E+08,4.10135E+08,4.10903E+08,4.11688E+08,4.1249E+08,4.1331E+08,4.1415E+08,4.15011E+08,4.15895E+08,4.16807E+08,4.17746E+08,4.18714E+08,4.19716E+08,4.20747E+08,4.21805E+08,4.2289E+08,4.24E+08,4.25137E+08,4.26301E+08,4.27482E+08,4.28674E+08,4.29878E+08,4.3109E+08,4.32305E+08,4.3352E+08,4.3473E+08,4.35933E+08,4.37127E+08,4.38309E+08,4.39476E+08,4.40624E+08,4.41753E+08,4.42859E+08,4.43937E+08,4.44989E+08,4.46014E+08,4.47012E+08,4.47982E+08,4.48925E+08,4.49844E+08,4.50737E+08,4.51601E+08,4.52434E+08,4.53238E+08,4.54013E+08,4.54759E+08,4.55476E+08,4.56167E+08,4.56836E+08,4.57482E+08,4.58107E+08,4.58713E+08,4.59299E+08,4.59866E+08,4.60416E+08,4.6095E+08,4.61469E+08,4.61974E+08,4.62468E+08,4.62952E+08,4.63427E+08,4.63895E+08,4.64355E+08,4.64809E+08,4.65259E+08,4.65705E+08,4.66148E+08,4.6659E+08,4.67032E+08,4.67475E+08,4.67919E+08,4.68365E+08,4.68814E+08,4.69267E+08,4.69723E+08,4.70185E+08,4.70657E+08,4.7114E+08,4.71633E+08,4.72137E+08,4.72654E+08,4.73187E+08,4.73734E+08,4.74291E+08,4.74861E+08,4.75443E+08,4.76037E+08,4.76642E+08,4.77259E+08,4.77882E+08,4.78509E+08,4.79113E+08,4.79709E+08,4.80382E+08,4.81055E+08,4.81733E+08,4.82415E+08,4.83102E+08,4.83793E+08,4.84487E+08,4.85184E+08,4.85882E+08,4.86581E+08,4.87281E+08,4.8798E+08,4.88678E+08,4.89375E+08,4.9007E+08,4.90763E+08,4.91453E+08,4.9214E+08,4.92824E+08,4.93504E+08,4.9418E+08,4.94852E+08,4.9552E+08,4.96183E+08,4.96842E+08
"Cost of Hospitalizations Cumulative[Florida]",0,0,0,0,0,0,0,0,0,0,0,0,0,0,0,0,0,0,0,0,0,0,0,0,0,0,0,0,0.23566,1.8757,6.0793,13.8345,26.0394,43.5583,67.2956,98.2919,137.722,186.882,247.232,320.426,408.358,513.205,637.444,783.89,955.84,1157.21,1392.42,1666.28,1984.26,2352.53,2777.45,3265.63,3825.08,4465.67,5198.96,6037.85,6996.52,8090.88,9339.11,10761.7,12382.2,14228.2,16331.4,18727.8,21458.5,24573.2,28131.1,32198.6,36848,42160.5,48229.3,55159.8,63074,72114.4,82446.8,94269.1,107818,123362,141192,161615,184947,211529,241769,276150,315234,359643,410059,467171,531589,604223,686092,778239,881790,998023,1.12841E+06,1.27471E+06,1.43896E+06,1.62339E+06,1.83047E+06,2.06292E+06,2.324E+06,2.61777E+06,2.94905E+06,3.32334E+06,3.74674E+06,4.226E+06,4.76869E+06,5.38345E+06,6.08023E+06,6.87835E+06,7.79974E+06,8.85423E+06,1.00731E+07,1.14783E+07,1.30734E+07,1.48793E+07,1.69332E+07,1.92664E+07,2.19077E+07,2.49374E+07,2.84836E+07,3.25913E+07,3.72214E+07,4.25029E+07,4.85802E+07,5.5339E+07,6.25815E+07,7.00625E+07,7.75065E+07,8.47325E+07,9.17978E+07,9.87363E+07,1.05466E+08,1.11925E+08,1.18106E+08,1.24026E+08,1.29714E+08,1.35173E+08,1.40398E+08,1.45397E+08,1.50196E+08,1.5481E+08,1.59262E+08,1.63558E+08,1.67696E+08,1.71688E+08,1.75539E+08,1.79235E+08,1.82779E+08,1.86177E+08,1.89437E+08,1.92578E+08,1.95633E+08,1.98628E+08,2.01598E+08,2.04562E+08,2.07537E+08,2.10539E+08,2.13598E+08,2.16739E+08,2.19991E+08,2.2337E+08,2.26902E+08,2.30603E+08,2.34489E+08,2.38583E+08,2.4292E+08,2.47522E+08,2.52407E+08,2.57592E+08,2.63119E+08,2.68979E+08,2.75136E+08,2.81536E+08,2.88124E+08,2.94858E+08,3.01714E+08,3.08643E+08,3.15559E+08,3.22499E+08,3.29545E+08,3.36619E+08,3.43635E+08,3.50509E+08,3.57156E+08,3.63552E+08,3.69687E+08,3.75541E+08,3.81147E+08,3.86522E+08,3.91679E+08,3.96649E+08,4.01421E+08,4.05951E+08,4.1023E+08,4.14343E+08,4.18282E+08,4.22061E+08,4.2568E+08,4.29162E+08,4.32561E+08,4.35907E+08,4.39153E+08,4.42332E+08,4.45469E+08,4.48595E+08,4.51728E+08,4.54896E+08,4.58133E+08,4.61468E+08,4.64924E+08,4.68514E+08,4.7224E+08,4.76094E+08,4.80088E+08,4.84239E+08,4.88537E+08,4.92993E+08,4.976E+08,5.02351E+08,5.07261E+08,5.12292E+08,5.17467E+08,5.22843E+08,5.28424E+08,5.34234E+08,5.40268E+08,5.465E+08,5.52888E+08,5.59413E+08,5.66069E+08,5.72861E+08,5.79782E+08,5.86762E+08,5.9373E+08,6.00786E+08,6.08005E+08,6.15393E+08,6.22929E+08,6.30576E+08,6.38386E+08,6.46388E+08,6.54473E+08,6.62588E+08,6.70714E+08,6.78858E+08,6.87059E+08,6.95323E+08,7.03642E+08,7.12029E+08,7.20507E+08,7.2904E+08,7.37626E+08,7.46226E+08,7.54809E+08,7.63378E+08,7.71909E+08,7.80348E+08,7.88712E+08,7.96947E+08,8.05028E+08,8.12914E+08,8.20546E+08,8.27937E+08,8.35104E+08,8.42017E+08,8.48697E+08,8.55133E+08,8.61332E+08,8.67366E+08,8.73251E+08,8.78963E+08,8.84486E+08,8.89822E+08,8.94974E+08,8.99973E+08,9.04834E+08,9.09569E+08,9.14196E+08,9.1874E+08,9.23201E+08,9.27619E+08,9.32021E+08,9.36424E+08,9.40809E+08,9.4514E+08,9.49446E+08,9.53756E+08,9.58059E+08,9.62345E+08,9.66631E+08,9.70938E+08,9.75263E+08,9.79605E+08,9.8397E+08,9.88359E+08,9.92772E+08,9.97202E+08,1.00158E+09,1.00585E+09,1.01003E+09,1.01414E+09,1.0183E+09,1.02248E+09,1.02666E+09,1.03087E+09,1.03519E+09,1.03963E+09,1.04411E+09,1.04856E+09,1.05296E+09,1.05733E+09,1.06169E+09,1.06602E+09,1.07034E+09,1.07463E+09,1.07892E+09,1.08323E+09,1.08756E+09,1.09191E+09,1.09629E+09,1.10068E+09,1.1051E+09,1.10951E+09,1.11394E+09,1.11837E+09,1.12282E+09,1.12731E+09,1.13188E+09,1.13649E+09,1.14114E+09,1.14582E+09,1.15054E+09,1.15528E+09,1.15998E+09,1.16458E+09,1.16911E+09,1.17369E+09,1.17833E+09,1.18302E+09,1.18778E+09,1.19264E+09,1.19766E+09,1.20282E+09,1.208E+09,1.21319E+09,1.21839E+09,1.22361E+09,1.22884E+09,1.2341E+09,1.23938E+09,1.24467E+09,1.24998E+09,1.25531E+09,1.26067E+09,1.26606E+09,1.27149E+09,1.27698E+09,1.28254E+09,1.28819E+09,1.29393E+09,1.29974E+09,1.30563E+09,1.31161E+09,1.31768E+09,1.32387E+09,1.33024E+09,1.33679E+09,1.34356E+09,1.35059E+09,1.35789E+09,1.3655E+09,1.37337E+09,1.38144E+09,1.38973E+09,1.39821E+09,1.40689E+09,1.41572E+09,1.4246E+09,1.43339E+09,1.44219E+09,1.45106E+09,1.46004E+09,1.46916E+09,1.47838E+09,1.48778E+09,1.49747E+09,1.50729E+09,1.51714E+09,1.52696E+09,1.53671E+09,1.54638E+09,1.556E+09,1.56555E+09,1.57504E+09,1.58442E+09,1.59366E+09,1.60279E+09,1.61183E+09,1.62075E+09,1.62954E+09,1.63823E+09,1.64687E+09,1.65547E+09,1.66406E+09,1.6727E+09,1.68141E+09,1.69005E+09,1.69854E+09,1.707E+09,1.71556E+09,1.72427E+09,1.73314E+09,1.74214E+09,1.75132E+09,1.7607E+09,1.77025E+09,1.77998E+09,1.78988E+09,1.79992E+09,1.81009E+09,1.82056E+09,1.83137E+09,1.84232E+09,1.85334E+09,1.8644E+09,1.87546E+09,1.88657E+09,1.89765E+09,1.90869E+09,1.91968E+09,1.93056E+09,1.94129E+09,1.95188E+09,1.96225E+09,1.97241E+09,1.98238E+09,1.99211E+09,2.00163E+09,2.01094E+09,2.02006E+09,2.02896E+09,2.03766E+09,2.04619E+09,2.05457E+09,2.06285E+09,2.07104E+09,2.07913E+09,2.08714E+09,2.09512E+09,2.10307E+09,2.11103E+09,2.119E+09,2.12697E+09,2.13496E+09,2.14297E+09,2.15099E+09,2.15903E+09,2.16712E+09,2.17524E+09,2.18338E+09,2.19149E+09,2.19967E+09,2.20789E+09,2.21613E+09,2.22442E+09,2.23277E+09,2.24121E+09,2.24981E+09,2.25849E+09,2.26726E+09,2.27612E+09,2.28506E+09,2.29407E+09,2.30314E+09,2.31225E+09,2.32147E+09,2.33077E+09,2.34015E+09,2.34964E+09,2.35924E+09,2.36893E+09,2.37868E+09,2.38851E+09,2.39845E+09,2.40846E+09,2.41848E+09,2.4285E+09,2.43853E+09,2.44856E+09,2.45854E+09,2.46839E+09,2.47815E+09,2.48782E+09,2.4974E+09,2.50683E+09,2.51615E+09,2.52534E+09,2.53443E+09,2.54344E+09,2.55237E+09,2.56125E+09,2.5701E+09,2.57896E+09,2.58787E+09,2.59683E+09,2.60589E+09,2.61507E+09,2.62437E+09,2.63383E+09,2.64349E+09,2.65335E+09,2.66345E+09,2.67376E+09,2.68429E+09,2.69506E+09,2.70606E+09,2.71729E+09,2.72874E+09,2.7404E+09,2.75226E+09,2.76425E+09,2.77633E+09,2.78845E+09,2.80053E+09,2.81252E+09,2.82442E+09,2.83622E+09,2.84789E+09,2.85941E+09,2.87078E+09,2.88199E+09,2.89303E+09,2.90388E+09,2.91454E+09,2.92503E+09,2.93532E+09,2.9454E+09,2.95524E+09,2.96485E+09,2.97426E+09,2.98349E+09,2.99257E+09,3.00152E+09,3.01039E+09,3.01921E+09,3.02797E+09,3.03667E+09,3.04537E+09,3.05408E+09,3.06283E+09,3.07159E+09,3.08037E+09,3.08916E+09,3.09797E+09,3.10683E+09,3.11574E+09,3.12467E+09,3.13357E+09,3.14244E+09,3.15131E+09,3.16014E+09,3.16895E+09,3.1777E+09,3.18633E+09,3.19477E+09,3.20314E+09,3.21157E+09,3.22003E+09,3.22848E+09,3.23694E+09,3.24549E+09,3.25417E+09,3.26284E+09,3.27139E+09,3.27989E+09,3.28845E+09,3.29711E+09,3.3059E+09,3.31487E+09,3.32405E+09,3.33351E+09,3.34327E+09,3.35334E+09,3.36373E+09,3.37448E+09,3.38561E+09,3.39711E+09,3.40889E+09,3.42094E+09,3.43323E+09,3.44577E+09,3.45854E+09,3.47144E+09,3.48445E+09,3.49764E+09,3.51098E+09,3.52442E+09,3.53791E+09,3.55133E+09,3.56466E+09,3.57804E+09,3.59149E+09,3.60498E+09,3.6185E+09,3.63202E+09,3.64566E+09,3.65947E+09,3.67315E+09,3.68668E+09,3.70006E+09,3.71325E+09,3.72623E+09,3.73903E+09,3.7517E+09,3.76438E+09,3.77703E+09,3.78966E+09,3.80227E+09,3.81483E+09,3.82746E+09,3.84026E+09,3.85321E+09,3.86643E+09,3.87996E+09,3.89386E+09,3.90811E+09,3.92274E+09,3.93781E+09,3.95343E+09,3.96968E+09,3.98657E+09,4.00399E+09,4.02191E+09,4.04041E+09,4.0595E+09,4.07896E+09,4.09863E+09,4.11845E+09,4.13836E+09,4.15827E+09,4.17811E+09,4.19784E+09,4.21739E+09,4.23673E+09,4.25581E+09,4.27463E+09,4.29313E+09,4.31129E+09,4.32914E+09,4.34667E+09,4.36386E+09,4.38066E+09,4.39709E+09,4.41315E+09,4.42884E+09,4.44417E+09,4.45916E+09,4.4738E+09,4.48812E+09,4.50217E+09,4.51599E+09,4.52945E+09,4.5425E+09,4.55553E+09,4.56844E+09,4.58125E+09,4.594E+09,4.6068E+09,4.61995E+09,4.63352E+09,4.6471E+09,4.66081E+09,4.67469E+09,4.6888E+09,4.70316E+09,4.71767E+09,4.73224E+09,4.74695E+09,4.7619E+09,4.77709E+09,4.79251E+09,4.80818E+09,4.82411E+09,4.84025E+09,4.85657E+09,4.87301E+09,4.88952E+09,4.90605E+09,4.92254E+09,4.93892E+09,4.95513E+09,4.97115E+09,4.98701E+09,5.00266E+09,5.01804E+09,5.03314E+09,5.04789E+09,5.06226E+09,5.07625E+09,5.08986E+09,5.10315E+09,5.11618E+09,5.12901E+09,5.14167E+09,5.15417E+09,5.16657E+09,5.17892E+09,5.19124E+09,5.20355E+09,5.21588E+09,5.22825E+09,5.24068E+09,5.25316E+09,5.2657E+09,5.27832E+09,5.29106E+09,5.30394E+09,5.317E+09,5.33024E+09,5.34372E+09,5.35746E+09,5.37146E+09,5.38572E+09,5.40028E+09,5.41515E+09,5.43034E+09,5.44583E+09,5.4616E+09,5.47773E+09,5.49425E+09,5.51103E+09,5.52798E+09,5.54506E+09,5.56225E+09,5.57946E+09,5.59664E+09,5.61368E+09,5.63057E+09,5.64726E+09,5.66361E+09,5.67958E+09,5.69499E+09,5.70978E+09,5.72433E+09,5.73862E+09,5.75268E+09,5.76656E+09,5.78033E+09,5.79422E+09,5.8083E+09,5.82221E+09,5.83592E+09,5.84948E+09,5.86297E+09,5.87646E+09,5.88999E+09,5.90367E+09,5.91759E+09,5.93183E+09,5.9465E+09,5.96169E+09,5.9775E+09,5.99404E+09,6.0114E+09,6.02966E+09,6.04889E+09,6.06919E+09,6.09078E+09,6.1137E+09,6.13792E+09,6.16307E+09,6.18858E+09,6.21466E+09,6.24193E+09,6.27047E+09,6.30013E+09,6.33078E+09,6.36228E+09,6.39439E+09,6.4269E+09,6.45983E+09,6.49306E+09,6.5263E+09,6.55943E+09,6.59261E+09,6.62611E+09,6.65957E+09,6.69248E+09,6.72483E+09,6.75658E+09,6.78775E+09,6.81834E+09,6.84843E+09,6.87802E+09,6.90693E+09,6.93515E+09,6.96289E+09,6.99011E+09,7.01678E+09,7.04297E+09,7.06878E+09,7.09427E+09,7.11928E+09,7.14366E+09,7.1675E+09,7.19085E+09,7.21372E+09,7.23613E+09,7.25801E+09,7.27928E+09,7.30003E+09,7.32028E+09,7.34006E+09,7.35945E+09,7.37857E+09,7.39767E+09,7.41685E+09,7.43561E+09,7.45401E+09,7.47214E+09,7.49003E+09,7.50769E+09,7.52485E+09,7.54141E+09,7.55801E+09,7.57464E+09,7.5913E+09,7.608E+09,7.62477E+09,7.64162E+09,7.65854E+09,7.67559E+09,7.69275E+09,7.71004E+09,7.72748E+09,7.74508E+09,7.76286E+09,7.78082E+09,7.79887E+09,7.81706E+09,7.83543E+09,7.85399E+09,7.87274E+09,7.89166E+09,7.91072E+09,7.92998E+09,7.94943E+09,7.96902E+09,7.98873E+09,8.00856E+09,8.02847E+09,8.04845E+09,8.06853E+09,8.08872E+09,8.10906E+09,8.12951E+09,8.15E+09,8.17056E+09,8.19116E+09,8.2117E+09,8.23208E+09,8.25225E+09,8.27226E+09,8.29219E+09,8.31192E+09,8.3314E+09,8.35064E+09,8.36963E+09,8.38833E+09,8.40675E+09,8.4249E+09,8.44279E+09,8.46043E+09,8.47785E+09,8.4951E+09,8.51222E+09,8.52925E+09,8.54627E+09,8.56338E+09,8.58074E+09,8.59833E+09,8.61606E+09,8.63395E+09,8.65201E+09,8.67024E+09,8.68854E+09,8.70687E+09,8.72531E+09,8.74398E+09,8.76285E+09,8.78192E+09,8.80119E+09,8.82066E+09,8.8403E+09,8.86008E+09,8.88008E+09,8.90043E+09,8.92085E+09,8.94126E+09,8.96166E+09,8.98203E+09,9.00233E+09,9.02242E+09,9.0422E+09,9.06181E+09,9.08126E+09,9.10047E+09,9.11947E+09,9.13825E+09,9.15678E+09,9.17507E+09,9.19312E+09,9.21095E+09,9.2286E+09,9.24612E+09,9.26349E+09,9.28075E+09,9.29789E+09,9.31498E+09,9.33204E+09,9.34908E+09,9.36614E+09,9.38323E+09,9.40036E+09,9.41753E+09,9.43473E+09,9.45194E+09,9.469E+09,9.48591E+09,9.50296E+09,9.52006E+09,9.53715E+09,9.55421E+09,9.57126E+09,9.58852E+09,9.60596E+09,9.62328E+09,9.64062E+09,9.65799E+09,9.67545E+09,9.693E+09,9.71057E+09,9.7282E+09,9.74589E+09,9.76368E+09,9.78157E+09,9.79958E+09,9.81771E+09,9.83595E+09,9.85434E+09,9.87291E+09,9.89166E+09,9.91057E+09,9.92966E+09,9.94892E+09,9.96839E+09,9.98803E+09,1.00078E+10,1.00278E+10,1.00479E+10,1.00681E+10,1.00886E+10,1.01092E+10,1.01298E+10,1.01507E+10,1.01718E+10,1.01931E+10,1.02144E+10,1.02359E+10,1.02577E+10,1.02796E+10,1.03014E+10,1.03233E+10,1.03451E+10,1.0367E+10,1.03889E+10,1.04107E+10,1.04325E+10,1.04542E+10,1.04759E+10,1.04975E+10,1.05189E+10,1.05402E+10,1.05614E+10,1.05825E+10,1.06033E+10,1.06239E+10,1.06444E+10,1.06648E+10,1.06849E+10,1.07049E+10,1.07246E+10,1.07442E+10,1.07636E+10,1.07827E+10,1.08016E+10,1.08204E+10,1.08389E+10,1.08572E+10,1.08753E+10,1.08932E+10,1.09109E+10,1.09284E+10,1.09458E+10,1.0963E+10,1.098E+10,1.09969E+10,1.10137E+10,1.10303E+10,1.10468E+10,1.10633E+10,1.10796E+10,1.10958E+10,1.11119E+10,1.11279E+10,1.11438E+10,1.11597E+10,1.11754E+10,1.11911E+10,1.12067E+10,1.12222E+10,1.12377E+10,1.12531E+10,1.12685E+10,1.12838E+10,1.1299E+10,1.1314E+10,1.13291E+10,1.13442E+10,1.13592E+10,1.13742E+10,1.13892E+10,1.14042E+10,1.14193E+10,1.14344E+10,1.14494E+10,1.14644E+10,1.14795E+10,1.14945E+10,1.15096E+10,1.15247E+10,1.15398E+10,1.15549E+10,1.157E+10,1.15844E+10,1.16001E+10,1.16158E+10,1.16314E+10,1.16471E+10,1.16629E+10,1.16787E+10,1.16946E+10,1.17106E+10,1.17266E+10,1.17427E+10,1.17588E+10,1.17751E+10,1.17914E+10,1.18078E+10,1.18243E+10,1.18408E+10,1.18574E+10,1.18741E+10,1.18908E+10,1.19077E+10,1.19246E+10,1.19415E+10,1.19586E+10,1.19757E+10,1.19929E+10
"Cost of Hospitalizations Cumulative[Georgia]",0,0,0,0,0,0,0,0,0,0,0,0,0,0,0,0,0,0,0,0,0,0,0,0,0,0,0.0876302,2.99744,13.8805,37.8741,80.5621,148.434,249.385,393.304,593.09,866.242,1235.79,1731.37,2390.7,3260.87,4399.66,5878.12,7786.91,10244.8,13406.3,17466.3,22668.8,29315.8,37788.2,48559.8,62183.4,79325.3,100860,127938,162052,205175,259881,329525,417914,529457,669594,845286,1.06561E+06,1.34215E+06,1.68963E+06,2.12681E+06,2.67683E+06,3.36714E+06,4.22969E+06,5.30098E+06,6.62104E+06,8.23111E+06,1.01725E+07,1.24865E+07,1.52118E+07,1.83788E+07,2.20051E+07,2.60946E+07,3.06372E+07,3.56087E+07,4.09361E+07,4.6502E+07,5.22182E+07,5.80327E+07,6.39669E+07,6.99015E+07,7.5824E+07,8.17194E+07,8.75744E+07,9.33788E+07,9.91247E+07,1.04806E+08,1.10419E+08,1.1596E+08,1.21427E+08,1.26819E+08,1.32136E+08,1.37377E+08,1.42542E+08,1.47631E+08,1.52643E+08,1.57581E+08,1.62444E+08,1.67234E+08,1.71954E+08,1.76603E+08,1.81182E+08,1.85693E+08,1.90066E+08,1.94339E+08,1.98549E+08,2.02707E+08,2.06822E+08,2.10896E+08,2.14915E+08,2.18871E+08,2.22814E+08,2.26765E+08,2.30704E+08,2.34643E+08,2.38573E+08,2.42435E+08,2.46217E+08,2.49983E+08,2.53786E+08,2.57581E+08,2.61316E+08,2.64993E+08,2.6859E+08,2.72071E+08,2.75477E+08,2.78832E+08,2.8212E+08,2.85341E+08,2.88483E+08,2.9154E+08,2.94515E+08,2.9741E+08,3.00222E+08,3.02957E+08,3.05628E+08,3.08244E+08,3.10812E+08,3.13327E+08,3.15783E+08,3.18191E+08,3.20557E+08,3.22906E+08,3.25212E+08,3.27493E+08,3.29727E+08,3.31919E+08,3.34088E+08,3.36238E+08,3.38362E+08,3.40458E+08,3.4252E+08,3.44544E+08,3.46544E+08,3.48532E+08,3.50503E+08,3.52441E+08,3.54335E+08,3.56196E+08,3.58016E+08,3.59792E+08,3.61532E+08,3.63247E+08,3.64949E+08,3.66641E+08,3.68307E+08,3.69941E+08,3.71544E+08,3.73113E+08,3.74636E+08,3.76117E+08,3.7756E+08,3.78979E+08,3.80374E+08,3.81746E+08,3.83123E+08,3.84532E+08,3.85994E+08,3.875E+08,3.89027E+08,3.90559E+08,3.92097E+08,3.93646E+08,3.95198E+08,3.96732E+08,3.98249E+08,3.99751E+08,4.01263E+08,4.02769E+08,4.04245E+08,4.05718E+08,4.07187E+08,4.0864E+08,4.10072E+08,4.11503E+08,4.12946E+08,4.14393E+08,4.15839E+08,4.17323E+08,4.18871E+08,4.20495E+08,4.22168E+08,4.23908E+08,4.25755E+08,4.27669E+08,4.29632E+08,4.31645E+08,4.33698E+08,4.35794E+08,4.37939E+08,4.40136E+08,4.42404E+08,4.44744E+08,4.47165E+08,4.49677E+08,4.52266E+08,4.5495E+08,4.57766E+08,4.60681E+08,4.63694E+08,4.66794E+08,4.69953E+08,4.73134E+08,4.76332E+08,4.79566E+08,4.82828E+08,4.86097E+08,4.89319E+08,4.92433E+08,4.95477E+08,4.98486E+08,5.01455E+08,5.04375E+08,5.07237E+08,5.10067E+08,5.12891E+08,5.15655E+08,5.18334E+08,5.20923E+08,5.23428E+08,5.25861E+08,5.28233E+08,5.30541E+08,5.32803E+08,5.35026E+08,5.37214E+08,5.39372E+08,5.41509E+08,5.43633E+08,5.45766E+08,5.47916E+08,5.50086E+08,5.52281E+08,5.54511E+08,5.5677E+08,5.5905E+08,5.6136E+08,5.63713E+08,5.66103E+08,5.68525E+08,5.70999E+08,5.73531E+08,5.76123E+08,5.78763E+08,5.81439E+08,5.84149E+08,5.86887E+08,5.89626E+08,5.92358E+08,5.95086E+08,5.97807E+08,6.00521E+08,6.0322E+08,6.0588E+08,6.08534E+08,6.11186E+08,6.13834E+08,6.1649E+08,6.1916E+08,6.21854E+08,6.24591E+08,6.27353E+08,6.30149E+08,6.32983E+08,6.35855E+08,6.38769E+08,6.41723E+08,6.44703E+08,6.47681E+08,6.50628E+08,6.53561E+08,6.56499E+08,6.59433E+08,6.62282E+08,6.65002E+08,6.67711E+08,6.70435E+08,6.73128E+08,6.75735E+08,6.78244E+08,6.80707E+08,6.8315E+08,6.85495E+08,6.87726E+08,6.89851E+08,6.91904E+08,6.93895E+08,6.95824E+08,6.97699E+08,6.99532E+08,7.01338E+08,7.03124E+08,7.04883E+08,7.06619E+08,7.08345E+08,7.10061E+08,7.1177E+08,7.13476E+08,7.15188E+08,7.16908E+08,7.18642E+08,7.20393E+08,7.22174E+08,7.23994E+08,7.25853E+08,7.27745E+08,7.29675E+08,7.31641E+08,7.33641E+08,7.35669E+08,7.37737E+08,7.39844E+08,7.42E+08,7.44205E+08,7.46465E+08,7.48796E+08,7.51206E+08,7.53678E+08,7.56226E+08,7.5884E+08,7.6153E+08,7.64295E+08,7.67133E+08,7.7004E+08,7.73019E+08,7.76054E+08,7.79144E+08,7.82307E+08,7.85537E+08,7.88839E+08,7.92222E+08,7.95688E+08,7.99273E+08,8.03002E+08,8.06844E+08,8.10804E+08,8.14893E+08,8.19129E+08,8.23492E+08,8.27952E+08,8.32519E+08,8.37164E+08,8.41842E+08,8.46536E+08,8.51243E+08,8.55963E+08,8.60698E+08,8.65406E+08,8.70071E+08,8.7467E+08,8.79203E+08,8.83671E+08,8.88037E+08,8.92217E+08,8.96138E+08,8.99887E+08,9.03546E+08,9.07132E+08,9.10644E+08,9.14103E+08,9.17588E+08,9.21135E+08,9.24657E+08,9.28111E+08,9.31494E+08,9.34821E+08,9.38111E+08,9.41376E+08,9.4463E+08,9.47882E+08,9.51139E+08,9.54415E+08,9.5773E+08,9.61092E+08,9.6451E+08,9.68E+08,9.71566E+08,9.75214E+08,9.78954E+08,9.8279E+08,9.86721E+08,9.90717E+08,9.94695E+08,9.98647E+08,1.00268E+09,1.00681E+09,1.01101E+09,1.01529E+09,1.01968E+09,1.02419E+09,1.02878E+09,1.03341E+09,1.038E+09,1.04241E+09,1.04666E+09,1.051E+09,1.05538E+09,1.06012E+09,1.065E+09,1.06982E+09,1.07483E+09,1.07994E+09,1.08507E+09,1.09017E+09,1.09518E+09,1.10011E+09,1.10496E+09,1.10972E+09,1.11443E+09,1.11909E+09,1.12372E+09,1.12832E+09,1.13291E+09,1.13751E+09,1.14213E+09,1.14674E+09,1.15134E+09,1.15592E+09,1.16051E+09,1.1651E+09,1.1697E+09,1.17429E+09,1.17888E+09,1.1835E+09,1.18813E+09,1.1928E+09,1.19749E+09,1.2022E+09,1.20692E+09,1.21163E+09,1.21634E+09,1.22101E+09,1.22566E+09,1.23028E+09,1.23485E+09,1.23935E+09,1.24379E+09,1.24816E+09,1.25246E+09,1.2567E+09,1.26088E+09,1.26502E+09,1.2691E+09,1.27312E+09,1.27707E+09,1.28097E+09,1.28479E+09,1.28856E+09,1.2923E+09,1.29599E+09,1.29964E+09,1.30325E+09,1.30684E+09,1.31043E+09,1.31402E+09,1.31762E+09,1.32122E+09,1.32483E+09,1.32846E+09,1.33209E+09,1.33572E+09,1.33937E+09,1.34302E+09,1.34667E+09,1.35031E+09,1.35393E+09,1.35755E+09,1.36118E+09,1.36481E+09,1.36845E+09,1.37209E+09,1.37575E+09,1.3794E+09,1.38307E+09,1.38674E+09,1.39042E+09,1.39407E+09,1.39767E+09,1.40121E+09,1.40479E+09,1.40841E+09,1.41206E+09,1.41574E+09,1.41945E+09,1.42322E+09,1.42694E+09,1.43053E+09,1.43405E+09,1.43758E+09,1.44115E+09,1.44477E+09,1.44847E+09,1.45234E+09,1.45639E+09,1.46054E+09,1.46471E+09,1.4689E+09,1.47313E+09,1.47739E+09,1.48169E+09,1.48601E+09,1.49036E+09,1.49474E+09,1.49917E+09,1.50361E+09,1.50809E+09,1.51261E+09,1.51714E+09,1.52168E+09,1.52623E+09,1.53079E+09,1.53535E+09,1.53988E+09,1.54438E+09,1.54884E+09,1.55326E+09,1.55763E+09,1.56195E+09,1.56621E+09,1.57042E+09,1.57456E+09,1.57862E+09,1.58262E+09,1.58656E+09,1.59043E+09,1.59425E+09,1.598E+09,1.60169E+09,1.60534E+09,1.60895E+09,1.61253E+09,1.61608E+09,1.6196E+09,1.62306E+09,1.62648E+09,1.62984E+09,1.63315E+09,1.63642E+09,1.63965E+09,1.64281E+09,1.64586E+09,1.64891E+09,1.65196E+09,1.65499E+09,1.65802E+09,1.66105E+09,1.66413E+09,1.66728E+09,1.67042E+09,1.67356E+09,1.67672E+09,1.67991E+09,1.68313E+09,1.68638E+09,1.68965E+09,1.69294E+09,1.69626E+09,1.6996E+09,1.70297E+09,1.70634E+09,1.70973E+09,1.71311E+09,1.71649E+09,1.71986E+09,1.72321E+09,1.72655E+09,1.72987E+09,1.73318E+09,1.73648E+09,1.73977E+09,1.74304E+09,1.74628E+09,1.74951E+09,1.75273E+09,1.75589E+09,1.75902E+09,1.7622E+09,1.76542E+09,1.76869E+09,1.77202E+09,1.7754E+09,1.7789E+09,1.78251E+09,1.78615E+09,1.78989E+09,1.79371E+09,1.79764E+09,1.80168E+09,1.80584E+09,1.81017E+09,1.81468E+09,1.81937E+09,1.82424E+09,1.8293E+09,1.83454E+09,1.83997E+09,1.84562E+09,1.85148E+09,1.85756E+09,1.86385E+09,1.87031E+09,1.87691E+09,1.88362E+09,1.89044E+09,1.89734E+09,1.90432E+09,1.91135E+09,1.91841E+09,1.92548E+09,1.93259E+09,1.93973E+09,1.94691E+09,1.95412E+09,1.96135E+09,1.96858E+09,1.97578E+09,1.98297E+09,1.99017E+09,1.99737E+09,2.00459E+09,2.01181E+09,2.01904E+09,2.02627E+09,2.03349E+09,2.04073E+09,2.04799E+09,2.05525E+09,2.06251E+09,2.06976E+09,2.07702E+09,2.08427E+09,2.09151E+09,2.09872E+09,2.10593E+09,2.11313E+09,2.12032E+09,2.12749E+09,2.13458E+09,2.14154E+09,2.14853E+09,2.15552E+09,2.16247E+09,2.1694E+09,2.17632E+09,2.18327E+09,2.19028E+09,2.19721E+09,2.20407E+09,2.2109E+09,2.21769E+09,2.22444E+09,2.23115E+09,2.23782E+09,2.24444E+09,2.251E+09,2.25751E+09,2.26398E+09,2.27042E+09,2.27683E+09,2.28321E+09,2.28954E+09,2.29581E+09,2.30201E+09,2.30815E+09,2.31426E+09,2.32031E+09,2.32625E+09,2.33213E+09,2.33805E+09,2.344E+09,2.34999E+09,2.35601E+09,2.36209E+09,2.36828E+09,2.37456E+09,2.38086E+09,2.3872E+09,2.39358E+09,2.40001E+09,2.40648E+09,2.41298E+09,2.41953E+09,2.42613E+09,2.43279E+09,2.43949E+09,2.4462E+09,2.45294E+09,2.45973E+09,2.46656E+09,2.47341E+09,2.4803E+09,2.48722E+09,2.49419E+09,2.50119E+09,2.50819E+09,2.51521E+09,2.52222E+09,2.52923E+09,2.53625E+09,2.5433E+09,2.55037E+09,2.55747E+09,2.56459E+09,2.57173E+09,2.5789E+09,2.5861E+09,2.59333E+09,2.60059E+09,2.6079E+09,2.61524E+09,2.62259E+09,2.62996E+09,2.63729E+09,2.64461E+09,2.65192E+09,2.6591E+09,2.66615E+09,2.67307E+09,2.67983E+09,2.68659E+09,2.6934E+09,2.70029E+09,2.70733E+09,2.71448E+09,2.72167E+09,2.72895E+09,2.73626E+09,2.74351E+09,2.7507E+09,2.75787E+09,2.76513E+09,2.77256E+09,2.78012E+09,2.78775E+09,2.79545E+09,2.80323E+09,2.81106E+09,2.8189E+09,2.82673E+09,2.83461E+09,2.84255E+09,2.85054E+09,2.85859E+09,2.86672E+09,2.87493E+09,2.88323E+09,2.89157E+09,2.89988E+09,2.90815E+09,2.91647E+09,2.92484E+09,2.93329E+09,2.94173E+09,2.95017E+09,2.95862E+09,2.96708E+09,2.97548E+09,2.98395E+09,2.99267E+09,3.00097E+09,3.00941E+09,3.01788E+09,3.02633E+09,3.03478E+09,3.04336E+09,3.05218E+09,3.06058E+09,3.069E+09,3.07747E+09,3.08595E+09,3.09443E+09,3.10294E+09,3.11158E+09,3.12007E+09,3.12869E+09,3.13717E+09,3.14566E+09,3.15419E+09,3.16281E+09,3.17157E+09,3.18E+09,3.18844E+09,3.1969E+09,3.20534E+09,3.21376E+09,3.22214E+09,3.23051E+09,3.23881E+09,3.24703E+09,3.2552E+09,3.26331E+09,3.27138E+09,3.27938E+09,3.28732E+09,3.2952E+09,3.30304E+09,3.31085E+09,3.31864E+09,3.32638E+09,3.3341E+09,3.3418E+09,3.3495E+09,3.35719E+09,3.36483E+09,3.37245E+09,3.38001E+09,3.38751E+09,3.39495E+09,3.40233E+09,3.40967E+09,3.41698E+09,3.42425E+09,3.43153E+09,3.43881E+09,3.44607E+09,3.4533E+09,3.46049E+09,3.46765E+09,3.4748E+09,3.48189E+09,3.48888E+09,3.4958E+09,3.50266E+09,3.50944E+09,3.51616E+09,3.52284E+09,3.52949E+09,3.53612E+09,3.5427E+09,3.54925E+09,3.55577E+09,3.56227E+09,3.56874E+09,3.57517E+09,3.58155E+09,3.58786E+09,3.5941E+09,3.60029E+09,3.60644E+09,3.61256E+09,3.61865E+09,3.62471E+09,3.63077E+09,3.63685E+09,3.64295E+09,3.64908E+09,3.65522E+09,3.66133E+09,3.66737E+09,3.67334E+09,3.67922E+09,3.685E+09,3.69072E+09,3.69642E+09,3.70216E+09,3.70795E+09,3.71377E+09,3.71963E+09,3.72552E+09,3.73138E+09,3.73724E+09,3.74305E+09,3.7488E+09,3.75452E+09,3.76019E+09,3.76585E+09,3.77155E+09,3.77728E+09,3.78306E+09,3.78891E+09,3.79483E+09,3.8008E+09,3.80682E+09,3.81287E+09,3.81893E+09,3.82499E+09,3.83105E+09,3.8371E+09,3.84318E+09,3.84929E+09,3.85539E+09,3.86153E+09,3.86769E+09,3.87388E+09,3.88009E+09,3.88636E+09,3.89275E+09,3.89903E+09,3.90533E+09,3.91167E+09,3.91803E+09,3.92444E+09,3.93093E+09,3.93753E+09,3.94398E+09,3.95049E+09,3.95702E+09,3.96357E+09,3.97014E+09,3.97685E+09,3.98368E+09,3.99016E+09,3.9967E+09,4.00322E+09,4.00968E+09,4.01619E+09,4.02301E+09,4.02998E+09,4.03646E+09,4.04302E+09,4.04966E+09,4.05636E+09,4.06296E+09,4.06992E+09,4.07696E+09,4.08316E+09,4.08954E+09,4.09599E+09,4.10248E+09,4.10908E+09,4.1163E+09,4.12368E+09,4.13042E+09,4.13727E+09,4.14413E+09,4.15099E+09,4.1579E+09,4.16529E+09,4.17297E+09,4.18037E+09,4.18779E+09,4.1952E+09,4.20262E+09,4.21003E+09,4.21758E+09,4.22506E+09,4.23198E+09,4.2391E+09,4.24627E+09,4.2535E+09,4.26079E+09,4.26846E+09,4.27619E+09,4.28341E+09,4.29075E+09,4.29817E+09,4.30565E+09,4.31311E+09,4.32102E+09,4.32894E+09,4.33622E+09,4.34363E+09,4.35105E+09,4.35846E+09,4.36587E+09,4.37373E+09,4.38162E+09,4.38881E+09,4.39614E+09,4.40346E+09,4.41075E+09,4.41801E+09,4.42582E+09,4.43365E+09,4.44058E+09,4.44769E+09,4.45481E+09,4.46196E+09,4.4691E+09,4.47671E+09,4.48433E+09,4.49116E+09,4.49812E+09,4.50505E+09,4.51197E+09,4.51889E+09,4.52624E+09,4.53362E+09,4.54028E+09,4.54703E+09,4.55377E+09,4.56049E+09,4.56719E+09,4.57434E+09,4.58154E+09,4.58793E+09,4.59444E+09,4.60095E+09,4.60744E+09,4.61392E+09,4.6208E+09,4.62774E+09,4.63393E+09,4.64021E+09,4.64649E+09,4.65272E+09,4.65892E+09,4.66542E+09,4.67198E+09,4.67794E+09,4.68398E+09,4.68997E+09,4.69591E+09,4.70186E+09,4.70802E+09,4.71425E+09,4.72008E+09,4.72596E+09,4.73189E+09,4.73783E+09,4.74373E+09,4.74969E+09,4.75571E+09,4.7615E+09,4.76731E+09,4.77312E+09,4.7789E+09,4.78467E+09,4.79047E+09,4.79628E+09,4.80163E+09,4.80775E+09,4.81374E+09,4.8197E+09,4.82566E+09,4.83162E+09,4.83758E+09,4.84355E+09,4.84953E+09,4.85552E+09,4.86151E+09,4.86752E+09,4.87354E+09,4.87957E+09,4.88562E+09,4.89168E+09,4.89776E+09,4.90385E+09,4.90996E+09,4.91608E+09,4.92223E+09,4.92839E+09,4.93457E+09,4.94077E+09,4.94699E+09,4.95323E+09
"Cost of Hospitalizations Cumulative[Hawaii]",0,0,0,0,0,0,0,0,0,0,0,0,0,0,0,0,0,0,0,0,0,0,0,0,0,0,0,0,0.0328459,1.07227,4.72718,12.2264,24.5013,42.2685,66.099,96.4858,133.887,178.781,231.692,293.158,363.732,443.986,534.523,636.006,749.216,875.124,1014.85,1169.65,1340.84,1529.8,1738.18,1967.85,2220.83,2499.23,2805.67,3143.64,3517.61,3932.44,4393.13,4904.87,5473.07,6103.55,6802.55,7576.78,8433.36,9379.62,10423.1,11571.7,12833.5,14217.4,15730.2,17375.9,19158.1,21081.7,23153.2,25380.7,27773.2,30341.3,33095.8,36049.2,39217.3,42620.5,46281.7,50224.9,54476.2,59065.5,64024.4,69386.2,75187.4,81468.6,88274.9,95657,103672,112385,121867,132193,143440,155691,169033,183560,199367,216570,235304,255722,277991,302308,328887,357954,389741,417414,439652,463037,487318,513671,542752,574428,609262,647627,689507,736190,788240,853033,933837,1.02579E+06,1.13074E+06,1.2519E+06,1.39262E+06,1.5516E+06,1.72408E+06,1.9079E+06,2.10557E+06,2.31543E+06,2.5357E+06,2.76655E+06,3.01045E+06,3.26851E+06,3.5346E+06,3.80068E+06,4.06845E+06,4.34E+06,4.6077E+06,4.86573E+06,5.10933E+06,5.33977E+06,5.56165E+06,5.7739E+06,5.97194E+06,6.15805E+06,6.33525E+06,6.50489E+06,6.66673E+06,6.81838E+06,6.95946E+06,7.09391E+06,7.22194E+06,7.3411E+06,7.45258E+06,7.55725E+06,7.65546E+06,7.74795E+06,7.83403E+06,7.9141E+06,7.9895E+06,8.05991E+06,8.12545E+06,8.18674E+06,8.24539E+06,8.30225E+06,8.35659E+06,8.40842E+06,8.45777E+06,8.50514E+06,8.55117E+06,8.59508E+06,8.63602E+06,8.67498E+06,8.71204E+06,8.74777E+06,8.78214E+06,8.81477E+06,8.8461E+06,8.8768E+06,8.9067E+06,8.93585E+06,8.96421E+06,8.992E+06,9.01949E+06,9.04671E+06,9.07347E+06,9.09969E+06,9.12538E+06,9.15064E+06,9.17529E+06,9.19923E+06,9.22274E+06,9.2456E+06,9.2683E+06,9.291E+06,9.31358E+06,9.33616E+06,9.35885E+06,9.38155E+06,9.40505E+06,9.42906E+06,9.45308E+06,9.47724E+06,9.50154E+06,9.52593E+06,9.55054E+06,9.57523E+06,9.59998E+06,9.62494E+06,9.65037E+06,9.67632E+06,9.70294E+06,9.73033E+06,9.75839E+06,9.78738E+06,9.81756E+06,9.84872E+06,9.88103E+06,9.91461E+06,9.94994E+06,9.98717E+06,1.00262E+07,1.00674E+07,1.01114E+07,1.01587E+07,1.0209E+07,1.02626E+07,1.03196E+07,1.03806E+07,1.04457E+07,1.05145E+07,1.05866E+07,1.0663E+07,1.07444E+07,1.08314E+07,1.09243E+07,1.10236E+07,1.11301E+07,1.12441E+07,1.13654E+07,1.14938E+07,1.16301E+07,1.17739E+07,1.19254E+07,1.2085E+07,1.22526E+07,1.24278E+07,1.26093E+07,1.2798E+07,1.2997E+07,1.32042E+07,1.34212E+07,1.36484E+07,1.38821E+07,1.41219E+07,1.43677E+07,1.46145E+07,1.48689E+07,1.51258E+07,1.53796E+07,1.56389E+07,1.58959E+07,1.61461E+07,1.63925E+07,1.66384E+07,1.68783E+07,1.71139E+07,1.73405E+07,1.75631E+07,1.7786E+07,1.80076E+07,1.82213E+07,1.84318E+07,1.86397E+07,1.88446E+07,1.90459E+07,1.92421E+07,1.94331E+07,1.96205E+07,1.98041E+07,1.99847E+07,2.01628E+07,2.03385E+07,2.05111E+07,2.06808E+07,2.08487E+07,2.10146E+07,2.11774E+07,2.13375E+07,2.14978E+07,2.16592E+07,2.18211E+07,2.19824E+07,2.21419E+07,2.22991E+07,2.24541E+07,2.2607E+07,2.27578E+07,2.29069E+07,2.30534E+07,2.31977E+07,2.3341E+07,2.3484E+07,2.36269E+07,2.37702E+07,2.39139E+07,2.40578E+07,2.42017E+07,2.43452E+07,2.44886E+07,2.46325E+07,2.47756E+07,2.4915E+07,2.50506E+07,2.51833E+07,2.53169E+07,2.5451E+07,2.55852E+07,2.57193E+07,2.58539E+07,2.59878E+07,2.61178E+07,2.62429E+07,2.63671E+07,2.64856E+07,2.65971E+07,2.67107E+07,2.68269E+07,2.6946E+07,2.70691E+07,2.71932E+07,2.73212E+07,2.74534E+07,2.7585E+07,2.77168E+07,2.78487E+07,2.79805E+07,2.81126E+07,2.82449E+07,2.83758E+07,2.85063E+07,2.86387E+07,2.87746E+07,2.89145E+07,2.90567E+07,2.92005E+07,2.93461E+07,2.94925E+07,2.9638E+07,2.97825E+07,2.99258E+07,3.00679E+07,3.02082E+07,3.03491E+07,3.04893E+07,3.06304E+07,3.07732E+07,3.09163E+07,3.10598E+07,3.12045E+07,3.13488E+07,3.14934E+07,3.16377E+07,3.17814E+07,3.19248E+07,3.20682E+07,3.22121E+07,3.23569E+07,3.25032E+07,3.26515E+07,3.28018E+07,3.29547E+07,3.31098E+07,3.32668E+07,3.34259E+07,3.35867E+07,3.3749E+07,3.39132E+07,3.4079E+07,3.42467E+07,3.44165E+07,3.45891E+07,3.47645E+07,3.49434E+07,3.51251E+07,3.5309E+07,3.54944E+07,3.5682E+07,3.58719E+07,3.60633E+07,3.62554E+07,3.64483E+07,3.66422E+07,3.68356E+07,3.70306E+07,3.7227E+07,3.74252E+07,3.76263E+07,3.78297E+07,3.80359E+07,3.82476E+07,3.84617E+07,3.86768E+07,3.88933E+07,3.91093E+07,3.93221E+07,3.95343E+07,3.97465E+07,3.99572E+07,4.01635E+07,4.03562E+07,4.05392E+07,4.07228E+07,4.09058E+07,4.10882E+07,4.12693E+07,4.14537E+07,4.16444E+07,4.18351E+07,4.20225E+07,4.22053E+07,4.23831E+07,4.25566E+07,4.27257E+07,4.28909E+07,4.30526E+07,4.32106E+07,4.33656E+07,4.35179E+07,4.36671E+07,4.38138E+07,4.39578E+07,4.40992E+07,4.42388E+07,4.4376E+07,4.45109E+07,4.46439E+07,4.47743E+07,4.49027E+07,4.50294E+07,4.51537E+07,4.52763E+07,4.53973E+07,4.55168E+07,4.56351E+07,4.57531E+07,4.58714E+07,4.59888E+07,4.61055E+07,4.6222E+07,4.63384E+07,4.64549E+07,4.6571E+07,4.66865E+07,4.68047E+07,4.69248E+07,4.70457E+07,4.71676E+07,4.72908E+07,4.74153E+07,4.75412E+07,4.7668E+07,4.77937E+07,4.79221E+07,4.80526E+07,4.81846E+07,4.83187E+07,4.84548E+07,4.85931E+07,4.87341E+07,4.88781E+07,4.90253E+07,4.91764E+07,4.93315E+07,4.94904E+07,4.96533E+07,4.98208E+07,4.99936E+07,5.01716E+07,5.03545E+07,5.05432E+07,5.07387E+07,5.09415E+07,5.1152E+07,5.13701E+07,5.15961E+07,5.18308E+07,5.20737E+07,5.23247E+07,5.25841E+07,5.28522E+07,5.31295E+07,5.34166E+07,5.37122E+07,5.40154E+07,5.43251E+07,5.46387E+07,5.49547E+07,5.52726E+07,5.55934E+07,5.59171E+07,5.62399E+07,5.6559E+07,5.68747E+07,5.71858E+07,5.74918E+07,5.77897E+07,5.80789E+07,5.83636E+07,5.86454E+07,5.89229E+07,5.91972E+07,5.94689E+07,5.97366E+07,6.00006E+07,6.02617E+07,6.05184E+07,6.07712E+07,6.10197E+07,6.12646E+07,6.15079E+07,6.17498E+07,6.19876E+07,6.22234E+07,6.24595E+07,6.26942E+07,6.29271E+07,6.31595E+07,6.3391E+07,6.36227E+07,6.38546E+07,6.40849E+07,6.43157E+07,6.45469E+07,6.47768E+07,6.5008E+07,6.5241E+07,6.54727E+07,6.57047E+07,6.59374E+07,6.61694E+07,6.64009E+07,6.66304E+07,6.6857E+07,6.70852E+07,6.73135E+07,6.75405E+07,6.77691E+07,6.8E+07,6.82319E+07,6.8465E+07,6.86995E+07,6.89352E+07,6.91732E+07,6.94139E+07,6.96567E+07,6.99034E+07,7.01537E+07,7.04051E+07,7.06571E+07,7.09114E+07,7.11686E+07,7.14264E+07,7.1686E+07,7.19491E+07,7.22152E+07,7.24853E+07,7.27581E+07,7.30328E+07,7.33114E+07,7.35928E+07,7.38768E+07,7.41639E+07,7.44528E+07,7.47431E+07,7.50349E+07,7.53272E+07,7.56161E+07,7.58952E+07,7.61686E+07,7.64371E+07,7.6698E+07,7.69509E+07,7.71979E+07,7.74439E+07,7.76939E+07,7.79382E+07,7.81764E+07,7.84105E+07,7.86415E+07,7.88672E+07,7.90872E+07,7.93015E+07,7.95108E+07,7.97158E+07,7.99175E+07,8.01138E+07,8.03042E+07,8.04925E+07,8.06791E+07,8.08636E+07,8.10471E+07,8.12272E+07,8.14051E+07,8.15819E+07,8.17582E+07,8.19323E+07,8.21045E+07,8.2274E+07,8.24412E+07,8.26063E+07,8.27708E+07,8.29339E+07,8.30963E+07,8.32576E+07,8.34188E+07,8.35808E+07,8.37424E+07,8.39025E+07,8.40674E+07,8.42402E+07,8.44189E+07,8.46041E+07,8.47968E+07,8.49986E+07,8.52102E+07,8.54327E+07,8.56672E+07,8.59151E+07,8.61774E+07,8.64559E+07,8.6752E+07,8.70676E+07,8.74045E+07,8.7764E+07,8.81473E+07,8.85555E+07,8.89897E+07,8.94503E+07,8.99366E+07,9.04425E+07,9.09636E+07,9.1504E+07,9.20585E+07,9.26223E+07,9.3192E+07,9.37628E+07,9.43334E+07,9.49035E+07,9.54797E+07,9.60609E+07,9.66365E+07,9.72033E+07,9.77624E+07,9.83165E+07,9.88611E+07,9.93907E+07,9.99036E+07,1.00408E+08,1.00907E+08,1.01397E+08,1.01873E+08,1.0234E+08,1.02799E+08,1.0325E+08,1.03692E+08,1.04126E+08,1.04555E+08,1.04982E+08,1.05402E+08,1.05815E+08,1.0622E+08,1.06621E+08,1.07016E+08,1.07407E+08,1.07792E+08,1.08171E+08,1.08545E+08,1.08915E+08,1.09279E+08,1.09639E+08,1.09992E+08,1.10338E+08,1.10678E+08,1.1101E+08,1.11336E+08,1.11656E+08,1.11968E+08,1.12276E+08,1.12579E+08,1.12877E+08,1.1317E+08,1.13455E+08,1.13734E+08,1.14007E+08,1.14273E+08,1.14533E+08,1.14791E+08,1.15044E+08,1.15299E+08,1.15555E+08,1.15811E+08,1.16066E+08,1.16317E+08,1.16563E+08,1.16807E+08,1.17047E+08,1.17281E+08,1.17513E+08,1.17748E+08,1.17979E+08,1.18209E+08,1.18438E+08,1.18667E+08,1.18896E+08,1.19122E+08,1.19345E+08,1.19567E+08,1.19787E+08,1.20005E+08,1.20224E+08,1.20443E+08,1.20662E+08,1.2088E+08,1.211E+08,1.21323E+08,1.21547E+08,1.21772E+08,1.21999E+08,1.22229E+08,1.22462E+08,1.22703E+08,1.22951E+08,1.23206E+08,1.23467E+08,1.23733E+08,1.24006E+08,1.24285E+08,1.24567E+08,1.2485E+08,1.2513E+08,1.25407E+08,1.25687E+08,1.25964E+08,1.26244E+08,1.26537E+08,1.26846E+08,1.27171E+08,1.27506E+08,1.27849E+08,1.28199E+08,1.28555E+08,1.2892E+08,1.29292E+08,1.29674E+08,1.30065E+08,1.30465E+08,1.30879E+08,1.31302E+08,1.31729E+08,1.32158E+08,1.32583E+08,1.33016E+08,1.33458E+08,1.33905E+08,1.34362E+08,1.34833E+08,1.35315E+08,1.35812E+08,1.36312E+08,1.36808E+08,1.37305E+08,1.37804E+08,1.38315E+08,1.38827E+08,1.39336E+08,1.39851E+08,1.40363E+08,1.40884E+08,1.4142E+08,1.41967E+08,1.42535E+08,1.43137E+08,1.4376E+08,1.444E+08,1.45056E+08,1.45729E+08,1.46413E+08,1.47105E+08,1.47801E+08,1.48496E+08,1.49189E+08,1.49869E+08,1.50518E+08,1.51179E+08,1.5184E+08,1.52484E+08,1.53142E+08,1.53767E+08,1.54368E+08,1.5494E+08,1.5548E+08,1.55999E+08,1.56531E+08,1.57078E+08,1.57635E+08,1.58197E+08,1.58762E+08,1.59322E+08,1.59878E+08,1.60424E+08,1.60956E+08,1.61475E+08,1.61981E+08,1.62473E+08,1.62953E+08,1.6342E+08,1.63874E+08,1.64318E+08,1.64756E+08,1.65186E+08,1.65604E+08,1.66022E+08,1.66447E+08,1.66875E+08,1.67299E+08,1.67717E+08,1.68131E+08,1.6854E+08,1.6894E+08,1.69329E+08,1.6971E+08,1.70089E+08,1.70468E+08,1.70844E+08,1.7122E+08,1.71597E+08,1.71967E+08,1.72333E+08,1.72694E+08,1.73046E+08,1.734E+08,1.7375E+08,1.74091E+08,1.74434E+08,1.74775E+08,1.75114E+08,1.75453E+08,1.75788E+08,1.76131E+08,1.76485E+08,1.76842E+08,1.77202E+08,1.77567E+08,1.77941E+08,1.78325E+08,1.78713E+08,1.79101E+08,1.7949E+08,1.79888E+08,1.80293E+08,1.80705E+08,1.81125E+08,1.81556E+08,1.82005E+08,1.82469E+08,1.82938E+08,1.83412E+08,1.83893E+08,1.84385E+08,1.84888E+08,1.85398E+08,1.85915E+08,1.86441E+08,1.86979E+08,1.87524E+08,1.88076E+08,1.88629E+08,1.89179E+08,1.89736E+08,1.90302E+08,1.90864E+08,1.91423E+08,1.91979E+08,1.92534E+08,1.93092E+08,1.93656E+08,1.94226E+08,1.94778E+08,1.95337E+08,1.959E+08,1.96472E+08,1.97052E+08,1.97653E+08,1.98266E+08,1.98852E+08,1.9944E+08,2.00025E+08,2.00606E+08,2.01188E+08,2.01813E+08,2.02453E+08,2.03035E+08,2.03623E+08,2.04216E+08,2.04813E+08,2.0541E+08,2.06049E+08,2.06698E+08,2.07257E+08,2.07831E+08,2.08409E+08,2.08988E+08,2.09569E+08,2.10214E+08,2.10875E+08,2.11435E+08,2.12009E+08,2.12584E+08,2.1316E+08,2.13739E+08,2.14393E+08,2.15064E+08,2.15632E+08,2.16211E+08,2.16792E+08,2.17368E+08,2.1794E+08,2.18574E+08,2.19226E+08,2.19751E+08,2.20292E+08,2.20836E+08,2.21383E+08,2.21932E+08,2.22556E+08,2.232E+08,2.23716E+08,2.24245E+08,2.24784E+08,2.25326E+08,2.25865E+08,2.26479E+08,2.27114E+08,2.27629E+08,2.28162E+08,2.28697E+08,2.29228E+08,2.29757E+08,2.30357E+08,2.30978E+08,2.31489E+08,2.32029E+08,2.32582E+08,2.33143E+08,2.33707E+08,2.34333E+08,2.34976E+08,2.35521E+08,2.36092E+08,2.36672E+08,2.37254E+08,2.37852E+08,2.3851E+08,2.3918E+08,2.3979E+08,2.4042E+08,2.41061E+08,2.41715E+08,2.42377E+08,2.43076E+08,2.43784E+08,2.44442E+08,2.45115E+08,2.45795E+08,2.46478E+08,2.47162E+08,2.47886E+08,2.48615E+08,2.49295E+08,2.4999E+08,2.50688E+08,2.51391E+08,2.52101E+08,2.52838E+08,2.53577E+08,2.54275E+08,2.54981E+08,2.55689E+08,2.56393E+08,2.57091E+08,2.57818E+08,2.58544E+08,2.59221E+08,2.59905E+08,2.60587E+08,2.61267E+08,2.61948E+08,2.62655E+08,2.63362E+08,2.64022E+08,2.64685E+08,2.65343E+08,2.65996E+08,2.66646E+08,2.67312E+08,2.67976E+08,2.68595E+08,2.69218E+08,2.69837E+08,2.70454E+08,2.71067E+08,2.71687E+08,2.72312E+08,2.72907E+08,2.73498E+08,2.74084E+08,2.74661E+08,2.75228E+08,2.75796E+08,2.76367E+08,2.76914E+08,2.7746E+08,2.77998E+08,2.78529E+08,2.79059E+08,2.79585E+08,2.8011E+08,2.80625E+08,2.81136E+08,2.81647E+08,2.82158E+08,2.82662E+08,2.83162E+08,2.83669E+08,2.84168E+08,2.84664E+08,2.85159E+08,2.85651E+08,2.86141E+08,2.86611E+08,2.87073E+08,2.87511E+08,2.88021E+08,2.88518E+08,2.89013E+08,2.89509E+08,2.90004E+08,2.90501E+08,2.90999E+08,2.91499E+08,2.92E+08,2.92504E+08,2.9301E+08,2.93519E+08,2.94031E+08,2.94545E+08,2.95063E+08,2.95584E+08,2.96108E+08,2.96635E+08,2.97166E+08,2.977E+08,2.98238E+08,2.98779E+08,2.99323E+08,2.99872E+08,3.00423E+08
"Cost of Hospitalizations Cumulative[Idaho]",0,0,0,0,0,0,0,0,0,0,0,0,0,0,0,0,0,0,0,0,0,0,0,0,0,0,0,0,0,0,0,0,0,0,0,0,0,0,0,0,0,0,0,0,0.364848,3.04172,10.356,24.8343,49.4578,87.9911,145.413,228.395,345.966,510.538,739.123,1054.89,1489.27,2084.72,2898.68,4008.55,5519.15,7575.09,10375.1,14180.4,19324.3,26263.5,35603.6,48149,64945.5,87335,117049,156303,207929,275452,363183,476332,621028,804433,1.03493E+06,1.32207E+06,1.6759E+06,2.10605E+06,2.62101E+06,3.22765E+06,3.93073E+06,4.73195E+06,5.62881E+06,6.60604E+06,7.64115E+06,8.71553E+06,9.8154E+06,1.09304E+07,1.20525E+07,1.3175E+07,1.42927E+07,1.5401E+07,1.64962E+07,1.7575E+07,1.86347E+07,1.96729E+07,2.06872E+07,2.16759E+07,2.26373E+07,2.35699E+07,2.44724E+07,2.53439E+07,2.61832E+07,2.69896E+07,2.77627E+07,2.85025E+07,2.92093E+07,2.9883E+07,3.05261E+07,3.11381E+07,3.17158E+07,3.22623E+07,3.27785E+07,3.32649E+07,3.37222E+07,3.41507E+07,3.45522E+07,3.49309E+07,3.5288E+07,3.56221E+07,3.59392E+07,3.62371E+07,3.65239E+07,3.68145E+07,3.70985E+07,3.73626E+07,3.76098E+07,3.78464E+07,3.80737E+07,3.82919E+07,3.85005E+07,3.86987E+07,3.88846E+07,3.90599E+07,3.92246E+07,3.93772E+07,3.95191E+07,3.96492E+07,3.97673E+07,3.98753E+07,3.99735E+07,4.00632E+07,4.01466E+07,4.02242E+07,4.0297E+07,4.0366E+07,4.04317E+07,4.04945E+07,4.05543E+07,4.06113E+07,4.0666E+07,4.07186E+07,4.07694E+07,4.08189E+07,4.08669E+07,4.0914E+07,4.09599E+07,4.10045E+07,4.10477E+07,4.10899E+07,4.11313E+07,4.11722E+07,4.12128E+07,4.12528E+07,4.12926E+07,4.13323E+07,4.13719E+07,4.14114E+07,4.14508E+07,4.14902E+07,4.15299E+07,4.15699E+07,4.16101E+07,4.16507E+07,4.16915E+07,4.17323E+07,4.17733E+07,4.18148E+07,4.18569E+07,4.18998E+07,4.19437E+07,4.19884E+07,4.20343E+07,4.20812E+07,4.21289E+07,4.21772E+07,4.22262E+07,4.22759E+07,4.23268E+07,4.23781E+07,4.24298E+07,4.24825E+07,4.25369E+07,4.25928E+07,4.26502E+07,4.27095E+07,4.27707E+07,4.28341E+07,4.28994E+07,4.29661E+07,4.30341E+07,4.31036E+07,4.31745E+07,4.32478E+07,4.33246E+07,4.34047E+07,4.34881E+07,4.35752E+07,4.36658E+07,4.37597E+07,4.38572E+07,4.39582E+07,4.40634E+07,4.41736E+07,4.42902E+07,4.44137E+07,4.45439E+07,4.46815E+07,4.48283E+07,4.4984E+07,4.51482E+07,4.53194E+07,4.5498E+07,4.56853E+07,4.58791E+07,4.60797E+07,4.62897E+07,4.65096E+07,4.67412E+07,4.69818E+07,4.72291E+07,4.74854E+07,4.77519E+07,4.80272E+07,4.83074E+07,4.85971E+07,4.89006E+07,4.92207E+07,4.95592E+07,4.99115E+07,5.02755E+07,5.06614E+07,5.1061E+07,5.14755E+07,5.19073E+07,5.23533E+07,5.28166E+07,5.33022E+07,5.38056E+07,5.4328E+07,5.48692E+07,5.5423E+07,5.5988E+07,5.6566E+07,5.71528E+07,5.77477E+07,5.835E+07,5.89524E+07,5.95528E+07,6.01523E+07,6.0746E+07,6.13318E+07,6.19099E+07,6.24746E+07,6.30255E+07,6.35588E+07,6.40708E+07,6.45626E+07,6.50375E+07,6.54939E+07,6.59344E+07,6.63573E+07,6.67646E+07,6.7161E+07,6.75485E+07,6.79249E+07,6.82896E+07,6.86431E+07,6.89886E+07,6.93283E+07,6.96627E+07,6.99919E+07,7.03122E+07,7.06221E+07,7.09236E+07,7.12229E+07,7.15208E+07,7.1816E+07,7.21078E+07,7.24014E+07,7.27E+07,7.30028E+07,7.33034E+07,7.36033E+07,7.39022E+07,7.4197E+07,7.44896E+07,7.4783E+07,7.50801E+07,7.53827E+07,7.56891E+07,7.60025E+07,7.63255E+07,7.6656E+07,7.69925E+07,7.73391E+07,7.76961E+07,7.80604E+07,7.84284E+07,7.88007E+07,7.91785E+07,7.95658E+07,7.99609E+07,8.03621E+07,8.07725E+07,8.11954E+07,8.16274E+07,8.2063E+07,8.25017E+07,8.29499E+07,8.34079E+07,8.38779E+07,8.43578E+07,8.48519E+07,8.53706E+07,8.591E+07,8.64557E+07,8.70114E+07,8.75865E+07,8.81816E+07,8.87955E+07,8.94258E+07,9.00783E+07,9.07535E+07,9.14408E+07,9.21357E+07,9.28457E+07,9.35698E+07,9.43065E+07,9.50509E+07,9.58054E+07,9.65745E+07,9.73453E+07,9.81088E+07,9.88663E+07,9.96176E+07,1.00362E+08,1.01097E+08,1.01816E+08,1.02524E+08,1.03219E+08,1.03901E+08,1.04574E+08,1.05236E+08,1.05889E+08,1.06532E+08,1.07166E+08,1.07789E+08,1.08402E+08,1.09007E+08,1.09601E+08,1.10186E+08,1.10765E+08,1.11335E+08,1.11901E+08,1.12462E+08,1.13022E+08,1.13584E+08,1.14149E+08,1.14715E+08,1.15282E+08,1.15853E+08,1.16426E+08,1.17004E+08,1.17581E+08,1.18149E+08,1.1872E+08,1.19297E+08,1.19877E+08,1.20465E+08,1.21069E+08,1.21694E+08,1.22351E+08,1.23031E+08,1.23728E+08,1.24446E+08,1.25181E+08,1.25931E+08,1.26698E+08,1.27479E+08,1.28268E+08,1.2907E+08,1.29886E+08,1.3072E+08,1.31574E+08,1.32448E+08,1.3334E+08,1.34244E+08,1.35155E+08,1.36072E+08,1.36986E+08,1.37883E+08,1.38752E+08,1.39587E+08,1.40391E+08,1.41174E+08,1.41939E+08,1.42683E+08,1.43412E+08,1.44123E+08,1.44817E+08,1.45494E+08,1.46148E+08,1.46779E+08,1.47395E+08,1.47994E+08,1.48581E+08,1.49159E+08,1.49728E+08,1.50286E+08,1.50825E+08,1.51344E+08,1.51849E+08,1.52338E+08,1.52813E+08,1.53276E+08,1.53728E+08,1.54176E+08,1.5462E+08,1.55057E+08,1.55491E+08,1.55922E+08,1.56354E+08,1.56787E+08,1.57219E+08,1.57649E+08,1.5808E+08,1.58511E+08,1.58941E+08,1.59369E+08,1.59796E+08,1.60224E+08,1.60653E+08,1.61084E+08,1.61518E+08,1.61951E+08,1.62386E+08,1.62826E+08,1.63268E+08,1.63712E+08,1.64158E+08,1.64606E+08,1.65058E+08,1.65512E+08,1.65966E+08,1.66426E+08,1.6689E+08,1.67353E+08,1.67818E+08,1.68292E+08,1.68772E+08,1.69259E+08,1.69749E+08,1.70248E+08,1.7076E+08,1.71282E+08,1.71811E+08,1.7235E+08,1.72892E+08,1.73441E+08,1.73993E+08,1.74543E+08,1.75093E+08,1.75641E+08,1.76182E+08,1.76725E+08,1.77268E+08,1.77813E+08,1.78363E+08,1.78911E+08,1.79461E+08,1.80015E+08,1.80569E+08,1.81126E+08,1.81682E+08,1.82239E+08,1.82802E+08,1.83365E+08,1.83929E+08,1.84494E+08,1.8506E+08,1.85622E+08,1.86178E+08,1.86725E+08,1.87266E+08,1.87805E+08,1.88339E+08,1.88871E+08,1.89403E+08,1.89938E+08,1.90476E+08,1.91014E+08,1.91553E+08,1.92092E+08,1.9263E+08,1.93167E+08,1.93703E+08,1.94242E+08,1.94782E+08,1.9532E+08,1.95859E+08,1.964E+08,1.96941E+08,1.97479E+08,1.98014E+08,1.98546E+08,1.99077E+08,1.99611E+08,2.00146E+08,2.0068E+08,2.01215E+08,2.01754E+08,2.02292E+08,2.02828E+08,2.03361E+08,2.03894E+08,2.04426E+08,2.04958E+08,2.05484E+08,2.06006E+08,2.0653E+08,2.07054E+08,2.07576E+08,2.08096E+08,2.08613E+08,2.09129E+08,2.09642E+08,2.10148E+08,2.10651E+08,2.11154E+08,2.11655E+08,2.12152E+08,2.12648E+08,2.13142E+08,2.13636E+08,2.1413E+08,2.14622E+08,2.15112E+08,2.15601E+08,2.16088E+08,2.16575E+08,2.17063E+08,2.17549E+08,2.18035E+08,2.18522E+08,2.19007E+08,2.19489E+08,2.1997E+08,2.2045E+08,2.20928E+08,2.21401E+08,2.21865E+08,2.22327E+08,2.22791E+08,2.23255E+08,2.23719E+08,2.24187E+08,2.24658E+08,2.25135E+08,2.25612E+08,2.26088E+08,2.26561E+08,2.27036E+08,2.2751E+08,2.27986E+08,2.28463E+08,2.28939E+08,2.29416E+08,2.29895E+08,2.30372E+08,2.30848E+08,2.31323E+08,2.31797E+08,2.3227E+08,2.32742E+08,2.33212E+08,2.33681E+08,2.34151E+08,2.34623E+08,2.35095E+08,2.35568E+08,2.36042E+08,2.36517E+08,2.36994E+08,2.37469E+08,2.37943E+08,2.38418E+08,2.38896E+08,2.39378E+08,2.3987E+08,2.40367E+08,2.40869E+08,2.41378E+08,2.41891E+08,2.42407E+08,2.42927E+08,2.43449E+08,2.43976E+08,2.44507E+08,2.45044E+08,2.45589E+08,2.46142E+08,2.46702E+08,2.47269E+08,2.47846E+08,2.4843E+08,2.49023E+08,2.49624E+08,2.50237E+08,2.50863E+08,2.51505E+08,2.52161E+08,2.5283E+08,2.53514E+08,2.54218E+08,2.54942E+08,2.5569E+08,2.5646E+08,2.57253E+08,2.5807E+08,2.58908E+08,2.59771E+08,2.6066E+08,2.61576E+08,2.62515E+08,2.63472E+08,2.64438E+08,2.65412E+08,2.66394E+08,2.67379E+08,2.6836E+08,2.69335E+08,2.70304E+08,2.71263E+08,2.72212E+08,2.73148E+08,2.74074E+08,2.74982E+08,2.75869E+08,2.76733E+08,2.77576E+08,2.78399E+08,2.79203E+08,2.7999E+08,2.80754E+08,2.81488E+08,2.82201E+08,2.82902E+08,2.83583E+08,2.84238E+08,2.84876E+08,2.85516E+08,2.86172E+08,2.86836E+08,2.87496E+08,2.88162E+08,2.88842E+08,2.89532E+08,2.90227E+08,2.90927E+08,2.91631E+08,2.9234E+08,2.93054E+08,2.93774E+08,2.94504E+08,2.95241E+08,2.95986E+08,2.96743E+08,2.97509E+08,2.98287E+08,2.99084E+08,2.99894E+08,3.00717E+08,3.01552E+08,3.02398E+08,3.03261E+08,3.04143E+08,3.05043E+08,3.05964E+08,3.06908E+08,3.07872E+08,3.08857E+08,3.09867E+08,3.10898E+08,3.11945E+08,3.13005E+08,3.14082E+08,3.15174E+08,3.16275E+08,3.17382E+08,3.18493E+08,3.19603E+08,3.2071E+08,3.21804E+08,3.22887E+08,3.23959E+08,3.25015E+08,3.26051E+08,3.27064E+08,3.28054E+08,3.29023E+08,3.29966E+08,3.30885E+08,3.31783E+08,3.32657E+08,3.33508E+08,3.34338E+08,3.35152E+08,3.35951E+08,3.36734E+08,3.37501E+08,3.38256E+08,3.39002E+08,3.39737E+08,3.40461E+08,3.41171E+08,3.41871E+08,3.42568E+08,3.43263E+08,3.43957E+08,3.44649E+08,3.45345E+08,3.46047E+08,3.46754E+08,3.47466E+08,3.48186E+08,3.48912E+08,3.49644E+08,3.50374E+08,3.51098E+08,3.51828E+08,3.52577E+08,3.53348E+08,3.54143E+08,3.54964E+08,3.55821E+08,3.56722E+08,3.57655E+08,3.58611E+08,3.59585E+08,3.60578E+08,3.61593E+08,3.62626E+08,3.63674E+08,3.64736E+08,3.65813E+08,3.66908E+08,3.68016E+08,3.69132E+08,3.70254E+08,3.71384E+08,3.72514E+08,3.73638E+08,3.74752E+08,3.75852E+08,3.7694E+08,3.78012E+08,3.79062E+08,3.80087E+08,3.81086E+08,3.82072E+08,3.83042E+08,3.83989E+08,3.84912E+08,3.85816E+08,3.86706E+08,3.87584E+08,3.88451E+08,3.89319E+08,3.90195E+08,3.91075E+08,3.91964E+08,3.92865E+08,3.93767E+08,3.94671E+08,3.95577E+08,3.96491E+08,3.97425E+08,3.98379E+08,3.99347E+08,4.00332E+08,4.0133E+08,4.02345E+08,4.03387E+08,4.04444E+08,4.05512E+08,4.06593E+08,4.07692E+08,4.08812E+08,4.09947E+08,4.11082E+08,4.12215E+08,4.13347E+08,4.14476E+08,4.15613E+08,4.16755E+08,4.17896E+08,4.19042E+08,4.20198E+08,4.21371E+08,4.22555E+08,4.23744E+08,4.24935E+08,4.26124E+08,4.27304E+08,4.28488E+08,4.29685E+08,4.30856E+08,4.32017E+08,4.33177E+08,4.34331E+08,4.35493E+08,4.3669E+08,4.37867E+08,4.39025E+08,4.40146E+08,4.41242E+08,4.42325E+08,4.43397E+08,4.44544E+08,4.45661E+08,4.4675E+08,4.4774E+08,4.48709E+08,4.49698E+08,4.50741E+08,4.51704E+08,4.52656E+08,4.53583E+08,4.54494E+08,4.55393E+08,4.56279E+08,4.57155E+08,4.58005E+08,4.58844E+08,4.5967E+08,4.60485E+08,4.61288E+08,4.62083E+08,4.62872E+08,4.63654E+08,4.6443E+08,4.65194E+08,4.65949E+08,4.66693E+08,4.67422E+08,4.68136E+08,4.68837E+08,4.69525E+08,4.70204E+08,4.70874E+08,4.71534E+08,4.72187E+08,4.72833E+08,4.7347E+08,4.74097E+08,4.74714E+08,4.75324E+08,4.75926E+08,4.76518E+08,4.771E+08,4.77676E+08,4.78245E+08,4.78809E+08,4.7937E+08,4.79927E+08,4.80481E+08,4.81033E+08,4.81582E+08,4.82129E+08,4.82673E+08,4.83215E+08,4.83754E+08,4.84288E+08,4.84813E+08,4.8533E+08,4.85842E+08,4.86348E+08,4.86852E+08,4.87355E+08,4.87863E+08,4.88379E+08,4.889E+08,4.89425E+08,4.89951E+08,4.90479E+08,4.91005E+08,4.91527E+08,4.92044E+08,4.92555E+08,4.93064E+08,4.93574E+08,4.94085E+08,4.94597E+08,4.9511E+08,4.95628E+08,4.96149E+08,4.96672E+08,4.97198E+08,4.97725E+08,4.98257E+08,4.98791E+08,4.99329E+08,4.99873E+08,5.00426E+08,5.00983E+08,5.01543E+08,5.02107E+08,5.02676E+08,5.03251E+08,5.0383E+08,5.04409E+08,5.04987E+08,5.0557E+08,5.06153E+08,5.06732E+08,5.07316E+08,5.07908E+08,5.08516E+08,5.09126E+08,5.09742E+08,5.1037E+08,5.11012E+08,5.11659E+08,5.12301E+08,5.12943E+08,5.13584E+08,5.14238E+08,5.149E+08,5.15573E+08,5.1626E+08,5.16966E+08,5.1769E+08,5.18427E+08,5.19176E+08,5.19933E+08,5.20695E+08,5.21467E+08,5.2227E+08,5.23104E+08,5.23931E+08,5.24779E+08,5.25636E+08,5.26508E+08,5.27387E+08,5.28283E+08,5.29201E+08,5.30119E+08,5.31058E+08,5.32004E+08,5.32968E+08,5.33956E+08,5.34971E+08,5.36005E+08,5.37033E+08,5.3808E+08,5.39125E+08,5.40181E+08,5.41237E+08,5.42295E+08,5.43361E+08,5.44422E+08,5.45488E+08,5.46553E+08,5.47619E+08,5.48688E+08,5.49761E+08,5.5084E+08,5.51909E+08,5.52976E+08,5.54043E+08,5.55106E+08,5.56159E+08,5.57205E+08,5.5825E+08,5.59282E+08,5.60307E+08,5.61325E+08,5.6234E+08,5.63353E+08,5.64357E+08,5.65351E+08,5.66333E+08,5.67306E+08,5.68267E+08,5.69214E+08,5.7015E+08,5.71075E+08,5.71989E+08,5.72891E+08,5.73783E+08,5.74666E+08,5.75541E+08,5.76403E+08,5.77254E+08,5.78094E+08,5.78924E+08,5.79743E+08,5.80554E+08,5.81357E+08,5.82155E+08,5.82946E+08,5.8373E+08,5.84506E+08,5.85274E+08,5.86032E+08,5.86781E+08,5.87521E+08,5.88252E+08,5.88976E+08,5.89693E+08,5.90404E+08,5.91105E+08,5.91794E+08,5.92476E+08,5.93156E+08,5.9383E+08,5.945E+08,5.95167E+08,5.95832E+08,5.96498E+08,5.97159E+08,5.97815E+08,5.98467E+08,5.99115E+08,5.99761E+08,6.00405E+08,6.01046E+08,6.01682E+08,6.02312E+08,6.02938E+08,6.03539E+08,6.04183E+08,6.04822E+08,6.05458E+08,6.06094E+08,6.06731E+08,6.07368E+08,6.08005E+08,6.08644E+08,6.09284E+08,6.09926E+08,6.1057E+08,6.11216E+08,6.11864E+08,6.12515E+08,6.13168E+08,6.13825E+08,6.14485E+08,6.15148E+08,6.15815E+08,6.16485E+08,6.1716E+08,6.17838E+08,6.18521E+08,6.19208E+08,6.199E+08
"Cost of Hospitalizations Cumulative[Illinois]",0,0,0,0,0,0,0,0,0,0,0,0,0,0,0,0,0,0,0,0,0,0,0,0,0,0,0,0,0,0,0,0,0,0.693163,3.99957,11.7228,25.5237,46.9949,77.6615,119.036,172.789,240.985,326.245,431.759,561.337,719.226,909.853,1137.94,1408.83,1728.9,2105.9,2549.43,3071.28,3686.26,4413.6,5278.1,6308.69,7538.76,9005.95,10753.8,12836.9,15326.5,18313.4,21911.4,26260,31527.2,37910.7,45638.3,54971.2,66204.3,79650.8,95671.2,110137,121783,135371,151415,170277,192325,217955,247577,281740,321189,366505,418488,478102,546481,624931,714973,818472,937715,1.07537E+06,1.23447E+06,1.41862E+06,1.632E+06,1.87945E+06,2.16669E+06,2.50047E+06,2.8884E+06,3.33852E+06,3.85912E+06,4.45988E+06,5.15247E+06,5.94993E+06,6.86563E+06,7.91267E+06,9.10422E+06,1.04539E+07,1.19748E+07,1.36798E+07,1.55755E+07,1.78773E+07,2.03615E+07,2.29773E+07,2.58115E+07,2.88951E+07,3.21979E+07,3.5735E+07,3.95111E+07,4.35121E+07,4.77423E+07,5.21939E+07,5.68284E+07,6.16257E+07,6.65763E+07,7.16999E+07,7.69923E+07,8.24347E+07,8.79714E+07,9.35479E+07,9.91471E+07,1.04779E+08,1.10443E+08,1.16115E+08,1.21771E+08,1.27418E+08,1.33046E+08,1.38629E+08,1.44173E+08,1.49674E+08,1.55124E+08,1.60518E+08,1.65852E+08,1.71121E+08,1.76331E+08,1.81472E+08,1.86528E+08,1.91499E+08,1.96383E+08,2.01175E+08,2.05878E+08,2.10484E+08,2.14992E+08,2.19427E+08,2.23791E+08,2.28077E+08,2.32292E+08,2.36438E+08,2.40501E+08,2.44489E+08,2.48412E+08,2.52271E+08,2.56072E+08,2.59815E+08,2.63497E+08,2.67115E+08,2.70665E+08,2.74143E+08,2.77546E+08,2.80868E+08,2.84109E+08,2.87273E+08,2.90363E+08,2.93383E+08,2.96338E+08,2.9923E+08,3.02064E+08,3.0485E+08,3.07585E+08,3.10249E+08,3.12839E+08,3.15373E+08,3.17853E+08,3.20265E+08,3.22604E+08,3.24877E+08,3.2709E+08,3.2924E+08,3.31326E+08,3.33353E+08,3.35323E+08,3.3723E+08,3.39069E+08,3.40853E+08,3.42574E+08,3.44224E+08,3.45825E+08,3.47385E+08,3.48916E+08,3.50421E+08,3.51885E+08,3.53314E+08,3.54715E+08,3.5607E+08,3.57378E+08,3.5864E+08,3.59859E+08,3.6104E+08,3.62192E+08,3.63322E+08,3.64427E+08,3.65507E+08,3.66564E+08,3.676E+08,3.6862E+08,3.69618E+08,3.70597E+08,3.71559E+08,3.7251E+08,3.73451E+08,3.7438E+08,3.75302E+08,3.76233E+08,3.77187E+08,3.7816E+08,3.79141E+08,3.80122E+08,3.81096E+08,3.82061E+08,3.83012E+08,3.83942E+08,3.84848E+08,3.85736E+08,3.8661E+08,3.8747E+08,3.88317E+08,3.89159E+08,3.89998E+08,3.90832E+08,3.91666E+08,3.92502E+08,3.93349E+08,3.94205E+08,3.95065E+08,3.95933E+08,3.96812E+08,3.97698E+08,3.9859E+08,3.99488E+08,4.00391E+08,4.01297E+08,4.02209E+08,4.03128E+08,4.04054E+08,4.04987E+08,4.05931E+08,4.06886E+08,4.07854E+08,4.08835E+08,4.09832E+08,4.10845E+08,4.11876E+08,4.12925E+08,4.13995E+08,4.15084E+08,4.1619E+08,4.1731E+08,4.1845E+08,4.1961E+08,4.20793E+08,4.21994E+08,4.2321E+08,4.24443E+08,4.25696E+08,4.26965E+08,4.28243E+08,4.2953E+08,4.30834E+08,4.32155E+08,4.33495E+08,4.34854E+08,4.36234E+08,4.37641E+08,4.39075E+08,4.40527E+08,4.42002E+08,4.435E+08,4.45027E+08,4.46577E+08,4.4815E+08,4.49751E+08,4.51383E+08,4.53047E+08,4.54734E+08,4.56443E+08,4.58179E+08,4.59942E+08,4.61724E+08,4.63518E+08,4.65318E+08,4.67122E+08,4.68948E+08,4.70803E+08,4.7269E+08,4.74611E+08,4.76562E+08,4.78545E+08,4.80572E+08,4.82627E+08,4.84712E+08,4.86824E+08,4.88955E+08,4.91106E+08,4.93286E+08,4.955E+08,4.97746E+08,5.00017E+08,5.02315E+08,5.04645E+08,5.07005E+08,5.09386E+08,5.11789E+08,5.14219E+08,5.16673E+08,5.1915E+08,5.21655E+08,5.24188E+08,5.26753E+08,5.29353E+08,5.32002E+08,5.34702E+08,5.37453E+08,5.40255E+08,5.43105E+08,5.46003E+08,5.4894E+08,5.51916E+08,5.54948E+08,5.58028E+08,5.61156E+08,5.64334E+08,5.6756E+08,5.7085E+08,5.74202E+08,5.77607E+08,5.81066E+08,5.84574E+08,5.8813E+08,5.91739E+08,5.95399E+08,5.99112E+08,6.02893E+08,6.06747E+08,6.10679E+08,6.14695E+08,6.18781E+08,6.2294E+08,6.27178E+08,6.31501E+08,6.35927E+08,6.40457E+08,6.45093E+08,6.49849E+08,6.54728E+08,6.59715E+08,6.648E+08,6.6998E+08,6.75244E+08,6.80584E+08,6.85997E+08,6.91497E+08,6.97086E+08,7.02744E+08,7.08458E+08,7.14225E+08,7.20021E+08,7.2585E+08,7.31691E+08,7.37515E+08,7.43275E+08,7.48885E+08,7.54389E+08,7.59848E+08,7.65279E+08,7.70676E+08,7.76054E+08,7.81484E+08,7.87021E+08,7.92597E+08,7.9817E+08,8.03723E+08,8.0926E+08,8.14792E+08,8.20304E+08,8.25802E+08,8.31263E+08,8.36687E+08,8.42079E+08,8.4745E+08,8.52793E+08,8.58091E+08,8.63367E+08,8.68641E+08,8.73901E+08,8.79128E+08,8.84316E+08,8.89462E+08,8.94545E+08,8.99481E+08,9.04244E+08,9.08922E+08,9.13554E+08,9.1813E+08,9.22651E+08,9.27131E+08,9.31592E+08,9.3602E+08,9.40413E+08,9.44781E+08,9.49133E+08,9.53479E+08,9.57834E+08,9.62245E+08,9.66714E+08,9.71168E+08,9.75599E+08,9.80011E+08,9.84403E+08,9.88771E+08,9.93113E+08,9.97458E+08,1.00181E+09,1.00617E+09,1.01052E+09,1.01489E+09,1.01926E+09,1.02365E+09,1.02803E+09,1.0324E+09,1.03676E+09,1.0411E+09,1.04542E+09,1.04971E+09,1.05396E+09,1.05818E+09,1.06235E+09,1.06648E+09,1.07058E+09,1.07464E+09,1.07866E+09,1.08264E+09,1.08658E+09,1.09047E+09,1.09434E+09,1.09818E+09,1.10199E+09,1.10578E+09,1.10956E+09,1.11332E+09,1.11707E+09,1.12081E+09,1.12449E+09,1.12811E+09,1.13173E+09,1.13537E+09,1.13902E+09,1.1427E+09,1.14641E+09,1.15021E+09,1.15407E+09,1.15795E+09,1.16184E+09,1.16572E+09,1.16959E+09,1.17345E+09,1.17731E+09,1.18114E+09,1.18497E+09,1.18879E+09,1.19258E+09,1.19637E+09,1.20016E+09,1.20394E+09,1.20771E+09,1.21148E+09,1.21523E+09,1.21898E+09,1.22271E+09,1.22642E+09,1.23011E+09,1.2338E+09,1.23748E+09,1.24115E+09,1.24481E+09,1.24846E+09,1.25211E+09,1.25574E+09,1.25935E+09,1.26294E+09,1.26651E+09,1.27006E+09,1.27359E+09,1.27709E+09,1.28057E+09,1.28403E+09,1.28747E+09,1.29087E+09,1.29425E+09,1.29759E+09,1.3009E+09,1.30419E+09,1.30747E+09,1.31075E+09,1.31403E+09,1.31731E+09,1.32057E+09,1.32384E+09,1.32709E+09,1.33034E+09,1.33357E+09,1.33678E+09,1.33999E+09,1.34319E+09,1.34637E+09,1.34955E+09,1.35271E+09,1.35587E+09,1.35902E+09,1.36216E+09,1.3653E+09,1.36844E+09,1.37158E+09,1.37473E+09,1.37788E+09,1.38102E+09,1.38418E+09,1.38734E+09,1.3905E+09,1.39367E+09,1.39683E+09,1.40002E+09,1.4032E+09,1.40639E+09,1.40958E+09,1.41277E+09,1.41597E+09,1.41914E+09,1.4223E+09,1.42546E+09,1.42861E+09,1.43176E+09,1.43492E+09,1.43806E+09,1.4412E+09,1.44433E+09,1.44745E+09,1.45056E+09,1.45369E+09,1.45682E+09,1.45995E+09,1.46307E+09,1.46619E+09,1.46931E+09,1.47242E+09,1.47553E+09,1.4786E+09,1.48159E+09,1.48457E+09,1.48757E+09,1.49056E+09,1.49355E+09,1.49654E+09,1.49956E+09,1.50261E+09,1.50561E+09,1.50856E+09,1.51147E+09,1.51436E+09,1.51724E+09,1.52014E+09,1.52304E+09,1.52594E+09,1.52881E+09,1.53166E+09,1.5345E+09,1.53732E+09,1.54012E+09,1.54292E+09,1.5457E+09,1.5485E+09,1.55129E+09,1.55405E+09,1.55681E+09,1.55956E+09,1.56227E+09,1.56494E+09,1.56754E+09,1.57011E+09,1.57264E+09,1.57513E+09,1.57756E+09,1.57995E+09,1.58236E+09,1.58483E+09,1.58736E+09,1.58996E+09,1.59262E+09,1.59538E+09,1.59824E+09,1.60118E+09,1.60419E+09,1.60728E+09,1.61047E+09,1.61378E+09,1.61721E+09,1.62077E+09,1.62449E+09,1.62838E+09,1.63245E+09,1.63671E+09,1.64117E+09,1.64582E+09,1.6507E+09,1.65581E+09,1.6612E+09,1.66686E+09,1.67279E+09,1.67898E+09,1.68544E+09,1.69217E+09,1.69915E+09,1.70638E+09,1.71383E+09,1.72145E+09,1.72922E+09,1.73714E+09,1.74519E+09,1.75337E+09,1.76161E+09,1.76993E+09,1.77833E+09,1.78679E+09,1.79527E+09,1.8038E+09,1.81238E+09,1.821E+09,1.82967E+09,1.83838E+09,1.84706E+09,1.85567E+09,1.86414E+09,1.87263E+09,1.88119E+09,1.88978E+09,1.89837E+09,1.907E+09,1.91574E+09,1.92463E+09,1.93358E+09,1.9425E+09,1.95139E+09,1.96023E+09,1.96903E+09,1.97769E+09,1.98618E+09,1.99459E+09,2.00299E+09,2.0114E+09,2.01978E+09,2.0281E+09,2.03642E+09,2.04478E+09,2.05309E+09,2.06134E+09,2.0695E+09,2.07757E+09,2.08554E+09,2.09343E+09,2.10125E+09,2.109E+09,2.11667E+09,2.12426E+09,2.13179E+09,2.13921E+09,2.14653E+09,2.15378E+09,2.16094E+09,2.16804E+09,2.17503E+09,2.18193E+09,2.18875E+09,2.19546E+09,2.20208E+09,2.20863E+09,2.2151E+09,2.2215E+09,2.22782E+09,2.23407E+09,2.24023E+09,2.2463E+09,2.25226E+09,2.25819E+09,2.26408E+09,2.26995E+09,2.27578E+09,2.28161E+09,2.28745E+09,2.29329E+09,2.29912E+09,2.30494E+09,2.31073E+09,2.31652E+09,2.32231E+09,2.3281E+09,2.3339E+09,2.33972E+09,2.34556E+09,2.35146E+09,2.35739E+09,2.36338E+09,2.36943E+09,2.37558E+09,2.38185E+09,2.38821E+09,2.39469E+09,2.40127E+09,2.40798E+09,2.41482E+09,2.42182E+09,2.42892E+09,2.43612E+09,2.4434E+09,2.45079E+09,2.4583E+09,2.46593E+09,2.47365E+09,2.48149E+09,2.4895E+09,2.49764E+09,2.50588E+09,2.5142E+09,2.52256E+09,2.53091E+09,2.53911E+09,2.54704E+09,2.55485E+09,2.5627E+09,2.57067E+09,2.57878E+09,2.58706E+09,2.59564E+09,2.60451E+09,2.61352E+09,2.62255E+09,2.63156E+09,2.64056E+09,2.64956E+09,2.65857E+09,2.66758E+09,2.67659E+09,2.68559E+09,2.6946E+09,2.70361E+09,2.71264E+09,2.72169E+09,2.73078E+09,2.73991E+09,2.74909E+09,2.75829E+09,2.76749E+09,2.77667E+09,2.7858E+09,2.79487E+09,2.80382E+09,2.81275E+09,2.82174E+09,2.83074E+09,2.83973E+09,2.84867E+09,2.85759E+09,2.8665E+09,2.8754E+09,2.8843E+09,2.8933E+09,2.9024E+09,2.91162E+09,2.92095E+09,2.93042E+09,2.93993E+09,2.94942E+09,2.95886E+09,2.96827E+09,2.97768E+09,2.9871E+09,2.99647E+09,3.00578E+09,3.01501E+09,3.02418E+09,3.03338E+09,3.04254E+09,3.05163E+09,3.0607E+09,3.06978E+09,3.07884E+09,3.08787E+09,3.0968E+09,3.10555E+09,3.11415E+09,3.12256E+09,3.13082E+09,3.13897E+09,3.14703E+09,3.15493E+09,3.16256E+09,3.16998E+09,3.17729E+09,3.18452E+09,3.19166E+09,3.19868E+09,3.20561E+09,3.21257E+09,3.21953E+09,3.22639E+09,3.23313E+09,3.23978E+09,3.2463E+09,3.25276E+09,3.25919E+09,3.26555E+09,3.27189E+09,3.27823E+09,3.28449E+09,3.29067E+09,3.29675E+09,3.30277E+09,3.3088E+09,3.31485E+09,3.32085E+09,3.32685E+09,3.33288E+09,3.33891E+09,3.3449E+09,3.35083E+09,3.35667E+09,3.36246E+09,3.36819E+09,3.37387E+09,3.37947E+09,3.38498E+09,3.39041E+09,3.39578E+09,3.40112E+09,3.40645E+09,3.41177E+09,3.4171E+09,3.42246E+09,3.42785E+09,3.43325E+09,3.43866E+09,3.44405E+09,3.44944E+09,3.45479E+09,3.46008E+09,3.46534E+09,3.47057E+09,3.47581E+09,3.48103E+09,3.48623E+09,3.49142E+09,3.49661E+09,3.50179E+09,3.50697E+09,3.51214E+09,3.51732E+09,3.52253E+09,3.52781E+09,3.53313E+09,3.53848E+09,3.54385E+09,3.54924E+09,3.55462E+09,3.55996E+09,3.56523E+09,3.57048E+09,3.57572E+09,3.58096E+09,3.58621E+09,3.59151E+09,3.59684E+09,3.60214E+09,3.60739E+09,3.61266E+09,3.61797E+09,3.62331E+09,3.62871E+09,3.63425E+09,3.64002E+09,3.64597E+09,3.65205E+09,3.65823E+09,3.66445E+09,3.67066E+09,3.67685E+09,3.68299E+09,3.6891E+09,3.69516E+09,3.70121E+09,3.70731E+09,3.71344E+09,3.71961E+09,3.72584E+09,3.73212E+09,3.73844E+09,3.74477E+09,3.75111E+09,3.75747E+09,3.76384E+09,3.77023E+09,3.77664E+09,3.7831E+09,3.7896E+09,3.79613E+09,3.80267E+09,3.8092E+09,3.81572E+09,3.82221E+09,3.82864E+09,3.83499E+09,3.8413E+09,3.84756E+09,3.85366E+09,3.85967E+09,3.86562E+09,3.87154E+09,3.87748E+09,3.88344E+09,3.88946E+09,3.89556E+09,3.90163E+09,3.90757E+09,3.91332E+09,3.91892E+09,3.9245E+09,3.93006E+09,3.93556E+09,3.941E+09,3.9465E+09,3.95216E+09,3.95797E+09,3.96384E+09,3.96971E+09,3.97553E+09,3.98131E+09,3.98713E+09,3.99299E+09,3.99893E+09,4.00493E+09,4.01099E+09,4.01714E+09,4.02333E+09,4.02956E+09,4.03584E+09,4.0422E+09,4.04866E+09,4.05518E+09,4.06179E+09,4.06861E+09,4.0756E+09,4.08268E+09,4.08983E+09,4.09703E+09,4.10434E+09,4.11175E+09,4.11919E+09,4.12663E+09,4.1341E+09,4.1416E+09,4.14911E+09,4.15661E+09,4.16406E+09,4.17147E+09,4.17889E+09,4.18629E+09,4.19366E+09,4.20101E+09,4.20834E+09,4.21566E+09,4.22292E+09,4.23006E+09,4.23714E+09,4.24416E+09,4.2511E+09,4.25796E+09,4.26475E+09,4.2715E+09,4.27821E+09,4.28482E+09,4.29133E+09,4.29776E+09,4.30409E+09,4.31032E+09,4.31645E+09,4.3225E+09,4.32848E+09,4.33437E+09,4.34018E+09,4.34591E+09,4.35157E+09,4.35717E+09,4.36269E+09,4.36813E+09,4.37352E+09,4.37885E+09,4.38412E+09,4.38937E+09,4.39459E+09,4.39978E+09,4.40494E+09,4.41004E+09,4.41511E+09,4.42015E+09,4.42517E+09,4.43019E+09,4.43518E+09,4.44017E+09,4.44513E+09,4.45007E+09,4.45495E+09,4.45977E+09,4.46457E+09,4.46939E+09,4.47422E+09,4.47906E+09,4.48391E+09,4.48879E+09,4.49374E+09,4.49869E+09,4.50365E+09,4.5086E+09,4.51357E+09,4.51855E+09,4.52354E+09,4.52856E+09,4.53359E+09,4.53863E+09,4.54368E+09,4.54867E+09,4.5538E+09,4.55894E+09,4.56411E+09,4.56931E+09,4.57454E+09,4.5798E+09,4.58509E+09,4.59041E+09,4.59577E+09,4.60115E+09,4.60657E+09,4.61201E+09,4.61748E+09,4.62299E+09,4.62852E+09,4.63408E+09,4.63967E+09,4.64528E+09,4.65092E+09,4.65658E+09,4.66227E+09,4.66797E+09,4.6737E+09,4.67945E+09,4.68521E+09
"Cost of Hospitalizations Cumulative[Indiana]",0,0,0,0,0,0,0,0,0,0,0,0,0,0,0,0,0,0,0,0,0,0,0,0,0,0,0,0,0,0,0,0,0,0,0,0,0,0,0,0,0,1.13014,6.80897,20.8977,47.7423,92.4202,160.968,260.748,401.11,594.152,855.715,1207.03,1676.86,2304.87,3146.89,4280.58,5809.78,7869.45,10632.4,14325.6,19261.9,25880.1,34800.8,46888,63331.6,85758.8,116300,157561,212900,286650,384295,512994,682149,904047,1.19429E+06,1.57176E+06,2.05811E+06,2.67654E+06,3.45272E+06,4.4161E+06,5.59889E+06,7.03362E+06,8.75083E+06,1.0731E+07,1.2882E+07,1.51322E+07,1.74363E+07,1.97648E+07,2.20986E+07,2.44261E+07,2.67399E+07,2.90359E+07,3.1312E+07,3.35681E+07,3.58045E+07,3.80231E+07,4.02264E+07,4.24169E+07,4.45964E+07,4.67657E+07,4.89256E+07,5.10774E+07,5.32225E+07,5.53614E+07,5.74941E+07,5.96202E+07,6.17395E+07,6.38516E+07,6.5956E+07,6.80567E+07,7.01643E+07,7.22885E+07,7.44145E+07,7.65152E+07,7.86034E+07,8.06929E+07,8.27916E+07,8.4873E+07,8.69401E+07,8.89938E+07,9.10406E+07,9.30835E+07,9.51065E+07,9.71024E+07,9.90887E+07,1.01081E+08,1.03092E+08,1.05137E+08,1.07219E+08,1.09316E+08,1.11413E+08,1.13537E+08,1.15696E+08,1.17893E+08,1.20104E+08,1.22305E+08,1.24471E+08,1.26585E+08,1.28664E+08,1.30711E+08,1.32716E+08,1.34685E+08,1.36606E+08,1.38484E+08,1.40329E+08,1.42129E+08,1.43891E+08,1.45629E+08,1.47347E+08,1.49053E+08,1.50731E+08,1.52367E+08,1.53978E+08,1.55576E+08,1.5715E+08,1.58688E+08,1.60193E+08,1.61675E+08,1.63142E+08,1.64592E+08,1.6602E+08,1.67433E+08,1.68833E+08,1.70207E+08,1.71564E+08,1.72909E+08,1.74252E+08,1.75586E+08,1.7691E+08,1.7823E+08,1.79552E+08,1.80866E+08,1.82162E+08,1.83433E+08,1.84682E+08,1.85914E+08,1.87124E+08,1.88315E+08,1.89491E+08,1.90661E+08,1.91817E+08,1.92954E+08,1.94077E+08,1.9519E+08,1.963E+08,1.97398E+08,1.98482E+08,1.99558E+08,2.0063E+08,2.01687E+08,2.02724E+08,2.03743E+08,2.04749E+08,2.05736E+08,2.06704E+08,2.07658E+08,2.08591E+08,2.09519E+08,2.10433E+08,2.11327E+08,2.12211E+08,2.1309E+08,2.13959E+08,2.1483E+08,2.15691E+08,2.16535E+08,2.17362E+08,2.18173E+08,2.18967E+08,2.19756E+08,2.20546E+08,2.21333E+08,2.22132E+08,2.22939E+08,2.23751E+08,2.24565E+08,2.25369E+08,2.26154E+08,2.2693E+08,2.27696E+08,2.28458E+08,2.29208E+08,2.2994E+08,2.30663E+08,2.31379E+08,2.32082E+08,2.32771E+08,2.33446E+08,2.34112E+08,2.34771E+08,2.35419E+08,2.36062E+08,2.36704E+08,2.37341E+08,2.37974E+08,2.38601E+08,2.39227E+08,2.39854E+08,2.40481E+08,2.41113E+08,2.41752E+08,2.42406E+08,2.43088E+08,2.43794E+08,2.4453E+08,2.45299E+08,2.46098E+08,2.46936E+08,2.47815E+08,2.48731E+08,2.49693E+08,2.50705E+08,2.51776E+08,2.5291E+08,2.54106E+08,2.5536E+08,2.56679E+08,2.58074E+08,2.5954E+08,2.61084E+08,2.62691E+08,2.64334E+08,2.6599E+08,2.67636E+08,2.69266E+08,2.70877E+08,2.72465E+08,2.74026E+08,2.75566E+08,2.77087E+08,2.78572E+08,2.80016E+08,2.81424E+08,2.82804E+08,2.84151E+08,2.85466E+08,2.86741E+08,2.87992E+08,2.89221E+08,2.90422E+08,2.91597E+08,2.92755E+08,2.93896E+08,2.9502E+08,2.96127E+08,2.97222E+08,2.98306E+08,2.9939E+08,3.00477E+08,3.01546E+08,3.02604E+08,3.0365E+08,3.0468E+08,3.05697E+08,3.06689E+08,3.07649E+08,3.08599E+08,3.09535E+08,3.1045E+08,3.11347E+08,3.12224E+08,3.13101E+08,3.14018E+08,3.14946E+08,3.15865E+08,3.16776E+08,3.17682E+08,3.1858E+08,3.1947E+08,3.2034E+08,3.21187E+08,3.2203E+08,3.22872E+08,3.23712E+08,3.24554E+08,3.25397E+08,3.26239E+08,3.27087E+08,3.27946E+08,3.28818E+08,3.29704E+08,3.30605E+08,3.3153E+08,3.32478E+08,3.3345E+08,3.34446E+08,3.35467E+08,3.36529E+08,3.37642E+08,3.38813E+08,3.4005E+08,3.41367E+08,3.42777E+08,3.44284E+08,3.45884E+08,3.47583E+08,3.4939E+08,3.5131E+08,3.53332E+08,3.55422E+08,3.57545E+08,3.59705E+08,3.61883E+08,3.64064E+08,3.66234E+08,3.68396E+08,3.70548E+08,3.72709E+08,3.7488E+08,3.77046E+08,3.79194E+08,3.81329E+08,3.83489E+08,3.85673E+08,3.87881E+08,3.90106E+08,3.92367E+08,3.94684E+08,3.97055E+08,3.99461E+08,4.01909E+08,4.04408E+08,4.06964E+08,4.09579E+08,4.12252E+08,4.14981E+08,4.17765E+08,4.20603E+08,4.23486E+08,4.26425E+08,4.29425E+08,4.32482E+08,4.35601E+08,4.38776E+08,4.42006E+08,4.45293E+08,4.48614E+08,4.5196E+08,4.55325E+08,4.58674E+08,4.6202E+08,4.65389E+08,4.68765E+08,4.72166E+08,4.75614E+08,4.79134E+08,4.82766E+08,4.86494E+08,4.90282E+08,4.94139E+08,4.98057E+08,5.02031E+08,5.06044E+08,5.10083E+08,5.14139E+08,5.18196E+08,5.22237E+08,5.2626E+08,5.30224E+08,5.34116E+08,5.37985E+08,5.41764E+08,5.4544E+08,5.491E+08,5.5276E+08,5.5647E+08,5.60225E+08,5.63924E+08,5.6759E+08,5.71251E+08,5.74849E+08,5.78414E+08,5.81964E+08,5.85512E+08,5.89052E+08,5.92574E+08,5.96105E+08,5.99663E+08,6.03229E+08,6.06753E+08,6.10211E+08,6.13698E+08,6.17267E+08,6.20864E+08,6.24429E+08,6.27937E+08,6.31369E+08,6.34798E+08,6.3824E+08,6.41592E+08,6.44859E+08,6.48124E+08,6.51419E+08,6.54837E+08,6.58307E+08,6.61719E+08,6.6513E+08,6.68563E+08,6.7203E+08,6.75524E+08,6.78983E+08,6.82395E+08,6.85796E+08,6.89223E+08,6.92637E+08,6.95968E+08,6.99209E+08,7.02406E+08,7.05611E+08,7.08781E+08,7.11899E+08,7.14978E+08,7.18023E+08,7.21091E+08,7.24156E+08,7.27165E+08,7.30145E+08,7.33106E+08,7.36067E+08,7.39011E+08,7.41884E+08,7.44664E+08,7.47356E+08,7.49981E+08,7.52549E+08,7.55057E+08,7.57536E+08,7.59994E+08,7.62452E+08,7.64925E+08,7.67415E+08,7.69923E+08,7.72434E+08,7.74918E+08,7.77405E+08,7.79911E+08,7.82416E+08,7.84891E+08,7.87323E+08,7.89722E+08,7.92101E+08,7.94444E+08,7.96719E+08,7.98918E+08,8.01092E+08,8.03255E+08,8.05407E+08,8.07545E+08,8.09676E+08,8.11837E+08,8.14031E+08,8.16209E+08,8.18368E+08,8.20508E+08,8.22633E+08,8.24735E+08,8.26798E+08,8.28862E+08,8.30899E+08,8.32905E+08,8.34949E+08,8.37029E+08,8.3916E+08,8.41349E+08,8.43558E+08,8.4581E+08,8.48099E+08,8.50367E+08,8.52622E+08,8.54867E+08,8.57087E+08,8.59212E+08,8.61185E+08,8.63048E+08,8.64894E+08,8.66787E+08,8.68719E+08,8.70701E+08,8.7281E+08,8.75102E+08,8.77514E+08,8.79948E+08,8.82371E+08,8.8479E+08,8.87216E+08,8.89647E+08,8.92056E+08,8.9445E+08,8.96866E+08,8.99291E+08,9.01731E+08,9.04174E+08,9.0663E+08,9.09118E+08,9.11624E+08,9.14138E+08,9.16666E+08,9.19195E+08,9.21724E+08,9.2425E+08,9.26765E+08,9.29284E+08,9.31809E+08,9.34336E+08,9.36845E+08,9.39313E+08,9.41735E+08,9.44127E+08,9.4649E+08,9.48799E+08,9.51066E+08,9.53288E+08,9.55462E+08,9.57586E+08,9.59639E+08,9.61622E+08,9.63573E+08,9.65493E+08,9.67375E+08,9.69218E+08,9.71067E+08,9.72955E+08,9.74799E+08,9.76609E+08,9.7839E+08,9.80133E+08,9.81833E+08,9.83465E+08,9.85018E+08,9.86565E+08,9.88105E+08,9.89643E+08,9.91187E+08,9.9274E+08,9.94279E+08,9.95792E+08,9.97287E+08,9.9877E+08,1.00024E+09,1.00171E+09,1.00318E+09,1.00463E+09,1.00609E+09,1.00755E+09,1.00902E+09,1.01051E+09,1.012E+09,1.01351E+09,1.01504E+09,1.01659E+09,1.01816E+09,1.01974E+09,1.02134E+09,1.02297E+09,1.02461E+09,1.02626E+09,1.02793E+09,1.02961E+09,1.03132E+09,1.03304E+09,1.03477E+09,1.03652E+09,1.03831E+09,1.04013E+09,1.04198E+09,1.04387E+09,1.0458E+09,1.04779E+09,1.04982E+09,1.05189E+09,1.05398E+09,1.0561E+09,1.05825E+09,1.06042E+09,1.06259E+09,1.06476E+09,1.06692E+09,1.06908E+09,1.07123E+09,1.07335E+09,1.07545E+09,1.07754E+09,1.07962E+09,1.08169E+09,1.08377E+09,1.08585E+09,1.08796E+09,1.09009E+09,1.09224E+09,1.09443E+09,1.09669E+09,1.09901E+09,1.1014E+09,1.10384E+09,1.10635E+09,1.10895E+09,1.11166E+09,1.11447E+09,1.11739E+09,1.12043E+09,1.12358E+09,1.12683E+09,1.1302E+09,1.1337E+09,1.13736E+09,1.14117E+09,1.1451E+09,1.14914E+09,1.15328E+09,1.15753E+09,1.16187E+09,1.16631E+09,1.17082E+09,1.1754E+09,1.18003E+09,1.18472E+09,1.18945E+09,1.19423E+09,1.19903E+09,1.20388E+09,1.20878E+09,1.21372E+09,1.21868E+09,1.22361E+09,1.22853E+09,1.23346E+09,1.23845E+09,1.24351E+09,1.24861E+09,1.25376E+09,1.25901E+09,1.26433E+09,1.26969E+09,1.27505E+09,1.2804E+09,1.28578E+09,1.29118E+09,1.2966E+09,1.30204E+09,1.30751E+09,1.31298E+09,1.31846E+09,1.32397E+09,1.32948E+09,1.33501E+09,1.34056E+09,1.34611E+09,1.35168E+09,1.35728E+09,1.3629E+09,1.36853E+09,1.37418E+09,1.37985E+09,1.38555E+09,1.39126E+09,1.39697E+09,1.4027E+09,1.40846E+09,1.41424E+09,1.42001E+09,1.42578E+09,1.43154E+09,1.43732E+09,1.44311E+09,1.44889E+09,1.45471E+09,1.46055E+09,1.4664E+09,1.47227E+09,1.47816E+09,1.48407E+09,1.48998E+09,1.4959E+09,1.50184E+09,1.50779E+09,1.51373E+09,1.51968E+09,1.52564E+09,1.5316E+09,1.53756E+09,1.54353E+09,1.54953E+09,1.55555E+09,1.56159E+09,1.56766E+09,1.57375E+09,1.57984E+09,1.58596E+09,1.59208E+09,1.5982E+09,1.60432E+09,1.61044E+09,1.61654E+09,1.62265E+09,1.62875E+09,1.63485E+09,1.64097E+09,1.64707E+09,1.65317E+09,1.65925E+09,1.66529E+09,1.6713E+09,1.67724E+09,1.68306E+09,1.68877E+09,1.69445E+09,1.70012E+09,1.70578E+09,1.71144E+09,1.71712E+09,1.7229E+09,1.72874E+09,1.73454E+09,1.7403E+09,1.746E+09,1.75165E+09,1.75726E+09,1.76281E+09,1.76832E+09,1.77376E+09,1.77915E+09,1.78449E+09,1.78978E+09,1.79501E+09,1.80019E+09,1.80532E+09,1.81041E+09,1.81547E+09,1.8205E+09,1.82552E+09,1.83051E+09,1.83546E+09,1.84036E+09,1.84515E+09,1.84986E+09,1.85464E+09,1.85963E+09,1.8641E+09,1.8686E+09,1.8731E+09,1.87758E+09,1.88208E+09,1.88694E+09,1.89213E+09,1.89662E+09,1.90121E+09,1.90586E+09,1.91053E+09,1.91523E+09,1.92014E+09,1.92532E+09,1.92997E+09,1.93461E+09,1.93925E+09,1.94388E+09,1.94852E+09,1.95335E+09,1.95849E+09,1.96302E+09,1.9676E+09,1.97222E+09,1.97684E+09,1.9814E+09,1.98613E+09,1.99113E+09,1.99536E+09,1.99955E+09,2.00389E+09,2.00808E+09,2.01208E+09,2.01617E+09,2.02046E+09,2.02428E+09,2.028E+09,2.03164E+09,2.03523E+09,2.03879E+09,2.04229E+09,2.04571E+09,2.0491E+09,2.0525E+09,2.05593E+09,2.0593E+09,2.06265E+09,2.06601E+09,2.06936E+09,2.07272E+09,2.07608E+09,2.07946E+09,2.08284E+09,2.08621E+09,2.08956E+09,2.09286E+09,2.09614E+09,2.09941E+09,2.10268E+09,2.10595E+09,2.10922E+09,2.11249E+09,2.11578E+09,2.11909E+09,2.12241E+09,2.12573E+09,2.12903E+09,2.13233E+09,2.13562E+09,2.13888E+09,2.1421E+09,2.14529E+09,2.14845E+09,2.15161E+09,2.15476E+09,2.15794E+09,2.16113E+09,2.16435E+09,2.16759E+09,2.17084E+09,2.17409E+09,2.17734E+09,2.18057E+09,2.18378E+09,2.18698E+09,2.19018E+09,2.19337E+09,2.19655E+09,2.19974E+09,2.20293E+09,2.2061E+09,2.20927E+09,2.21243E+09,2.2156E+09,2.21876E+09,2.22193E+09,2.22509E+09,2.22824E+09,2.23138E+09,2.2345E+09,2.23761E+09,2.24072E+09,2.24383E+09,2.24696E+09,2.2501E+09,2.25326E+09,2.25644E+09,2.25963E+09,2.26285E+09,2.26608E+09,2.26932E+09,2.27257E+09,2.27584E+09,2.27913E+09,2.28246E+09,2.28582E+09,2.28922E+09,2.2927E+09,2.29623E+09,2.2998E+09,2.30342E+09,2.30706E+09,2.31072E+09,2.3144E+09,2.31808E+09,2.32176E+09,2.32546E+09,2.3292E+09,2.33296E+09,2.33674E+09,2.34054E+09,2.34438E+09,2.34824E+09,2.35213E+09,2.35604E+09,2.35996E+09,2.3639E+09,2.36786E+09,2.37185E+09,2.37586E+09,2.37989E+09,2.38395E+09,2.38802E+09,2.39214E+09,2.39626E+09,2.40041E+09,2.40456E+09,2.40872E+09,2.41288E+09,2.41706E+09,2.42125E+09,2.42545E+09,2.42963E+09,2.43381E+09,2.43806E+09,2.44238E+09,2.44655E+09,2.45077E+09,2.45498E+09,2.45924E+09,2.46354E+09,2.46779E+09,2.47205E+09,2.47632E+09,2.48063E+09,2.48496E+09,2.48931E+09,2.49373E+09,2.49814E+09,2.5026E+09,2.50708E+09,2.51157E+09,2.51608E+09,2.52064E+09,2.52524E+09,2.52985E+09,2.53449E+09,2.53911E+09,2.54373E+09,2.54836E+09,2.55303E+09,2.55773E+09,2.56239E+09,2.5671E+09,2.57183E+09,2.57662E+09,2.58139E+09,2.58618E+09,2.59097E+09,2.59591E+09,2.60091E+09,2.60575E+09,2.61069E+09,2.61556E+09,2.62046E+09,2.6254E+09,2.63035E+09,2.63532E+09,2.64023E+09,2.64517E+09,2.65E+09,2.65497E+09,2.66015E+09,2.66507E+09,2.66997E+09,2.67503E+09,2.68013E+09,2.68511E+09,2.69012E+09,2.69514E+09,2.7002E+09,2.70529E+09,2.71026E+09,2.71526E+09,2.72015E+09,2.72501E+09,2.72989E+09,2.73473E+09,2.7396E+09,2.74442E+09,2.74926E+09,2.75393E+09,2.75862E+09,2.76332E+09,2.76801E+09,2.77272E+09,2.7773E+09,2.78191E+09,2.7864E+09,2.79086E+09,2.79531E+09,2.79973E+09,2.80415E+09,2.80854E+09,2.81294E+09,2.8172E+09,2.82146E+09,2.8257E+09,2.82996E+09,2.83425E+09,2.83843E+09,2.84265E+09,2.84678E+09,2.85092E+09,2.85507E+09,2.8592E+09,2.86336E+09,2.86746E+09,2.8716E+09,2.8757E+09,2.8798E+09,2.88391E+09,2.88816E+09,2.89247E+09,2.89661E+09,2.90083E+09,2.90504E+09,2.9093E+09,2.9136E+09,2.91793E+09,2.92228E+09,2.92665E+09,2.93106E+09,2.9355E+09,2.93996E+09,2.94443E+09,2.94885E+09,2.95326E+09,2.95772E+09,2.96239E+09,2.967E+09,2.97161E+09,2.97622E+09,2.98082E+09,2.98542E+09,2.99001E+09,2.99458E+09,2.99915E+09,3.00369E+09,3.00822E+09,3.01272E+09,3.01721E+09,3.02166E+09,3.0261E+09,3.0305E+09,3.03487E+09,3.03921E+09,3.04352E+09,3.04781E+09,3.05206E+09,3.05628E+09,3.06048E+09,3.06465E+09,3.0688E+09
"Cost of Hospitalizations Cumulative[Iowa]",0,0,0,0,0,0,0,0,0,0,0,0,0,0,0,0,0,0,0,0,0,0,0,0,0,0,0,0,0.486429,3.893,12.7055,29.1362,55.275,93.191,144.984,212.855,299.147,406.234,536.497,692.473,877.388,1095.76,1352.97,1655.16,2009.11,2421.92,2900.93,3454.33,4091.72,4824.26,5665.42,6632.01,7745.12,9030.56,10519.7,12248.1,14253.8,16578.4,19269,22382,25990.7,30192.9,35109.7,40886.9,47699.8,55757,65296.2,76579.7,89900.8,105573,123885,145160,169782,198202,230925,268455,311259,359781,414482,475866,544465,620816,705526,799322,903107,1.01792E+06,1.14488E+06,1.28523E+06,1.44041E+06,1.61201E+06,1.80171E+06,2.01123E+06,2.24258E+06,2.49783E+06,2.77913E+06,3.08886E+06,3.42938E+06,3.80259E+06,4.20979E+06,4.65183E+06,5.12966E+06,5.64443E+06,6.19693E+06,6.78723E+06,7.41479E+06,8.07893E+06,8.77895E+06,9.51376E+06,1.02824E+07,1.10831E+07,1.19148E+07,1.27775E+07,1.36713E+07,1.45976E+07,1.55528E+07,1.65357E+07,1.75541E+07,1.86096E+07,1.96875E+07,2.07775E+07,2.18804E+07,2.29951E+07,2.41157E+07,2.52444E+07,2.63722E+07,2.74946E+07,2.86173E+07,2.97274E+07,3.08193E+07,3.1912E+07,3.30019E+07,3.40614E+07,3.51009E+07,3.61265E+07,3.71405E+07,3.81523E+07,3.91528E+07,4.01178E+07,4.10724E+07,4.20244E+07,4.29351E+07,4.38259E+07,4.47151E+07,4.55947E+07,4.64552E+07,4.72981E+07,4.81355E+07,4.89688E+07,4.97963E+07,5.06217E+07,5.14352E+07,5.22315E+07,5.30207E+07,5.38393E+07,5.46455E+07,5.5429E+07,5.62401E+07,5.70552E+07,5.79039E+07,5.87674E+07,5.96375E+07,6.05649E+07,6.1524E+07,6.25018E+07,6.34947E+07,6.44945E+07,6.54906E+07,6.64863E+07,6.74896E+07,6.85068E+07,6.95365E+07,7.05674E+07,7.15983E+07,7.26189E+07,7.36337E+07,7.4639E+07,7.56277E+07,7.65987E+07,7.75429E+07,7.84605E+07,7.93568E+07,8.02274E+07,8.10725E+07,8.18853E+07,8.26661E+07,8.34293E+07,8.41737E+07,8.48956E+07,8.55966E+07,8.6281E+07,8.69511E+07,8.76045E+07,8.82426E+07,8.88658E+07,8.94736E+07,9.00681E+07,9.06463E+07,9.12131E+07,9.17738E+07,9.23337E+07,9.28912E+07,9.34494E+07,9.40101E+07,9.45744E+07,9.51394E+07,9.5697E+07,9.62432E+07,9.67896E+07,9.73394E+07,9.78889E+07,9.84372E+07,9.89885E+07,9.95502E+07,1.00117E+08,1.00677E+08,1.01235E+08,1.01795E+08,1.02357E+08,1.02922E+08,1.03489E+08,1.04061E+08,1.04639E+08,1.05222E+08,1.05813E+08,1.06413E+08,1.0702E+08,1.07638E+08,1.08266E+08,1.08899E+08,1.09539E+08,1.10187E+08,1.10841E+08,1.11504E+08,1.12169E+08,1.12829E+08,1.13493E+08,1.14168E+08,1.14856E+08,1.15559E+08,1.16268E+08,1.16984E+08,1.17715E+08,1.18457E+08,1.19204E+08,1.19951E+08,1.20702E+08,1.21458E+08,1.2222E+08,1.22988E+08,1.23758E+08,1.24532E+08,1.25314E+08,1.26099E+08,1.26885E+08,1.27672E+08,1.28465E+08,1.29265E+08,1.30059E+08,1.30846E+08,1.31639E+08,1.32442E+08,1.33248E+08,1.34058E+08,1.3487E+08,1.35701E+08,1.36548E+08,1.37399E+08,1.38252E+08,1.39108E+08,1.3997E+08,1.40835E+08,1.41699E+08,1.42561E+08,1.43425E+08,1.44294E+08,1.45168E+08,1.46045E+08,1.46926E+08,1.47813E+08,1.48707E+08,1.49602E+08,1.50501E+08,1.51402E+08,1.52305E+08,1.53209E+08,1.54114E+08,1.55023E+08,1.55947E+08,1.56872E+08,1.57803E+08,1.58743E+08,1.59684E+08,1.6063E+08,1.61575E+08,1.62517E+08,1.63475E+08,1.64439E+08,1.65405E+08,1.66372E+08,1.67338E+08,1.68305E+08,1.69282E+08,1.70259E+08,1.71242E+08,1.72231E+08,1.73228E+08,1.74241E+08,1.75266E+08,1.76297E+08,1.77335E+08,1.7838E+08,1.79433E+08,1.80492E+08,1.81561E+08,1.8264E+08,1.83725E+08,1.84816E+08,1.8591E+08,1.87009E+08,1.8811E+08,1.89214E+08,1.9032E+08,1.91429E+08,1.92541E+08,1.93655E+08,1.9477E+08,1.95886E+08,1.97004E+08,1.98129E+08,1.99261E+08,2.00396E+08,2.01535E+08,2.02676E+08,2.03818E+08,2.04958E+08,2.0609E+08,2.07218E+08,2.08343E+08,2.09465E+08,2.10585E+08,2.11704E+08,2.12824E+08,2.13946E+08,2.15067E+08,2.16185E+08,2.17306E+08,2.18427E+08,2.19552E+08,2.20682E+08,2.21818E+08,2.22965E+08,2.24124E+08,2.25296E+08,2.26483E+08,2.27681E+08,2.28894E+08,2.30126E+08,2.31376E+08,2.32645E+08,2.33931E+08,2.35234E+08,2.36554E+08,2.37892E+08,2.39245E+08,2.40609E+08,2.41985E+08,2.43374E+08,2.44772E+08,2.46175E+08,2.47584E+08,2.48994E+08,2.50405E+08,2.51816E+08,2.53223E+08,2.54625E+08,2.56023E+08,2.57413E+08,2.5879E+08,2.60147E+08,2.61472E+08,2.62773E+08,2.64048E+08,2.65298E+08,2.66525E+08,2.67738E+08,2.68948E+08,2.70159E+08,2.71355E+08,2.72541E+08,2.73715E+08,2.7488E+08,2.76036E+08,2.77178E+08,2.78311E+08,2.79441E+08,2.80568E+08,2.81697E+08,2.82825E+08,2.83955E+08,2.85093E+08,2.86242E+08,2.87398E+08,2.88562E+08,2.89733E+08,2.90914E+08,2.92102E+08,2.93289E+08,2.94464E+08,2.95623E+08,2.96785E+08,2.97958E+08,2.9913E+08,3.00294E+08,3.01476E+08,3.02678E+08,3.03896E+08,3.05126E+08,3.06371E+08,3.07638E+08,3.0893E+08,3.10236E+08,3.11563E+08,3.12918E+08,3.14284E+08,3.15654E+08,3.17032E+08,3.18418E+08,3.1981E+08,3.21205E+08,3.22597E+08,3.23987E+08,3.25381E+08,3.26769E+08,3.28146E+08,3.29523E+08,3.309E+08,3.32274E+08,3.33642E+08,3.34996E+08,3.36337E+08,3.37664E+08,3.38969E+08,3.40248E+08,3.41513E+08,3.42761E+08,3.43991E+08,3.45208E+08,3.46416E+08,3.47604E+08,3.48769E+08,3.4991E+08,3.51038E+08,3.52158E+08,3.5327E+08,3.54375E+08,3.5547E+08,3.56564E+08,3.5766E+08,3.58755E+08,3.59849E+08,3.60938E+08,3.62023E+08,3.63113E+08,3.64212E+08,3.65313E+08,3.66417E+08,3.67527E+08,3.6865E+08,3.69787E+08,3.70931E+08,3.72081E+08,3.73234E+08,3.74389E+08,3.75547E+08,3.76701E+08,3.77852E+08,3.79002E+08,3.80147E+08,3.81292E+08,3.82436E+08,3.8358E+08,3.8473E+08,3.85881E+08,3.87032E+08,3.88186E+08,3.89342E+08,3.90498E+08,3.91653E+08,3.92801E+08,3.93942E+08,3.95078E+08,3.96211E+08,3.97343E+08,3.98477E+08,3.99613E+08,4.00756E+08,4.01903E+08,4.03054E+08,4.04207E+08,4.05362E+08,4.06516E+08,4.07668E+08,4.08815E+08,4.09954E+08,4.11092E+08,4.12228E+08,4.13364E+08,4.14494E+08,4.1562E+08,4.16747E+08,4.17877E+08,4.19002E+08,4.20125E+08,4.21245E+08,4.22362E+08,4.23471E+08,4.24571E+08,4.25668E+08,4.26763E+08,4.27854E+08,4.28945E+08,4.30036E+08,4.31134E+08,4.32238E+08,4.3334E+08,4.3444E+08,4.35537E+08,4.36632E+08,4.37723E+08,4.38813E+08,4.39899E+08,4.4098E+08,4.42058E+08,4.43132E+08,4.44201E+08,4.4527E+08,4.46337E+08,4.47401E+08,4.4846E+08,4.49513E+08,4.50565E+08,4.51618E+08,4.52668E+08,4.53715E+08,4.54755E+08,4.55792E+08,4.56826E+08,4.57856E+08,4.5888E+08,4.59903E+08,4.60927E+08,4.61947E+08,4.62959E+08,4.63965E+08,4.6497E+08,4.65972E+08,4.66974E+08,4.67976E+08,4.68975E+08,4.69969E+08,4.70957E+08,4.71941E+08,4.72923E+08,4.73903E+08,4.74874E+08,4.75831E+08,4.76785E+08,4.77745E+08,4.78709E+08,4.79672E+08,4.80636E+08,4.81605E+08,4.82584E+08,4.8356E+08,4.84526E+08,4.85484E+08,4.86432E+08,4.87376E+08,4.88315E+08,4.89245E+08,4.90166E+08,4.91081E+08,4.91992E+08,4.92904E+08,4.93811E+08,4.94718E+08,4.95621E+08,4.9652E+08,4.97415E+08,4.98307E+08,4.99196E+08,5.00084E+08,5.0097E+08,5.01856E+08,5.02743E+08,5.03629E+08,5.04516E+08,5.05408E+08,5.06307E+08,5.07206E+08,5.08107E+08,5.09024E+08,5.09963E+08,5.10923E+08,5.11903E+08,5.12902E+08,5.13931E+08,5.14989E+08,5.16067E+08,5.17165E+08,5.18284E+08,5.19425E+08,5.20592E+08,5.21783E+08,5.23004E+08,5.24253E+08,5.25526E+08,5.26828E+08,5.28152E+08,5.29492E+08,5.3085E+08,5.32222E+08,5.33606E+08,5.35002E+08,5.36404E+08,5.37809E+08,5.39217E+08,5.40626E+08,5.42037E+08,5.43447E+08,5.44856E+08,5.46264E+08,5.47671E+08,5.49072E+08,5.50464E+08,5.5185E+08,5.53229E+08,5.54598E+08,5.55956E+08,5.573E+08,5.5863E+08,5.59951E+08,5.61265E+08,5.62572E+08,5.63875E+08,5.65171E+08,5.66465E+08,5.6776E+08,5.69054E+08,5.70345E+08,5.71642E+08,5.72944E+08,5.74254E+08,5.75571E+08,5.76898E+08,5.78229E+08,5.7957E+08,5.80922E+08,5.8229E+08,5.83674E+08,5.85069E+08,5.86472E+08,5.87878E+08,5.89286E+08,5.90706E+08,5.92138E+08,5.93585E+08,5.95047E+08,5.96521E+08,5.9801E+08,5.99518E+08,6.0104E+08,6.02573E+08,6.04111E+08,6.05653E+08,6.07201E+08,6.08756E+08,6.10314E+08,6.11872E+08,6.1343E+08,6.14988E+08,6.16546E+08,6.181E+08,6.19648E+08,6.21191E+08,6.22728E+08,6.24258E+08,6.25778E+08,6.27289E+08,6.28791E+08,6.30285E+08,6.31766E+08,6.33235E+08,6.34694E+08,6.3614E+08,6.37576E+08,6.39006E+08,6.40425E+08,6.41838E+08,6.43244E+08,6.44638E+08,6.46025E+08,6.47406E+08,6.48781E+08,6.50158E+08,6.51535E+08,6.52914E+08,6.54301E+08,6.55693E+08,6.57092E+08,6.58498E+08,6.59911E+08,6.61333E+08,6.62767E+08,6.64213E+08,6.65672E+08,6.67147E+08,6.68631E+08,6.70123E+08,6.71625E+08,6.73137E+08,6.74659E+08,6.76191E+08,6.77731E+08,6.79282E+08,6.80842E+08,6.8241E+08,6.83985E+08,6.85567E+08,6.87152E+08,6.8874E+08,6.9033E+08,6.91922E+08,6.93516E+08,6.9511E+08,6.96703E+08,6.98298E+08,6.99893E+08,7.01486E+08,7.03075E+08,7.04659E+08,7.0624E+08,7.07807E+08,7.09349E+08,7.10875E+08,7.1239E+08,7.13902E+08,7.1541E+08,7.16915E+08,7.18428E+08,7.19954E+08,7.21481E+08,7.23006E+08,7.24526E+08,7.26039E+08,7.27546E+08,7.29051E+08,7.30552E+08,7.32049E+08,7.33541E+08,7.35034E+08,7.36531E+08,7.3803E+08,7.39528E+08,7.4103E+08,7.42541E+08,7.44057E+08,7.45578E+08,7.47104E+08,7.48636E+08,7.50177E+08,7.51722E+08,7.53261E+08,7.54797E+08,7.56335E+08,7.57877E+08,7.59421E+08,7.60964E+08,7.6251E+08,7.64063E+08,7.6563E+08,7.67188E+08,7.68754E+08,7.7033E+08,7.71917E+08,7.73514E+08,7.75126E+08,7.76751E+08,7.78368E+08,7.79989E+08,7.81625E+08,7.83245E+08,7.84869E+08,7.86499E+08,7.88136E+08,7.89757E+08,7.91384E+08,7.93032E+08,7.94655E+08,7.96275E+08,7.97903E+08,7.99541E+08,8.01164E+08,8.02793E+08,8.04438E+08,8.06052E+08,8.07665E+08,8.09279E+08,8.10897E+08,8.12494E+08,8.14088E+08,8.1569E+08,8.17264E+08,8.18831E+08,8.20394E+08,8.21956E+08,8.23508E+08,8.25049E+08,8.26577E+08,8.28091E+08,8.29593E+08,8.31082E+08,8.32561E+08,8.34032E+08,8.35488E+08,8.3692E+08,8.38322E+08,8.39684E+08,8.41009E+08,8.42321E+08,8.43588E+08,8.44832E+08,8.46132E+08,8.4734E+08,8.48483E+08,8.49669E+08,8.50852E+08,8.51975E+08,8.53136E+08,8.54337E+08,8.55493E+08,8.56601E+08,8.57708E+08,8.58816E+08,8.59875E+08,8.60958E+08,8.62069E+08,8.63125E+08,8.64151E+08,8.65208E+08,8.66263E+08,8.67267E+08,8.68288E+08,8.69336E+08,8.70352E+08,8.71339E+08,8.72342E+08,8.73343E+08,8.74323E+08,8.75321E+08,8.7634E+08,8.77324E+08,8.78289E+08,8.7927E+08,8.80251E+08,8.81206E+08,8.82172E+08,8.83138E+08,8.84086E+08,8.85034E+08,8.86043E+08,8.87056E+08,8.87977E+08,8.8892E+08,8.89893E+08,8.90856E+08,8.91786E+08,8.92742E+08,8.93702E+08,8.94636E+08,8.95604E+08,8.96614E+08,8.97583E+08,8.98523E+08,8.99511E+08,9.00505E+08,9.01452E+08,9.02438E+08,9.03465E+08,9.04452E+08,9.05415E+08,9.06442E+08,9.07477E+08,9.08441E+08,9.09475E+08,9.10584E+08,9.11625E+08,9.12615E+08,9.13673E+08,9.14741E+08,9.15759E+08,9.16841E+08,9.18014E+08,9.19128E+08,9.20168E+08,9.21305E+08,9.22453E+08,9.23509E+08,9.24636E+08,9.25863E+08,9.27042E+08,9.28133E+08,9.2931E+08,9.30501E+08,9.316E+08,9.32787E+08,9.34066E+08,9.35252E+08,9.36374E+08,9.37598E+08,9.38831E+08,9.39976E+08,9.41213E+08,9.42538E+08,9.43766E+08,9.44931E+08,9.46197E+08,9.4747E+08,9.48649E+08,9.49903E+08,9.51239E+08,9.52506E+08,9.53706E+08,9.55003E+08,9.56305E+08,9.57511E+08,9.58808E+08,9.60181E+08,9.6147E+08,9.62696E+08,9.64003E+08,9.65312E+08,9.66553E+08,9.67884E+08,9.69281E+08,9.70591E+08,9.71854E+08,9.73194E+08,9.74533E+08,9.75813E+08,9.7716E+08,9.78571E+08,9.79915E+08,9.81206E+08,9.82572E+08,9.83936E+08,9.85241E+08,9.86611E+08,9.88037E+08,9.89403E+08,9.90721E+08,9.92112E+08,9.93498E+08,9.94819E+08,9.96191E+08,9.97613E+08,9.98991E+08,1.00033E+09,1.00173E+09,1.00313E+09,1.00446E+09,1.00585E+09,1.0073E+09,1.00869E+09,1.01001E+09,1.01139E+09,1.01277E+09,1.01409E+09,1.01547E+09,1.01691E+09,1.01828E+09,1.01958E+09,1.02095E+09,1.02231E+09,1.0236E+09,1.02495E+09,1.02637E+09,1.02772E+09,1.02897E+09,1.03028E+09,1.03158E+09,1.03283E+09,1.03418E+09,1.03559E+09,1.03687E+09,1.03809E+09,1.0394E+09,1.04069E+09,1.0419E+09,1.04317E+09,1.04452E+09,1.04577E+09,1.04695E+09,1.0482E+09,1.04945E+09,1.05062E+09,1.05186E+09,1.05316E+09,1.05436E+09,1.05551E+09,1.05674E+09,1.05796E+09,1.0591E+09,1.0603E+09,1.06158E+09,1.06278E+09,1.0639E+09,1.06511E+09,1.06631E+09,1.06743E+09,1.06862E+09,1.06988E+09,1.07106E+09,1.07217E+09,1.07336E+09,1.07454E+09,1.07566E+09,1.07683E+09,1.07806E+09,1.07922E+09,1.08033E+09,1.08152E+09,1.08271E+09,1.08382E+09,1.08499E+09,1.08622E+09,1.08738E+09,1.08849E+09,1.08966E+09,1.09083E+09,1.09195E+09,1.09312E+09,1.09434E+09,1.09551E+09,1.09663E+09,1.0978E+09,1.099E+09,1.1002E+09,1.1014E+09,1.1026E+09,1.1038E+09,1.105E+09,1.10621E+09,1.10742E+09,1.10864E+09,1.10985E+09,1.11107E+09,1.1123E+09,1.11352E+09,1.11475E+09,1.11598E+09,1.11722E+09,1.11846E+09,1.1197E+09,1.12094E+09,1.12219E+09,1.12344E+09,1.12469E+09,1.12595E+09,1.1272E+09,1.12846E+09
"Cost of Hospitalizations Cumulative[Kansas]",0,0,0,0,0,0,0,0,0,0,0,0,0,0,0,0,0,0,0,0,0,0,0,0,0,0,0,0,0,0,0,0,0,0,0,0,0,0,0,0,0,0,0,0,0,0,0,0,0,0,0,0,0,0,0,0,0,0,0,0,0,0,0,0,0,0,0,0,0,0,0,0,0,0,0,0,0.567218,3.30032,9.76356,21.4857,40.0506,67.1555,104.725,155.011,220.742,305.272,412.749,548.412,718.967,932.871,1200.35,1533.7,1947.88,2461.31,3096.67,3882.31,4853.78,6054.56,7538.21,9373.13,11645,14459.9,17944,22242.9,27523.4,33980.8,41841.4,51391.2,62972.5,76772.2,92983.3,112342,135505,163251,196446,236065,283442,339324,405664,484180,576317,683861,808768,952166,1.11541E+06,1.29924E+06,1.50514E+06,1.73334E+06,1.97888E+06,2.23423E+06,2.49463E+06,2.75993E+06,3.03186E+06,3.30806E+06,3.58615E+06,3.86666E+06,4.14725E+06,4.42603E+06,4.70426E+06,4.98155E+06,5.25492E+06,5.52564E+06,5.79356E+06,6.06195E+06,6.33151E+06,6.59848E+06,6.86383E+06,7.13053E+06,7.3985E+06,7.66651E+06,7.93272E+06,8.19344E+06,8.4523E+06,8.71092E+06,8.9694E+06,9.22826E+06,9.48789E+06,9.74699E+06,1.00079E+07,1.02738E+07,1.05475E+07,1.08278E+07,1.11144E+07,1.14121E+07,1.1716E+07,1.20185E+07,1.23229E+07,1.26334E+07,1.29469E+07,1.32571E+07,1.35618E+07,1.38648E+07,1.41721E+07,1.44814E+07,1.47875E+07,1.50935E+07,1.53997E+07,1.57012E+07,1.60017E+07,1.63041E+07,1.66111E+07,1.69251E+07,1.72458E+07,1.75789E+07,1.79301E+07,1.82895E+07,1.86535E+07,1.90233E+07,1.93977E+07,1.97756E+07,2.01554E+07,2.05336E+07,2.09143E+07,2.1298E+07,2.16819E+07,2.20672E+07,2.24573E+07,2.28564E+07,2.32627E+07,2.3676E+07,2.40948E+07,2.45203E+07,2.49498E+07,2.53778E+07,2.58007E+07,2.62211E+07,2.66379E+07,2.70534E+07,2.74698E+07,2.78916E+07,2.83165E+07,2.87413E+07,2.91616E+07,2.95789E+07,2.99995E+07,3.04213E+07,3.08425E+07,3.12632E+07,3.16871E+07,3.21188E+07,3.25567E+07,3.29933E+07,3.34301E+07,3.38686E+07,3.43119E+07,3.47593E+07,3.52115E+07,3.56648E+07,3.61183E+07,3.65728E+07,3.70303E+07,3.74922E+07,3.796E+07,3.84278E+07,3.88894E+07,3.93481E+07,3.98093E+07,4.02738E+07,4.07359E+07,4.11848E+07,4.1623E+07,4.20671E+07,4.25211E+07,4.29795E+07,4.3439E+07,4.39057E+07,4.43886E+07,4.48851E+07,4.53859E+07,4.58873E+07,4.63938E+07,4.69042E+07,4.74165E+07,4.79317E+07,4.84508E+07,4.89747E+07,4.95058E+07,5.00442E+07,5.05923E+07,5.11541E+07,5.17305E+07,5.23237E+07,5.29324E+07,5.35535E+07,5.41836E+07,5.48217E+07,5.54648E+07,5.61129E+07,5.67656E+07,5.74203E+07,5.80741E+07,5.87293E+07,5.93874E+07,6.00489E+07,6.0717E+07,6.13886E+07,6.20584E+07,6.27245E+07,6.33842E+07,6.40404E+07,6.46954E+07,6.53401E+07,6.59843E+07,6.6629E+07,6.72768E+07,6.79339E+07,6.8596E+07,6.9258E+07,6.99287E+07,7.06027E+07,7.12813E+07,7.19636E+07,7.26483E+07,7.33406E+07,7.40449E+07,7.47566E+07,7.54694E+07,7.61833E+07,7.68963E+07,7.76E+07,7.83014E+07,7.90093E+07,7.97206E+07,8.0435E+07,8.11493E+07,8.18553E+07,8.25499E+07,8.32199E+07,8.38654E+07,8.45087E+07,8.51639E+07,8.58305E+07,8.65122E+07,8.72236E+07,8.79737E+07,8.875E+07,8.95319E+07,9.0306E+07,9.10739E+07,9.1842E+07,9.26113E+07,9.33807E+07,9.41511E+07,9.49221E+07,9.56966E+07,9.64738E+07,9.72547E+07,9.80474E+07,9.88551E+07,9.96767E+07,1.00515E+08,1.0137E+08,1.02243E+08,1.03136E+08,1.04043E+08,1.04961E+08,1.05892E+08,1.06834E+08,1.0779E+08,1.08759E+08,1.09743E+08,1.10741E+08,1.11753E+08,1.12781E+08,1.13818E+08,1.14862E+08,1.1592E+08,1.16984E+08,1.18057E+08,1.19143E+08,1.20239E+08,1.2135E+08,1.22474E+08,1.23609E+08,1.24756E+08,1.25912E+08,1.27073E+08,1.28241E+08,1.29406E+08,1.30567E+08,1.3176E+08,1.32936E+08,1.34143E+08,1.35423E+08,1.36697E+08,1.38016E+08,1.39349E+08,1.40729E+08,1.42112E+08,1.43493E+08,1.44877E+08,1.46199E+08,1.47596E+08,1.49016E+08,1.50471E+08,1.51935E+08,1.53444E+08,1.5504E+08,1.56641E+08,1.58207E+08,1.59747E+08,1.61284E+08,1.6283E+08,1.64397E+08,1.65985E+08,1.67596E+08,1.69258E+08,1.70934E+08,1.72602E+08,1.74273E+08,1.75966E+08,1.77689E+08,1.79431E+08,1.81197E+08,1.82997E+08,1.84834E+08,1.86695E+08,1.88574E+08,1.9046E+08,1.92355E+08,1.94275E+08,1.96232E+08,1.98213E+08,2.00217E+08,2.02248E+08,2.04303E+08,2.06371E+08,2.08415E+08,2.10409E+08,2.12399E+08,2.14405E+08,2.16421E+08,2.18441E+08,2.20466E+08,2.22496E+08,2.24524E+08,2.26574E+08,2.28645E+08,2.30725E+08,2.32807E+08,2.34897E+08,2.37045E+08,2.39276E+08,2.41523E+08,2.43766E+08,2.46018E+08,2.48291E+08,2.50568E+08,2.52819E+08,2.55043E+08,2.5728E+08,2.59514E+08,2.61742E+08,2.63989E+08,2.66276E+08,2.6861E+08,2.70969E+08,2.73319E+08,2.7567E+08,2.78016E+08,2.80345E+08,2.82654E+08,2.8494E+08,2.87206E+08,2.89463E+08,2.91704E+08,2.93924E+08,2.96119E+08,2.9829E+08,3.00437E+08,3.02554E+08,3.04639E+08,3.06698E+08,3.08718E+08,3.10676E+08,3.1257E+08,3.14419E+08,3.16243E+08,3.1805E+08,3.19837E+08,3.21587E+08,3.23317E+08,3.25054E+08,3.26795E+08,3.28523E+08,3.30235E+08,3.31945E+08,3.33666E+08,3.35392E+08,3.37104E+08,3.38785E+08,3.4044E+08,3.42078E+08,3.43694E+08,3.45285E+08,3.46847E+08,3.4837E+08,3.49851E+08,3.51296E+08,3.52722E+08,3.5413E+08,3.55513E+08,3.56852E+08,3.58146E+08,3.59422E+08,3.60687E+08,3.6193E+08,3.63152E+08,3.64342E+08,3.65518E+08,3.66695E+08,3.67853E+08,3.68984E+08,3.7009E+08,3.71165E+08,3.72206E+08,3.73235E+08,3.74255E+08,3.75273E+08,3.76285E+08,3.77286E+08,3.78279E+08,3.79271E+08,3.80242E+08,3.81191E+08,3.82119E+08,3.83031E+08,3.83927E+08,3.84809E+08,3.85676E+08,3.86527E+08,3.8735E+08,3.88149E+08,3.88941E+08,3.89728E+08,3.9051E+08,3.91287E+08,3.92063E+08,3.92852E+08,3.93649E+08,3.94437E+08,3.95217E+08,3.95988E+08,3.9675E+08,3.97503E+08,3.98247E+08,3.98984E+08,3.99718E+08,4.0045E+08,4.0118E+08,4.01904E+08,4.02623E+08,4.03339E+08,4.04051E+08,4.04763E+08,4.05471E+08,4.06178E+08,4.06885E+08,4.07592E+08,4.08301E+08,4.09012E+08,4.09726E+08,4.10442E+08,4.11159E+08,4.11873E+08,4.12582E+08,4.13288E+08,4.13992E+08,4.14698E+08,4.15408E+08,4.16121E+08,4.16839E+08,4.17563E+08,4.18292E+08,4.19025E+08,4.19761E+08,4.20506E+08,4.21259E+08,4.22018E+08,4.22774E+08,4.23521E+08,4.2426E+08,4.24999E+08,4.25738E+08,4.26471E+08,4.27183E+08,4.27885E+08,4.2859E+08,4.29305E+08,4.30031E+08,4.30767E+08,4.3152E+08,4.32299E+08,4.33092E+08,4.33881E+08,4.34667E+08,4.35455E+08,4.36244E+08,4.37032E+08,4.37819E+08,4.38606E+08,4.39407E+08,4.40218E+08,4.41026E+08,4.41836E+08,4.42651E+08,4.43473E+08,4.44306E+08,4.45155E+08,4.4602E+08,4.46901E+08,4.478E+08,4.48721E+08,4.49673E+08,4.50653E+08,4.51648E+08,4.52667E+08,4.53731E+08,4.54836E+08,4.55969E+08,4.5713E+08,4.58339E+08,4.59619E+08,4.60947E+08,4.62315E+08,4.63743E+08,4.65238E+08,4.66808E+08,4.68441E+08,4.70134E+08,4.71906E+08,4.73744E+08,4.75627E+08,4.77561E+08,4.79556E+08,4.81615E+08,4.83748E+08,4.85953E+08,4.88222E+08,4.90547E+08,4.92932E+08,4.95391E+08,4.97933E+08,5.0055E+08,5.03253E+08,5.06045E+08,5.08903E+08,5.11823E+08,5.14812E+08,5.17861E+08,5.20956E+08,5.24092E+08,5.27255E+08,5.30448E+08,5.33666E+08,5.36901E+08,5.40135E+08,5.43351E+08,5.46544E+08,5.49754E+08,5.52971E+08,5.56194E+08,5.59432E+08,5.62689E+08,5.65963E+08,5.69223E+08,5.72448E+08,5.75677E+08,5.78907E+08,5.82153E+08,5.85425E+08,5.88737E+08,5.92107E+08,5.95514E+08,5.98906E+08,6.02282E+08,6.05653E+08,6.09028E+08,6.12391E+08,6.1573E+08,6.19042E+08,6.22318E+08,6.25529E+08,6.28631E+08,6.31648E+08,6.34591E+08,6.37481E+08,6.40351E+08,6.43194E+08,6.46047E+08,6.48941E+08,6.51835E+08,6.54716E+08,6.57559E+08,6.60324E+08,6.63033E+08,6.65684E+08,6.68272E+08,6.70802E+08,6.73281E+08,6.75714E+08,6.78098E+08,6.80442E+08,6.82747E+08,6.85011E+08,6.87228E+08,6.89377E+08,6.91442E+08,6.93453E+08,6.95436E+08,6.97389E+08,6.99299E+08,7.0117E+08,7.0303E+08,7.04904E+08,7.06773E+08,7.08613E+08,7.10425E+08,7.12215E+08,7.13977E+08,7.15708E+08,7.17409E+08,7.1908E+08,7.20725E+08,7.22346E+08,7.23922E+08,7.25463E+08,7.26994E+08,7.2852E+08,7.30043E+08,7.31556E+08,7.33065E+08,7.34572E+08,7.36054E+08,7.37499E+08,7.38938E+08,7.40369E+08,7.41801E+08,7.43237E+08,7.447E+08,7.46216E+08,7.47771E+08,7.49336E+08,7.50915E+08,7.52507E+08,7.54113E+08,7.55739E+08,7.5737E+08,7.58973E+08,7.60561E+08,7.6217E+08,7.63797E+08,7.65444E+08,7.67115E+08,7.68824E+08,7.70602E+08,7.72435E+08,7.74288E+08,7.76161E+08,7.7804E+08,7.79895E+08,7.8174E+08,7.83578E+08,7.85373E+08,7.87158E+08,7.88963E+08,7.90791E+08,7.92615E+08,7.94391E+08,7.96221E+08,7.98195E+08,8.00132E+08,8.02138E+08,8.04096E+08,8.06132E+08,8.08245E+08,8.10355E+08,8.12447E+08,8.14538E+08,8.16635E+08,8.1874E+08,8.20858E+08,8.23008E+08,8.25211E+08,8.27447E+08,8.29693E+08,8.31951E+08,8.3422E+08,8.36504E+08,8.38806E+08,8.41131E+08,8.43475E+08,8.4581E+08,8.48145E+08,8.50513E+08,8.5293E+08,8.55432E+08,8.57895E+08,8.60438E+08,8.62925E+08,8.65446E+08,8.6799E+08,8.70828E+08,8.73861E+08,8.76728E+08,8.79817E+08,8.82802E+08,8.85977E+08,8.88944E+08,8.91994E+08,8.95131E+08,8.98373E+08,9.01784E+08,9.04918E+08,9.08247E+08,9.1121E+08,9.14242E+08,9.17342E+08,9.2106E+08,9.24943E+08,9.28105E+08,9.31494E+08,9.34523E+08,9.37616E+08,9.40754E+08,9.43739E+08,9.46796E+08,9.49663E+08,9.52602E+08,9.55288E+08,9.5794E+08,9.60581E+08,9.63146E+08,9.65722E+08,9.68099E+08,9.70458E+08,9.72765E+08,9.75013E+08,9.77205E+08,9.79339E+08,9.81442E+08,9.83471E+08,9.8546E+08,9.87401E+08,9.89274E+08,9.9108E+08,9.92847E+08,9.94602E+08,9.9632E+08,9.98025E+08,9.99721E+08,1.00142E+09,1.00312E+09,1.00484E+09,1.00655E+09,1.00822E+09,1.00988E+09,1.01151E+09,1.01312E+09,1.01473E+09,1.01632E+09,1.0179E+09,1.01947E+09,1.02101E+09,1.02255E+09,1.02406E+09,1.02555E+09,1.027E+09,1.02842E+09,1.02982E+09,1.03122E+09,1.03262E+09,1.03402E+09,1.03541E+09,1.03682E+09,1.03824E+09,1.03965E+09,1.04107E+09,1.04248E+09,1.04389E+09,1.04529E+09,1.0467E+09,1.04811E+09,1.04952E+09,1.05093E+09,1.05233E+09,1.05374E+09,1.05515E+09,1.05655E+09,1.05796E+09,1.05937E+09,1.06078E+09,1.06219E+09,1.06361E+09,1.06503E+09,1.06646E+09,1.06789E+09,1.06933E+09,1.07077E+09,1.07222E+09,1.07368E+09,1.07515E+09,1.07662E+09,1.07809E+09,1.07956E+09,1.08106E+09,1.08257E+09,1.08408E+09,1.08559E+09,1.08712E+09,1.08867E+09,1.09026E+09,1.09188E+09,1.09349E+09,1.09514E+09,1.09682E+09,1.09854E+09,1.10029E+09,1.10206E+09,1.10389E+09,1.10569E+09,1.1075E+09,1.10932E+09,1.11115E+09,1.11298E+09,1.11486E+09,1.11678E+09,1.11865E+09,1.12054E+09,1.12245E+09,1.12436E+09,1.12627E+09,1.12827E+09,1.13033E+09,1.13226E+09,1.13421E+09,1.13617E+09,1.13816E+09,1.1402E+09,1.14221E+09,1.14422E+09,1.14624E+09,1.14827E+09,1.1503E+09,1.15238E+09,1.15451E+09,1.1565E+09,1.15849E+09,1.16048E+09,1.16245E+09,1.16438E+09,1.16642E+09,1.16851E+09,1.1704E+09,1.17229E+09,1.17419E+09,1.17611E+09,1.17803E+09,1.18009E+09,1.18222E+09,1.18402E+09,1.18585E+09,1.18769E+09,1.18952E+09,1.19137E+09,1.19338E+09,1.19546E+09,1.19733E+09,1.19923E+09,1.20114E+09,1.20305E+09,1.20497E+09,1.20706E+09,1.20922E+09,1.21118E+09,1.21318E+09,1.2152E+09,1.21723E+09,1.21928E+09,1.22151E+09,1.22382E+09,1.22585E+09,1.22793E+09,1.23003E+09,1.23216E+09,1.23433E+09,1.23671E+09,1.23916E+09,1.24135E+09,1.24358E+09,1.24584E+09,1.24811E+09,1.25038E+09,1.25287E+09,1.25541E+09,1.25761E+09,1.25983E+09,1.26206E+09,1.26427E+09,1.26648E+09,1.26891E+09,1.27139E+09,1.27351E+09,1.27565E+09,1.27779E+09,1.27992E+09,1.28203E+09,1.28432E+09,1.28667E+09,1.28865E+09,1.29065E+09,1.29263E+09,1.2946E+09,1.29654E+09,1.29867E+09,1.30085E+09,1.30271E+09,1.30457E+09,1.30643E+09,1.30829E+09,1.31013E+09,1.31213E+09,1.31419E+09,1.31591E+09,1.31766E+09,1.3194E+09,1.32113E+09,1.32285E+09,1.32471E+09,1.32663E+09,1.3283E+09,1.32999E+09,1.33168E+09,1.33336E+09,1.33505E+09,1.33685E+09,1.3387E+09,1.34035E+09,1.34202E+09,1.34369E+09,1.34536E+09,1.34703E+09,1.34883E+09,1.3507E+09,1.35234E+09,1.35399E+09,1.35565E+09,1.35731E+09,1.35897E+09,1.36073E+09,1.36255E+09,1.36419E+09,1.36585E+09,1.36753E+09,1.36922E+09,1.37092E+09,1.3727E+09,1.37453E+09,1.37621E+09,1.37791E+09,1.37961E+09,1.38133E+09,1.38305E+09,1.38482E+09,1.38662E+09,1.38829E+09,1.3901E+09,1.3919E+09,1.39371E+09,1.39551E+09,1.39733E+09,1.39915E+09,1.40098E+09,1.40281E+09,1.40465E+09,1.40649E+09,1.40834E+09,1.4102E+09,1.41206E+09,1.41393E+09,1.4158E+09,1.41768E+09,1.41956E+09,1.42144E+09,1.42333E+09,1.42523E+09,1.42712E+09,1.42902E+09,1.43092E+09,1.43283E+09,1.43474E+09
"Cost of Hospitalizations Cumulative[Kentucky]",0,0,0,0,0,0,0,0,0,0,0,0,0,0,0,0,0,0,0,0,0,0,0,0,0,0,0,0,0,0,0,0,0,0,0,0,0,0,0,0,0,0,0.302485,10.5583,50.0997,140.345,306.5,580.085,1002.35,1628.75,2534.53,3823.61,5640.56,8188.6,11755.8,16753.9,23750.9,33509.2,47041,65709.7,91413.7,126812,175596,242899,335838,464198,641138,884069,1.21558E+06,1.66336E+06,2.25902E+06,3.03854E+06,4.04074E+06,5.30404E+06,6.8616E+06,8.73466E+06,1.09283E+07,1.34318E+07,1.62248E+07,1.92824E+07,2.25565E+07,2.59596E+07,2.94275E+07,3.29255E+07,3.64345E+07,3.99425E+07,4.34409E+07,4.69241E+07,5.03883E+07,5.3831E+07,5.7251E+07,6.06474E+07,6.40199E+07,6.73686E+07,7.06938E+07,7.39962E+07,7.72769E+07,8.05368E+07,8.37766E+07,8.69968E+07,9.01977E+07,9.33795E+07,9.65423E+07,9.96858E+07,1.0281E+08,1.05914E+08,1.08998E+08,1.12062E+08,1.15105E+08,1.17677E+08,1.19985E+08,1.2231E+08,1.24618E+08,1.26899E+08,1.29157E+08,1.31398E+08,1.33613E+08,1.35792E+08,1.37949E+08,1.40106E+08,1.42279E+08,1.44426E+08,1.46544E+08,1.48638E+08,1.50711E+08,1.52788E+08,1.54858E+08,1.5695E+08,1.59079E+08,1.61223E+08,1.63354E+08,1.65449E+08,1.67519E+08,1.69573E+08,1.71604E+08,1.73602E+08,1.75542E+08,1.77435E+08,1.79294E+08,1.81108E+08,1.82876E+08,1.84608E+08,1.86312E+08,1.88003E+08,1.89681E+08,1.91331E+08,1.92939E+08,1.94513E+08,1.96053E+08,1.97546E+08,1.98981E+08,2.00351E+08,2.01669E+08,2.02956E+08,2.04213E+08,2.0543E+08,2.06619E+08,2.0779E+08,2.08941E+08,2.10083E+08,2.11217E+08,2.12342E+08,2.13458E+08,2.14555E+08,2.15628E+08,2.16698E+08,2.17783E+08,2.18879E+08,2.19985E+08,2.21093E+08,2.22192E+08,2.23272E+08,2.24327E+08,2.25366E+08,2.26389E+08,2.27402E+08,2.2841E+08,2.29407E+08,2.30385E+08,2.31351E+08,2.32317E+08,2.33287E+08,2.34248E+08,2.35198E+08,2.3614E+08,2.37073E+08,2.38E+08,2.38916E+08,2.3982E+08,2.40717E+08,2.41601E+08,2.42473E+08,2.43334E+08,2.44179E+08,2.45001E+08,2.45809E+08,2.46601E+08,2.4739E+08,2.48174E+08,2.48956E+08,2.49747E+08,2.50543E+08,2.51327E+08,2.52109E+08,2.52888E+08,2.5367E+08,2.54452E+08,2.5523E+08,2.56019E+08,2.5682E+08,2.57625E+08,2.58429E+08,2.59232E+08,2.60034E+08,2.60836E+08,2.61643E+08,2.62455E+08,2.63271E+08,2.64089E+08,2.64908E+08,2.65732E+08,2.66558E+08,2.67387E+08,2.6822E+08,2.69057E+08,2.69901E+08,2.70753E+08,2.71609E+08,2.72476E+08,2.73355E+08,2.7424E+08,2.75132E+08,2.76028E+08,2.7692E+08,2.77816E+08,2.78718E+08,2.79632E+08,2.80561E+08,2.81504E+08,2.82469E+08,2.8346E+08,2.8447E+08,2.85493E+08,2.86521E+08,2.87552E+08,2.88597E+08,2.89671E+08,2.90777E+08,2.91924E+08,2.9309E+08,2.9428E+08,2.95513E+08,2.96785E+08,2.98089E+08,2.99419E+08,3.00765E+08,3.02129E+08,3.0351E+08,3.04904E+08,3.0631E+08,3.07725E+08,3.09152E+08,3.10603E+08,3.12087E+08,3.13602E+08,3.15143E+08,3.16714E+08,3.1833E+08,3.19998E+08,3.217E+08,3.2344E+08,3.25222E+08,3.27052E+08,3.28926E+08,3.3081E+08,3.32703E+08,3.34632E+08,3.36584E+08,3.38554E+08,3.40541E+08,3.42556E+08,3.44612E+08,3.46709E+08,3.48829E+08,3.50971E+08,3.53155E+08,3.5539E+08,3.57663E+08,3.59979E+08,3.62355E+08,3.64796E+08,3.67292E+08,3.69834E+08,3.72422E+08,3.75054E+08,3.77723E+08,3.80407E+08,3.83084E+08,3.85734E+08,3.88342E+08,3.90908E+08,3.9346E+08,3.96004E+08,3.9853E+08,4.01047E+08,4.03556E+08,4.0607E+08,4.08586E+08,4.11068E+08,4.13516E+08,4.15937E+08,4.18328E+08,4.20692E+08,4.23037E+08,4.25358E+08,4.27655E+08,4.29894E+08,4.32078E+08,4.34256E+08,4.36426E+08,4.38594E+08,4.40773E+08,4.42968E+08,4.45203E+08,4.47461E+08,4.49705E+08,4.51952E+08,4.54197E+08,4.56435E+08,4.58673E+08,4.60924E+08,4.63185E+08,4.6545E+08,4.67721E+08,4.70006E+08,4.72306E+08,4.74588E+08,4.76851E+08,4.79144E+08,4.81464E+08,4.83815E+08,4.86194E+08,4.88583E+08,4.91033E+08,4.93572E+08,4.96154E+08,4.98773E+08,5.01395E+08,5.04024E+08,5.06683E+08,5.09364E+08,5.12069E+08,5.14807E+08,5.17566E+08,5.20355E+08,5.23178E+08,5.26011E+08,5.28861E+08,5.31746E+08,5.34664E+08,5.37621E+08,5.40609E+08,5.43637E+08,5.46693E+08,5.49792E+08,5.52947E+08,5.56086E+08,5.59184E+08,5.62319E+08,5.65499E+08,5.68702E+08,5.71808E+08,5.74776E+08,5.77857E+08,5.81119E+08,5.8446E+08,5.87831E+08,5.91233E+08,5.94704E+08,5.98205E+08,6.01689E+08,6.05111E+08,6.08486E+08,6.11857E+08,6.15286E+08,6.18781E+08,6.22313E+08,6.25824E+08,6.29324E+08,6.3284E+08,6.36352E+08,6.39857E+08,6.4334E+08,6.46803E+08,6.50306E+08,6.5384E+08,6.57357E+08,6.60878E+08,6.64404E+08,6.67936E+08,6.71482E+08,6.75044E+08,6.78618E+08,6.82208E+08,6.85816E+08,6.89436E+08,6.93061E+08,6.96642E+08,7.00135E+08,7.03587E+08,7.07041E+08,7.10499E+08,7.13958E+08,7.17419E+08,7.20881E+08,7.24354E+08,7.27844E+08,7.31329E+08,7.34802E+08,7.38254E+08,7.41685E+08,7.45136E+08,7.48633E+08,7.52121E+08,7.55598E+08,7.5906E+08,7.62502E+08,7.6593E+08,7.6936E+08,7.72782E+08,7.76195E+08,7.79588E+08,7.82937E+08,7.86236E+08,7.89494E+08,7.92725E+08,7.95952E+08,7.99184E+08,8.02408E+08,8.05637E+08,8.08871E+08,8.12074E+08,8.15221E+08,8.18337E+08,8.21429E+08,8.2451E+08,8.27573E+08,8.30617E+08,8.33669E+08,8.36747E+08,8.39807E+08,8.42836E+08,8.45853E+08,8.4886E+08,8.51853E+08,8.54816E+08,8.57716E+08,8.60581E+08,8.63453E+08,8.66318E+08,8.69122E+08,8.71827E+08,8.74512E+08,8.77236E+08,8.79944E+08,8.82611E+08,8.8526E+08,8.87967E+08,8.90771E+08,8.93605E+08,8.96441E+08,8.9928E+08,9.02116E+08,9.04947E+08,9.07776E+08,9.10598E+08,9.13413E+08,9.16211E+08,9.18983E+08,9.21736E+08,9.24474E+08,9.27185E+08,9.29857E+08,9.32495E+08,9.35095E+08,9.37672E+08,9.40227E+08,9.42776E+08,9.45336E+08,9.47922E+08,9.50513E+08,9.53099E+08,9.55668E+08,9.58224E+08,9.60754E+08,9.63248E+08,9.65714E+08,9.68167E+08,9.70602E+08,9.73023E+08,9.75424E+08,9.77811E+08,9.80183E+08,9.82521E+08,9.84816E+08,9.87078E+08,9.89318E+08,9.91543E+08,9.93746E+08,9.95916E+08,9.98009E+08,9.99983E+08,1.00185E+09,1.00362E+09,1.00535E+09,1.00711E+09,1.0089E+09,1.0108E+09,1.01285E+09,1.01499E+09,1.01719E+09,1.0194E+09,1.02159E+09,1.02378E+09,1.02596E+09,1.02813E+09,1.03029E+09,1.03245E+09,1.03461E+09,1.03678E+09,1.03894E+09,1.04111E+09,1.04328E+09,1.04544E+09,1.04761E+09,1.04978E+09,1.05195E+09,1.05412E+09,1.05629E+09,1.05847E+09,1.06067E+09,1.06287E+09,1.06508E+09,1.06729E+09,1.06949E+09,1.07167E+09,1.07383E+09,1.07598E+09,1.07813E+09,1.08031E+09,1.0825E+09,1.08472E+09,1.08697E+09,1.08922E+09,1.0915E+09,1.09378E+09,1.09609E+09,1.09842E+09,1.10076E+09,1.10311E+09,1.10546E+09,1.10781E+09,1.11017E+09,1.11254E+09,1.1149E+09,1.11724E+09,1.11957E+09,1.12196E+09,1.1244E+09,1.12688E+09,1.12938E+09,1.13192E+09,1.13453E+09,1.13718E+09,1.13983E+09,1.14249E+09,1.14518E+09,1.14788E+09,1.15061E+09,1.15336E+09,1.15612E+09,1.15889E+09,1.16169E+09,1.16451E+09,1.16735E+09,1.17018E+09,1.17297E+09,1.17573E+09,1.1785E+09,1.18128E+09,1.18404E+09,1.18679E+09,1.18955E+09,1.19235E+09,1.19516E+09,1.19792E+09,1.20066E+09,1.20338E+09,1.20607E+09,1.20873E+09,1.21133E+09,1.21392E+09,1.21652E+09,1.21911E+09,1.22168E+09,1.22424E+09,1.2268E+09,1.22938E+09,1.23196E+09,1.23452E+09,1.23706E+09,1.23959E+09,1.24211E+09,1.24464E+09,1.24714E+09,1.24964E+09,1.25212E+09,1.25462E+09,1.25714E+09,1.25968E+09,1.26224E+09,1.26485E+09,1.26753E+09,1.27026E+09,1.27306E+09,1.27593E+09,1.27886E+09,1.28184E+09,1.28488E+09,1.28799E+09,1.29116E+09,1.2944E+09,1.29769E+09,1.30105E+09,1.30446E+09,1.30795E+09,1.31153E+09,1.3152E+09,1.31897E+09,1.32281E+09,1.3267E+09,1.33066E+09,1.33467E+09,1.33873E+09,1.34282E+09,1.34694E+09,1.35109E+09,1.35526E+09,1.35945E+09,1.36363E+09,1.36782E+09,1.37201E+09,1.37622E+09,1.38045E+09,1.38468E+09,1.38891E+09,1.39315E+09,1.3974E+09,1.40165E+09,1.4059E+09,1.41014E+09,1.41438E+09,1.41861E+09,1.42282E+09,1.42703E+09,1.43127E+09,1.43551E+09,1.43976E+09,1.444E+09,1.44825E+09,1.45253E+09,1.45681E+09,1.46108E+09,1.46533E+09,1.46957E+09,1.4738E+09,1.47802E+09,1.48224E+09,1.48644E+09,1.49063E+09,1.49481E+09,1.49899E+09,1.50317E+09,1.50734E+09,1.5115E+09,1.51565E+09,1.5198E+09,1.52393E+09,1.52807E+09,1.53221E+09,1.53633E+09,1.54046E+09,1.54457E+09,1.54866E+09,1.55272E+09,1.55674E+09,1.56074E+09,1.56473E+09,1.56872E+09,1.5727E+09,1.5767E+09,1.5807E+09,1.58473E+09,1.58878E+09,1.59283E+09,1.59687E+09,1.60091E+09,1.60493E+09,1.60894E+09,1.61296E+09,1.61696E+09,1.62096E+09,1.62496E+09,1.62896E+09,1.63296E+09,1.63697E+09,1.64097E+09,1.64499E+09,1.64903E+09,1.65306E+09,1.6571E+09,1.66114E+09,1.66518E+09,1.66921E+09,1.67326E+09,1.67731E+09,1.68133E+09,1.68533E+09,1.68935E+09,1.69339E+09,1.69746E+09,1.70153E+09,1.70563E+09,1.70977E+09,1.71396E+09,1.71815E+09,1.72234E+09,1.72655E+09,1.73075E+09,1.73496E+09,1.73916E+09,1.74337E+09,1.74755E+09,1.75168E+09,1.75578E+09,1.75988E+09,1.764E+09,1.76815E+09,1.77232E+09,1.77653E+09,1.78079E+09,1.78507E+09,1.78936E+09,1.79365E+09,1.79793E+09,1.80221E+09,1.80647E+09,1.81075E+09,1.81501E+09,1.81928E+09,1.82354E+09,1.8278E+09,1.83205E+09,1.8363E+09,1.84053E+09,1.84476E+09,1.849E+09,1.85324E+09,1.85749E+09,1.86174E+09,1.86602E+09,1.87031E+09,1.87458E+09,1.87882E+09,1.88307E+09,1.88733E+09,1.89159E+09,1.89584E+09,1.90008E+09,1.90435E+09,1.90863E+09,1.91291E+09,1.91722E+09,1.92155E+09,1.92591E+09,1.9303E+09,1.93468E+09,1.93905E+09,1.94342E+09,1.94779E+09,1.95216E+09,1.95655E+09,1.96095E+09,1.96536E+09,1.96982E+09,1.97424E+09,1.97864E+09,1.98304E+09,1.98745E+09,1.99189E+09,1.99633E+09,2.00076E+09,2.00513E+09,2.0095E+09,2.01387E+09,2.01823E+09,2.02259E+09,2.02693E+09,2.03126E+09,2.03555E+09,2.03983E+09,2.04409E+09,2.04833E+09,2.05252E+09,2.05666E+09,2.06078E+09,2.06488E+09,2.06895E+09,2.07299E+09,2.07698E+09,2.08098E+09,2.08498E+09,2.08896E+09,2.0929E+09,2.09677E+09,2.10057E+09,2.10432E+09,2.10809E+09,2.11186E+09,2.11563E+09,2.1194E+09,2.12318E+09,2.12696E+09,2.13073E+09,2.13445E+09,2.13813E+09,2.1418E+09,2.14543E+09,2.14905E+09,2.15264E+09,2.15624E+09,2.15981E+09,2.16336E+09,2.16688E+09,2.17037E+09,2.17384E+09,2.17726E+09,2.18062E+09,2.18393E+09,2.18721E+09,2.19045E+09,2.19367E+09,2.19687E+09,2.20006E+09,2.20324E+09,2.20641E+09,2.20956E+09,2.21269E+09,2.21579E+09,2.21887E+09,2.22192E+09,2.22494E+09,2.22794E+09,2.23092E+09,2.23389E+09,2.23683E+09,2.23975E+09,2.24264E+09,2.24551E+09,2.24837E+09,2.2512E+09,2.25402E+09,2.25682E+09,2.25959E+09,2.26234E+09,2.26506E+09,2.26775E+09,2.27043E+09,2.27309E+09,2.27575E+09,2.2784E+09,2.28104E+09,2.28368E+09,2.28631E+09,2.28893E+09,2.29156E+09,2.29418E+09,2.29678E+09,2.29933E+09,2.30184E+09,2.30433E+09,2.3068E+09,2.30926E+09,2.31176E+09,2.31433E+09,2.31696E+09,2.31967E+09,2.32245E+09,2.32527E+09,2.32811E+09,2.33095E+09,2.3338E+09,2.33663E+09,2.33946E+09,2.34229E+09,2.34512E+09,2.34798E+09,2.35085E+09,2.35375E+09,2.3567E+09,2.35969E+09,2.36269E+09,2.36572E+09,2.36877E+09,2.37185E+09,2.37495E+09,2.37808E+09,2.38126E+09,2.38449E+09,2.38776E+09,2.39105E+09,2.39437E+09,2.39772E+09,2.40109E+09,2.40447E+09,2.40784E+09,2.4112E+09,2.41458E+09,2.41796E+09,2.42131E+09,2.42467E+09,2.42806E+09,2.4315E+09,2.43498E+09,2.43849E+09,2.44205E+09,2.44568E+09,2.44933E+09,2.45293E+09,2.45647E+09,2.45999E+09,2.46353E+09,2.4671E+09,2.47069E+09,2.47432E+09,2.47802E+09,2.48182E+09,2.48566E+09,2.48952E+09,2.49336E+09,2.49719E+09,2.50099E+09,2.50478E+09,2.50859E+09,2.51244E+09,2.51631E+09,2.52019E+09,2.52408E+09,2.52797E+09,2.5319E+09,2.53585E+09,2.5398E+09,2.54376E+09,2.54773E+09,2.55172E+09,2.55577E+09,2.55985E+09,2.56393E+09,2.56801E+09,2.57209E+09,2.57618E+09,2.58029E+09,2.58439E+09,2.58848E+09,2.59256E+09,2.59663E+09,2.6007E+09,2.60475E+09,2.60879E+09,2.6128E+09,2.61682E+09,2.62082E+09,2.62481E+09,2.62878E+09,2.63272E+09,2.63664E+09,2.64054E+09,2.64439E+09,2.64824E+09,2.65208E+09,2.65591E+09,2.65973E+09,2.66356E+09,2.66738E+09,2.67118E+09,2.67495E+09,2.6787E+09,2.68241E+09,2.6861E+09,2.68975E+09,2.69338E+09,2.69699E+09,2.70057E+09,2.70412E+09,2.70765E+09,2.71116E+09,2.71465E+09,2.71813E+09,2.72157E+09,2.72499E+09,2.7284E+09,2.73178E+09,2.73515E+09,2.73845E+09,2.74168E+09,2.74489E+09,2.74809E+09,2.75129E+09,2.75447E+09,2.75765E+09,2.76086E+09,2.76412E+09,2.76733E+09,2.77049E+09,2.77363E+09,2.77676E+09,2.77986E+09,2.78291E+09,2.78597E+09,2.78907E+09,2.79218E+09,2.79527E+09,2.79836E+09,2.80147E+09,2.80459E+09,2.80771E+09,2.81081E+09,2.8139E+09,2.817E+09,2.82009E+09,2.82319E+09,2.8263E+09,2.82942E+09,2.83255E+09,2.83569E+09,2.83873E+09,2.84194E+09,2.84513E+09,2.84833E+09,2.85155E+09,2.85477E+09,2.85801E+09,2.86126E+09,2.86453E+09,2.86782E+09,2.87112E+09,2.87443E+09,2.87776E+09,2.88111E+09,2.88448E+09,2.88786E+09,2.89126E+09,2.89467E+09,2.89811E+09,2.90155E+09,2.90502E+09,2.9085E+09,2.912E+09,2.91552E+09,2.91905E+09,2.92259E+09
"Cost of Hospitalizations Cumulative[Louisiana]",0,0,0,0,0,0,0,0,0,0,0,0,0,0,0,0,0,0,0,0,0,0,0,0,0,0,0,0,0.653815,3.78855,11.1634,24.4647,45.4286,75.9467,118.192,174.717,248.55,343.199,462.537,610.89,793.302,1015.94,1286.52,1614.48,2010.74,2488.14,3062.47,3751.95,4577.71,5564.11,6739.77,8139.56,9806.68,11794.1,14167.6,17012.6,20433.9,24553.5,29507.8,35450.1,42559.5,51043.9,61156.8,73213.4,87601,104753,125198,149563,178587,213143,254219,302943,360658,429038,510126,606369,720674,856332,1.01687E+06,1.20606E+06,1.42809E+06,1.6877E+06,1.9902E+06,2.34167E+06,2.74913E+06,3.22059E+06,3.76504E+06,4.39244E+06,5.11392E+06,5.94213E+06,6.89065E+06,7.97306E+06,9.20266E+06,1.05932E+07,1.21599E+07,1.39177E+07,1.58701E+07,1.80074E+07,2.03105E+07,2.27543E+07,2.53108E+07,2.79522E+07,3.06525E+07,3.33895E+07,3.61681E+07,3.89717E+07,4.1737E+07,4.44558E+07,4.71182E+07,4.97157E+07,5.21959E+07,5.45704E+07,5.68695E+07,5.9089E+07,6.12338E+07,6.33029E+07,6.53093E+07,6.72711E+07,6.91755E+07,7.10247E+07,7.28571E+07,7.46793E+07,7.64601E+07,7.82655E+07,8.01119E+07,8.19087E+07,8.36569E+07,8.53636E+07,8.70091E+07,8.85766E+07,9.00849E+07,9.15445E+07,9.2959E+07,9.43292E+07,9.56531E+07,9.69312E+07,9.81704E+07,9.93757E+07,1.00557E+08,1.0172E+08,1.02862E+08,1.03987E+08,1.05095E+08,1.06194E+08,1.07278E+08,1.08342E+08,1.09383E+08,1.10402E+08,1.11394E+08,1.12349E+08,1.13264E+08,1.1414E+08,1.14984E+08,1.15799E+08,1.16587E+08,1.17353E+08,1.18101E+08,1.18827E+08,1.19538E+08,1.20239E+08,1.20926E+08,1.21595E+08,1.22245E+08,1.22881E+08,1.23504E+08,1.24114E+08,1.24713E+08,1.25304E+08,1.2589E+08,1.26477E+08,1.27059E+08,1.27633E+08,1.28203E+08,1.28771E+08,1.29341E+08,1.29912E+08,1.3048E+08,1.31053E+08,1.31627E+08,1.32205E+08,1.32791E+08,1.33385E+08,1.33988E+08,1.34603E+08,1.35226E+08,1.35859E+08,1.36507E+08,1.37168E+08,1.37843E+08,1.38534E+08,1.39239E+08,1.39961E+08,1.40698E+08,1.41439E+08,1.42178E+08,1.42927E+08,1.43687E+08,1.44462E+08,1.45246E+08,1.46037E+08,1.46842E+08,1.47668E+08,1.48509E+08,1.49364E+08,1.5023E+08,1.51107E+08,1.51991E+08,1.5288E+08,1.53777E+08,1.5469E+08,1.55623E+08,1.56577E+08,1.57547E+08,1.58536E+08,1.59549E+08,1.6059E+08,1.61659E+08,1.62757E+08,1.6388E+08,1.6503E+08,1.66199E+08,1.67382E+08,1.68589E+08,1.69822E+08,1.71077E+08,1.72352E+08,1.73642E+08,1.74952E+08,1.76286E+08,1.77642E+08,1.79013E+08,1.80397E+08,1.81789E+08,1.83184E+08,1.84583E+08,1.85987E+08,1.87398E+08,1.88815E+08,1.90242E+08,1.91694E+08,1.93184E+08,1.94711E+08,1.9627E+08,1.97855E+08,1.99468E+08,2.01112E+08,2.0278E+08,2.04474E+08,2.06197E+08,2.07953E+08,2.0976E+08,2.11619E+08,2.13543E+08,2.15548E+08,2.1761E+08,2.19711E+08,2.21836E+08,2.23973E+08,2.26127E+08,2.28291E+08,2.30437E+08,2.32582E+08,2.34739E+08,2.36913E+08,2.39106E+08,2.41311E+08,2.43519E+08,2.45718E+08,2.47893E+08,2.50043E+08,2.52176E+08,2.54268E+08,2.5633E+08,2.58358E+08,2.60339E+08,2.62283E+08,2.64182E+08,2.66021E+08,2.67809E+08,2.69531E+08,2.71184E+08,2.72777E+08,2.74316E+08,2.75803E+08,2.77242E+08,2.78628E+08,2.79968E+08,2.81251E+08,2.82474E+08,2.83663E+08,2.8483E+08,2.85981E+08,2.87125E+08,2.88264E+08,2.89413E+08,2.90577E+08,2.91733E+08,2.9287E+08,2.93982E+08,2.95065E+08,2.96133E+08,2.9719E+08,2.98231E+08,2.99255E+08,3.00263E+08,3.01264E+08,3.02257E+08,3.03232E+08,3.04192E+08,3.05145E+08,3.0609E+08,3.07027E+08,3.07957E+08,3.08886E+08,3.09818E+08,3.10748E+08,3.11671E+08,3.12591E+08,3.1351E+08,3.14426E+08,3.15339E+08,3.16248E+08,3.17149E+08,3.18041E+08,3.18925E+08,3.19802E+08,3.20674E+08,3.21542E+08,3.22404E+08,3.2327E+08,3.24138E+08,3.25006E+08,3.25879E+08,3.2676E+08,3.27651E+08,3.28553E+08,3.29466E+08,3.30394E+08,3.31339E+08,3.32302E+08,3.33283E+08,3.34281E+08,3.35297E+08,3.36331E+08,3.37386E+08,3.3846E+08,3.39553E+08,3.40661E+08,3.41788E+08,3.42935E+08,3.44097E+08,3.4528E+08,3.46501E+08,3.47753E+08,3.49037E+08,3.50361E+08,3.51732E+08,3.53162E+08,3.54645E+08,3.56169E+08,3.57731E+08,3.59323E+08,3.60938E+08,3.62572E+08,3.64235E+08,3.65936E+08,3.67676E+08,3.69463E+08,3.71304E+08,3.73203E+08,3.75156E+08,3.77169E+08,3.79232E+08,3.81332E+08,3.83477E+08,3.85684E+08,3.87975E+08,3.9038E+08,3.92857E+08,3.95325E+08,3.9786E+08,4.00467E+08,4.03132E+08,4.05869E+08,4.08632E+08,4.11442E+08,4.14387E+08,4.17389E+08,4.20438E+08,4.23533E+08,4.26674E+08,4.2988E+08,4.33143E+08,4.36446E+08,4.39792E+08,4.43185E+08,4.46609E+08,4.50007E+08,4.53364E+08,4.5672E+08,4.60091E+08,4.63471E+08,4.66851E+08,4.70235E+08,4.7365E+08,4.77079E+08,4.80448E+08,4.8369E+08,4.86786E+08,4.89794E+08,4.92754E+08,4.95689E+08,4.98619E+08,5.01549E+08,5.04434E+08,5.07255E+08,5.10015E+08,5.12691E+08,5.15291E+08,5.17804E+08,5.2022E+08,5.22589E+08,5.2493E+08,5.27207E+08,5.29427E+08,5.31579E+08,5.33672E+08,5.3572E+08,5.37723E+08,5.39689E+08,5.41624E+08,5.43525E+08,5.45369E+08,5.47128E+08,5.48796E+08,5.50378E+08,5.51899E+08,5.5339E+08,5.54879E+08,5.56392E+08,5.57946E+08,5.59536E+08,5.61145E+08,5.62757E+08,5.64367E+08,5.65981E+08,5.67612E+08,5.69283E+08,5.70977E+08,5.7268E+08,5.74388E+08,5.76095E+08,5.77793E+08,5.79467E+08,5.81106E+08,5.82742E+08,5.8441E+08,5.86113E+08,5.87837E+08,5.89562E+08,5.91256E+08,5.92909E+08,5.94547E+08,5.9617E+08,5.97781E+08,5.994E+08,6.0107E+08,6.02837E+08,6.04689E+08,6.06579E+08,6.08491E+08,6.10412E+08,6.12336E+08,6.14257E+08,6.16185E+08,6.18116E+08,6.20042E+08,6.21959E+08,6.2387E+08,6.25772E+08,6.27668E+08,6.29557E+08,6.31447E+08,6.33336E+08,6.35217E+08,6.37086E+08,6.38954E+08,6.40823E+08,6.42661E+08,6.44436E+08,6.46169E+08,6.47885E+08,6.49599E+08,6.51315E+08,6.53024E+08,6.54735E+08,6.56474E+08,6.5823E+08,6.59991E+08,6.61761E+08,6.63544E+08,6.6534E+08,6.67146E+08,6.68969E+08,6.7083E+08,6.72711E+08,6.7458E+08,6.76453E+08,6.78344E+08,6.80257E+08,6.82191E+08,6.84136E+08,6.86102E+08,6.88121E+08,6.90185E+08,6.92289E+08,6.94423E+08,6.96578E+08,6.98745E+08,7.00941E+08,7.03177E+08,7.05452E+08,7.07769E+08,7.1013E+08,7.1254E+08,7.14979E+08,7.17433E+08,7.19907E+08,7.22412E+08,7.2495E+08,7.27514E+08,7.30108E+08,7.32761E+08,7.35493E+08,7.38277E+08,7.41088E+08,7.43932E+08,7.46828E+08,7.49767E+08,7.52727E+08,7.55713E+08,7.58746E+08,7.61827E+08,7.64963E+08,7.68124E+08,7.71262E+08,7.74403E+08,7.77555E+08,7.80722E+08,7.83902E+08,7.87057E+08,7.90164E+08,7.93274E+08,7.96391E+08,7.99483E+08,8.02539E+08,8.05565E+08,8.08572E+08,8.11562E+08,8.1451E+08,8.17404E+08,8.20251E+08,8.23041E+08,8.25759E+08,8.2839E+08,8.3091E+08,8.33342E+08,8.35714E+08,8.38022E+08,8.40274E+08,8.42481E+08,8.4465E+08,8.46815E+08,8.48969E+08,8.51077E+08,8.53146E+08,8.5518E+08,8.57169E+08,8.59126E+08,8.61059E+08,8.62967E+08,8.64855E+08,8.66714E+08,8.68549E+08,8.70383E+08,8.72214E+08,8.74037E+08,8.75865E+08,8.77719E+08,8.79612E+08,8.8155E+08,8.83538E+08,8.85582E+08,8.87683E+08,8.89823E+08,8.92011E+08,8.94256E+08,8.96564E+08,8.9894E+08,9.01372E+08,9.03853E+08,9.06406E+08,9.09041E+08,9.11779E+08,9.14659E+08,9.17694E+08,9.20906E+08,9.24321E+08,9.27948E+08,9.31773E+08,9.35795E+08,9.40021E+08,9.44417E+08,9.48987E+08,9.53731E+08,9.58645E+08,9.63771E+08,9.69129E+08,9.74653E+08,9.8027E+08,9.85963E+08,9.91792E+08,9.97765E+08,1.00386E+09,1.01006E+09,1.01633E+09,1.02261E+09,1.02892E+09,1.03527E+09,1.04161E+09,1.04782E+09,1.05384E+09,1.05971E+09,1.06546E+09,1.07106E+09,1.07646E+09,1.08171E+09,1.08691E+09,1.09206E+09,1.09713E+09,1.10208E+09,1.10692E+09,1.11163E+09,1.1162E+09,1.12062E+09,1.12493E+09,1.12917E+09,1.13331E+09,1.13735E+09,1.14129E+09,1.14516E+09,1.14892E+09,1.15257E+09,1.15608E+09,1.15945E+09,1.16267E+09,1.16573E+09,1.16862E+09,1.17139E+09,1.17407E+09,1.17666E+09,1.17921E+09,1.18173E+09,1.18421E+09,1.18668E+09,1.18912E+09,1.19151E+09,1.19384E+09,1.19612E+09,1.19837E+09,1.20063E+09,1.20288E+09,1.20509E+09,1.20725E+09,1.20938E+09,1.21149E+09,1.21361E+09,1.2157E+09,1.21777E+09,1.21982E+09,1.22183E+09,1.22381E+09,1.22579E+09,1.22777E+09,1.22975E+09,1.2317E+09,1.2336E+09,1.23552E+09,1.23747E+09,1.23942E+09,1.24135E+09,1.2433E+09,1.24529E+09,1.24734E+09,1.24942E+09,1.2515E+09,1.25359E+09,1.25567E+09,1.25773E+09,1.25976E+09,1.2618E+09,1.26383E+09,1.26586E+09,1.26791E+09,1.27E+09,1.27217E+09,1.27443E+09,1.27675E+09,1.27913E+09,1.28156E+09,1.28402E+09,1.28651E+09,1.28897E+09,1.29139E+09,1.29379E+09,1.29619E+09,1.29864E+09,1.3012E+09,1.30387E+09,1.30668E+09,1.3096E+09,1.31263E+09,1.31575E+09,1.3189E+09,1.32208E+09,1.32534E+09,1.32871E+09,1.33217E+09,1.33568E+09,1.33928E+09,1.34303E+09,1.34687E+09,1.35077E+09,1.3547E+09,1.35867E+09,1.36274E+09,1.36688E+09,1.37105E+09,1.37527E+09,1.37952E+09,1.38375E+09,1.38801E+09,1.39225E+09,1.39644E+09,1.40066E+09,1.40495E+09,1.40932E+09,1.41378E+09,1.4183E+09,1.42293E+09,1.42769E+09,1.43253E+09,1.4374E+09,1.44229E+09,1.4472E+09,1.45214E+09,1.45711E+09,1.46209E+09,1.46706E+09,1.47205E+09,1.47707E+09,1.48215E+09,1.48728E+09,1.49242E+09,1.49759E+09,1.50277E+09,1.50794E+09,1.51311E+09,1.51827E+09,1.52343E+09,1.52859E+09,1.53371E+09,1.53877E+09,1.5438E+09,1.54884E+09,1.554E+09,1.55941E+09,1.56445E+09,1.57E+09,1.57517E+09,1.58013E+09,1.58513E+09,1.59084E+09,1.5971E+09,1.60209E+09,1.6074E+09,1.61297E+09,1.61837E+09,1.62372E+09,1.62931E+09,1.63536E+09,1.64068E+09,1.64623E+09,1.65156E+09,1.65647E+09,1.66124E+09,1.66602E+09,1.67131E+09,1.67721E+09,1.68211E+09,1.68703E+09,1.69148E+09,1.69596E+09,1.70063E+09,1.7057E+09,1.71005E+09,1.71443E+09,1.71882E+09,1.72318E+09,1.72752E+09,1.73182E+09,1.73612E+09,1.74036E+09,1.74453E+09,1.74862E+09,1.75264E+09,1.75655E+09,1.76031E+09,1.76393E+09,1.76746E+09,1.77096E+09,1.77443E+09,1.77784E+09,1.78122E+09,1.7846E+09,1.78797E+09,1.7913E+09,1.79459E+09,1.79787E+09,1.80112E+09,1.80434E+09,1.80753E+09,1.81068E+09,1.81377E+09,1.81681E+09,1.81978E+09,1.82272E+09,1.8256E+09,1.82839E+09,1.83109E+09,1.83376E+09,1.83642E+09,1.83909E+09,1.84176E+09,1.84443E+09,1.84712E+09,1.84983E+09,1.85255E+09,1.85526E+09,1.85794E+09,1.8606E+09,1.86329E+09,1.86602E+09,1.86881E+09,1.87161E+09,1.87441E+09,1.8772E+09,1.87998E+09,1.88272E+09,1.88539E+09,1.88801E+09,1.89061E+09,1.89321E+09,1.89581E+09,1.89841E+09,1.90103E+09,1.90369E+09,1.90636E+09,1.90902E+09,1.91172E+09,1.91445E+09,1.9172E+09,1.91999E+09,1.92283E+09,1.92573E+09,1.92867E+09,1.9316E+09,1.93455E+09,1.93754E+09,1.94057E+09,1.94359E+09,1.94659E+09,1.9496E+09,1.95265E+09,1.95574E+09,1.95891E+09,1.9621E+09,1.96531E+09,1.96856E+09,1.97185E+09,1.97519E+09,1.97858E+09,1.98201E+09,1.98554E+09,1.98923E+09,1.99304E+09,1.99692E+09,2.00086E+09,2.00485E+09,2.00887E+09,2.01288E+09,2.01685E+09,2.02079E+09,2.02475E+09,2.02873E+09,2.03272E+09,2.03673E+09,2.04079E+09,2.04493E+09,2.04909E+09,2.05327E+09,2.05747E+09,2.06168E+09,2.06589E+09,2.07009E+09,2.07425E+09,2.07838E+09,2.08248E+09,2.08655E+09,2.09063E+09,2.0947E+09,2.09876E+09,2.10281E+09,2.10687E+09,2.11094E+09,2.11498E+09,2.11898E+09,2.12297E+09,2.12692E+09,2.13079E+09,2.13457E+09,2.13841E+09,2.14212E+09,2.14582E+09,2.1495E+09,2.15316E+09,2.15686E+09,2.16059E+09,2.1643E+09,2.16794E+09,2.17155E+09,2.17513E+09,2.17872E+09,2.18229E+09,2.1859E+09,2.18946E+09,2.19302E+09,2.19659E+09,2.20015E+09,2.20369E+09,2.20725E+09,2.21099E+09,2.21451E+09,2.218E+09,2.22153E+09,2.22506E+09,2.22859E+09,2.23212E+09,2.23567E+09,2.23918E+09,2.24274E+09,2.24624E+09,2.24973E+09,2.25322E+09,2.25672E+09,2.26026E+09,2.26391E+09,2.26754E+09,2.27121E+09,2.27465E+09,2.27812E+09,2.28167E+09,2.28539E+09,2.28893E+09,2.29246E+09,2.29594E+09,2.29932E+09,2.30269E+09,2.30615E+09,2.30982E+09,2.31328E+09,2.31672E+09,2.32016E+09,2.32354E+09,2.32695E+09,2.33037E+09,2.33381E+09,2.33716E+09,2.3405E+09,2.34389E+09,2.34722E+09,2.35055E+09,2.35391E+09,2.35736E+09,2.36063E+09,2.3639E+09,2.36717E+09,2.37036E+09,2.37353E+09,2.37675E+09,2.38016E+09,2.38341E+09,2.38661E+09,2.38984E+09,2.39304E+09,2.39626E+09,2.39952E+09,2.40286E+09,2.40606E+09,2.40925E+09,2.41246E+09,2.41565E+09,2.41881E+09,2.42201E+09,2.42536E+09,2.42862E+09,2.43188E+09,2.43513E+09,2.43834E+09,2.44157E+09,2.44483E+09,2.44827E+09,2.45153E+09,2.45478E+09,2.45804E+09,2.46119E+09,2.46434E+09,2.4675E+09,2.47075E+09,2.47413E+09,2.47732E+09,2.48054E+09,2.48379E+09,2.48704E+09,2.49031E+09,2.49358E+09,2.49684E+09,2.50013E+09,2.5034E+09,2.50668E+09,2.50996E+09,2.51326E+09,2.51659E+09,2.51992E+09,2.52324E+09,2.52654E+09,2.52988E+09,2.53322E+09,2.53657E+09,2.53992E+09,2.54327E+09,2.54663E+09,2.55E+09,2.55336E+09,2.55673E+09,2.56011E+09,2.56349E+09,2.56687E+09,2.57025E+09,2.57364E+09,2.57703E+09,2.58042E+09,2.58382E+09,2.58722E+09,2.59062E+09,2.59402E+09,2.59742E+09,2.60083E+09,2.60424E+09,2.60764E+09,2.61105E+09
"Cost of Hospitalizations Cumulative[Maine]",0,0,0,0,0,0,0,0,0,0,0,0,0,0,0,0,0,0,0,0,0,0,0,0,0,0,0,0,0.119916,4.42029,22.2993,67.1427,160.086,336.266,654.942,1215.03,2180.11,3822.11,6597.99,11270.1,19088.5,32021.8,53133.7,87457.9,142895,225104,328613,446027,572048,703085,836718,971337,1.1059E+06,1.23981E+06,1.37271E+06,1.50446E+06,1.63511E+06,1.76474E+06,1.89343E+06,2.02121E+06,2.14823E+06,2.27472E+06,2.40097E+06,2.52725E+06,2.65384E+06,2.78099E+06,2.9089E+06,3.03772E+06,3.16753E+06,3.29838E+06,3.43027E+06,3.5631E+06,3.69678E+06,3.83124E+06,3.96645E+06,4.10233E+06,4.23873E+06,4.37542E+06,4.51219E+06,4.64879E+06,4.78506E+06,4.92087E+06,5.05617E+06,5.19092E+06,5.32513E+06,5.45879E+06,5.59191E+06,5.72448E+06,5.85649E+06,5.98797E+06,6.11894E+06,6.24949E+06,6.3797E+06,6.50975E+06,6.6398E+06,6.76998E+06,6.90038E+06,7.03101E+06,7.16181E+06,7.2926E+06,7.42321E+06,7.55352E+06,7.68356E+06,7.81334E+06,7.94283E+06,8.07195E+06,8.20059E+06,8.32863E+06,8.4559E+06,8.58224E+06,8.68211E+06,8.75174E+06,8.82117E+06,8.89362E+06,8.96505E+06,9.03312E+06,9.09909E+06,9.16568E+06,9.23486E+06,9.30701E+06,9.38432E+06,9.4667E+06,9.55193E+06,9.63916E+06,9.7285E+06,9.81665E+06,9.90159E+06,9.98362E+06,1.00625E+07,1.01383E+07,1.02105E+07,1.0279E+07,1.03444E+07,1.04085E+07,1.04721E+07,1.05357E+07,1.05989E+07,1.06619E+07,1.0724E+07,1.07854E+07,1.08459E+07,1.09048E+07,1.09612E+07,1.10151E+07,1.10671E+07,1.11182E+07,1.11677E+07,1.12156E+07,1.1262E+07,1.13074E+07,1.13519E+07,1.13951E+07,1.14369E+07,1.14781E+07,1.15189E+07,1.1559E+07,1.15977E+07,1.16355E+07,1.16724E+07,1.17081E+07,1.17425E+07,1.17758E+07,1.18078E+07,1.18391E+07,1.18694E+07,1.18988E+07,1.19274E+07,1.19554E+07,1.19826E+07,1.20091E+07,1.20349E+07,1.20601E+07,1.20848E+07,1.21091E+07,1.21331E+07,1.21566E+07,1.21795E+07,1.2202E+07,1.22239E+07,1.22453E+07,1.2266E+07,1.22863E+07,1.23064E+07,1.23262E+07,1.23459E+07,1.23654E+07,1.23846E+07,1.2404E+07,1.24231E+07,1.24423E+07,1.24618E+07,1.24811E+07,1.25002E+07,1.25191E+07,1.25377E+07,1.25563E+07,1.25749E+07,1.25933E+07,1.26119E+07,1.26306E+07,1.26497E+07,1.26695E+07,1.26901E+07,1.27111E+07,1.27326E+07,1.27548E+07,1.2778E+07,1.28022E+07,1.28274E+07,1.28538E+07,1.28816E+07,1.2911E+07,1.29427E+07,1.2977E+07,1.30137E+07,1.30531E+07,1.30956E+07,1.31414E+07,1.31905E+07,1.32429E+07,1.32984E+07,1.33577E+07,1.34209E+07,1.34871E+07,1.35553E+07,1.36243E+07,1.36934E+07,1.37619E+07,1.38297E+07,1.38961E+07,1.39606E+07,1.40231E+07,1.40838E+07,1.41425E+07,1.41995E+07,1.42541E+07,1.43068E+07,1.4358E+07,1.4407E+07,1.44541E+07,1.44997E+07,1.45435E+07,1.45859E+07,1.46271E+07,1.46669E+07,1.47055E+07,1.47433E+07,1.47803E+07,1.48163E+07,1.48514E+07,1.48856E+07,1.49193E+07,1.49521E+07,1.49843E+07,1.50157E+07,1.50465E+07,1.50768E+07,1.51067E+07,1.51359E+07,1.51648E+07,1.51935E+07,1.52221E+07,1.52507E+07,1.52792E+07,1.53077E+07,1.53367E+07,1.53662E+07,1.53963E+07,1.54271E+07,1.54586E+07,1.54909E+07,1.55243E+07,1.55588E+07,1.55947E+07,1.5632E+07,1.56709E+07,1.57114E+07,1.57539E+07,1.57986E+07,1.58459E+07,1.5896E+07,1.59496E+07,1.60073E+07,1.60693E+07,1.61361E+07,1.62081E+07,1.62867E+07,1.63723E+07,1.64656E+07,1.65666E+07,1.66754E+07,1.67926E+07,1.69167E+07,1.70457E+07,1.71774E+07,1.731E+07,1.74421E+07,1.75726E+07,1.76988E+07,1.78201E+07,1.7937E+07,1.80488E+07,1.81559E+07,1.82582E+07,1.83553E+07,1.84477E+07,1.85358E+07,1.86202E+07,1.8701E+07,1.87785E+07,1.88528E+07,1.89237E+07,1.89916E+07,1.90566E+07,1.9119E+07,1.91789E+07,1.92363E+07,1.92915E+07,1.93446E+07,1.93958E+07,1.94452E+07,1.9493E+07,1.95393E+07,1.95842E+07,1.96279E+07,1.96706E+07,1.97124E+07,1.97534E+07,1.97939E+07,1.98338E+07,1.98733E+07,1.99126E+07,1.99517E+07,1.99908E+07,2.003E+07,2.00696E+07,2.01097E+07,2.01504E+07,2.0192E+07,2.02346E+07,2.02786E+07,2.03242E+07,2.03716E+07,2.04214E+07,2.04739E+07,2.05296E+07,2.05891E+07,2.06529E+07,2.07217E+07,2.07963E+07,2.08777E+07,2.09667E+07,2.10647E+07,2.1173E+07,2.12933E+07,2.1427E+07,2.15759E+07,2.17417E+07,2.19253E+07,2.2126E+07,2.23413E+07,2.25681E+07,2.28024E+07,2.30417E+07,2.32834E+07,2.35248E+07,2.37649E+07,2.40032E+07,2.42397E+07,2.4475E+07,2.47087E+07,2.49402E+07,2.51703E+07,2.54004E+07,2.56301E+07,2.58587E+07,2.60857E+07,2.63111E+07,2.65349E+07,2.67549E+07,2.69702E+07,2.71829E+07,2.73959E+07,2.76084E+07,2.78199E+07,2.80333E+07,2.82513E+07,2.8472E+07,2.86936E+07,2.89162E+07,2.91405E+07,2.93668E+07,2.95957E+07,2.98275E+07,3.00613E+07,3.02979E+07,3.05368E+07,3.07779E+07,3.10209E+07,3.12654E+07,3.15104E+07,3.17578E+07,3.20071E+07,3.22577E+07,3.251E+07,3.27647E+07,3.30213E+07,3.32763E+07,3.35266E+07,3.37762E+07,3.40264E+07,3.42749E+07,3.45215E+07,3.4767E+07,3.50127E+07,3.52587E+07,3.55046E+07,3.57519E+07,3.60007E+07,3.62508E+07,3.65011E+07,3.6753E+07,3.70075E+07,3.72616E+07,3.75141E+07,3.7766E+07,3.80176E+07,3.82691E+07,3.85207E+07,3.87726E+07,3.90247E+07,3.92771E+07,3.95306E+07,3.97851E+07,4.00401E+07,4.02955E+07,4.0551E+07,4.08062E+07,4.10603E+07,4.13122E+07,4.15622E+07,4.18116E+07,4.20599E+07,4.2307E+07,4.25518E+07,4.27941E+07,4.30345E+07,4.32715E+07,4.35039E+07,4.3733E+07,4.39586E+07,4.41813E+07,4.44012E+07,4.46189E+07,4.48363E+07,4.50529E+07,4.52676E+07,4.54801E+07,4.56912E+07,4.59014E+07,4.61107E+07,4.63182E+07,4.65245E+07,4.673E+07,4.69339E+07,4.71359E+07,4.73356E+07,4.75344E+07,4.77336E+07,4.79316E+07,4.81282E+07,4.83235E+07,4.85173E+07,4.87093E+07,4.88993E+07,4.9087E+07,4.92723E+07,4.94551E+07,4.96353E+07,4.9813E+07,4.99885E+07,5.01618E+07,5.03326E+07,5.0501E+07,5.06672E+07,5.08311E+07,5.09929E+07,5.11527E+07,5.13104E+07,5.14663E+07,5.16205E+07,5.17729E+07,5.19237E+07,5.2073E+07,5.22208E+07,5.23671E+07,5.2512E+07,5.26554E+07,5.27971E+07,5.29373E+07,5.30757E+07,5.32124E+07,5.33473E+07,5.34804E+07,5.36117E+07,5.37414E+07,5.38695E+07,5.3996E+07,5.41209E+07,5.4244E+07,5.43656E+07,5.44854E+07,5.46037E+07,5.47203E+07,5.48351E+07,5.49484E+07,5.50599E+07,5.51699E+07,5.52782E+07,5.53849E+07,5.549E+07,5.55934E+07,5.56952E+07,5.57954E+07,5.58939E+07,5.59908E+07,5.60862E+07,5.61801E+07,5.62726E+07,5.63639E+07,5.64541E+07,5.65432E+07,5.66315E+07,5.6719E+07,5.68058E+07,5.6892E+07,5.69776E+07,5.70627E+07,5.71476E+07,5.72323E+07,5.73172E+07,5.74022E+07,5.74875E+07,5.75731E+07,5.76592E+07,5.77458E+07,5.7833E+07,5.79208E+07,5.80092E+07,5.80987E+07,5.81891E+07,5.82808E+07,5.83735E+07,5.84673E+07,5.85624E+07,5.8659E+07,5.87573E+07,5.88574E+07,5.89589E+07,5.90616E+07,5.91647E+07,5.92693E+07,5.93758E+07,5.94834E+07,5.95922E+07,5.97E+07,5.98084E+07,5.99201E+07,6.00322E+07,6.01423E+07,6.02532E+07,6.03652E+07,6.04778E+07,6.0588E+07,6.06956E+07,6.08019E+07,6.09074E+07,6.10111E+07,6.11133E+07,6.12135E+07,6.13115E+07,6.14077E+07,6.15019E+07,6.15935E+07,6.16834E+07,6.17719E+07,6.18592E+07,6.19449E+07,6.20281E+07,6.21089E+07,6.21881E+07,6.22669E+07,6.23445E+07,6.24204E+07,6.24972E+07,6.25759E+07,6.26561E+07,6.27369E+07,6.28167E+07,6.28952E+07,6.29721E+07,6.30463E+07,6.31186E+07,6.31888E+07,6.32565E+07,6.33239E+07,6.33918E+07,6.34607E+07,6.35298E+07,6.3598E+07,6.36662E+07,6.37349E+07,6.38037E+07,6.38728E+07,6.39422E+07,6.40125E+07,6.4084E+07,6.41568E+07,6.42303E+07,6.43042E+07,6.43791E+07,6.44552E+07,6.4532E+07,6.46098E+07,6.46894E+07,6.47718E+07,6.48575E+07,6.49471E+07,6.50428E+07,6.51467E+07,6.52597E+07,6.53827E+07,6.55161E+07,6.56609E+07,6.5818E+07,6.59881E+07,6.61715E+07,6.63681E+07,6.65765E+07,6.67956E+07,6.70231E+07,6.72597E+07,6.7507E+07,6.77639E+07,6.80282E+07,6.82987E+07,6.85749E+07,6.88571E+07,6.91456E+07,6.94402E+07,6.97411E+07,7.00476E+07,7.03606E+07,7.06799E+07,7.10041E+07,7.13317E+07,7.16625E+07,7.19969E+07,7.23377E+07,7.26829E+07,7.30327E+07,7.33865E+07,7.37415E+07,7.40965E+07,7.44562E+07,7.48238E+07,7.5201E+07,7.55866E+07,7.59775E+07,7.63751E+07,7.67847E+07,7.72069E+07,7.76349E+07,7.80652E+07,7.84988E+07,7.89365E+07,7.93779E+07,7.98243E+07,8.02757E+07,8.073E+07,8.11888E+07,8.16545E+07,8.21245E+07,8.26003E+07,8.30793E+07,8.35569E+07,8.40371E+07,8.45204E+07,8.50073E+07,8.55007E+07,8.59996E+07,8.65042E+07,8.70196E+07,8.75442E+07,8.80777E+07,8.8621E+07,8.91733E+07,8.97307E+07,9.02911E+07,9.08577E+07,9.14404E+07,9.20369E+07,9.2643E+07,9.32562E+07,9.38801E+07,9.45178E+07,9.5166E+07,9.58183E+07,9.64789E+07,9.71482E+07,9.78281E+07,9.85178E+07,9.92177E+07,9.9929E+07,1.00651E+08,1.01382E+08,1.02128E+08,1.02884E+08,1.0365E+08,1.04427E+08,1.05213E+08,1.0601E+08,1.06817E+08,1.07632E+08,1.08457E+08,1.09292E+08,1.10139E+08,1.11001E+08,1.11873E+08,1.12754E+08,1.13647E+08,1.14547E+08,1.15459E+08,1.16383E+08,1.17311E+08,1.18247E+08,1.19195E+08,1.20149E+08,1.21107E+08,1.22071E+08,1.23037E+08,1.24004E+08,1.24966E+08,1.25913E+08,1.26853E+08,1.278E+08,1.28746E+08,1.29692E+08,1.30647E+08,1.31617E+08,1.32603E+08,1.33598E+08,1.3459E+08,1.35579E+08,1.3657E+08,1.37557E+08,1.3854E+08,1.39519E+08,1.40494E+08,1.41464E+08,1.42433E+08,1.43399E+08,1.44364E+08,1.45326E+08,1.46284E+08,1.47236E+08,1.48181E+08,1.4912E+08,1.50049E+08,1.50965E+08,1.51869E+08,1.52754E+08,1.53621E+08,1.54476E+08,1.55322E+08,1.56157E+08,1.56978E+08,1.57782E+08,1.58574E+08,1.59357E+08,1.60134E+08,1.60909E+08,1.61679E+08,1.62446E+08,1.63219E+08,1.63996E+08,1.64771E+08,1.65535E+08,1.66287E+08,1.67029E+08,1.67759E+08,1.68474E+08,1.69177E+08,1.69868E+08,1.70544E+08,1.71204E+08,1.71848E+08,1.72479E+08,1.73093E+08,1.73691E+08,1.74271E+08,1.74839E+08,1.75394E+08,1.7594E+08,1.76477E+08,1.77003E+08,1.77515E+08,1.78018E+08,1.78505E+08,1.78978E+08,1.79436E+08,1.79881E+08,1.80311E+08,1.80725E+08,1.81125E+08,1.81515E+08,1.81893E+08,1.82257E+08,1.82607E+08,1.82941E+08,1.83262E+08,1.83576E+08,1.8388E+08,1.84176E+08,1.84462E+08,1.84741E+08,1.85018E+08,1.85292E+08,1.85561E+08,1.85825E+08,1.86087E+08,1.86344E+08,1.8659E+08,1.86828E+08,1.87058E+08,1.87282E+08,1.87503E+08,1.87719E+08,1.87931E+08,1.88144E+08,1.88354E+08,1.8856E+08,1.88763E+08,1.88962E+08,1.89158E+08,1.89349E+08,1.89533E+08,1.89712E+08,1.89886E+08,1.90057E+08,1.90227E+08,1.90396E+08,1.90564E+08,1.90732E+08,1.90902E+08,1.91073E+08,1.91242E+08,1.91412E+08,1.91586E+08,1.91761E+08,1.91937E+08,1.92116E+08,1.92296E+08,1.92478E+08,1.92663E+08,1.92853E+08,1.93052E+08,1.9326E+08,1.93475E+08,1.93701E+08,1.93941E+08,1.94191E+08,1.94448E+08,1.94713E+08,1.94988E+08,1.95273E+08,1.95568E+08,1.95867E+08,1.9617E+08,1.96477E+08,1.96788E+08,1.971E+08,1.97413E+08,1.97726E+08,1.98038E+08,1.98346E+08,1.98649E+08,1.9894E+08,1.99217E+08,1.99484E+08,1.99742E+08,1.99992E+08,2.00242E+08,2.00493E+08,2.00754E+08,2.01026E+08,2.01304E+08,2.01589E+08,2.01878E+08,2.02167E+08,2.02456E+08,2.0274E+08,2.0302E+08,2.03296E+08,2.03568E+08,2.03837E+08,2.04107E+08,2.04377E+08,2.04646E+08,2.0492E+08,2.05197E+08,2.05474E+08,2.0575E+08,2.06028E+08,2.06308E+08,2.06589E+08,2.06867E+08,2.07146E+08,2.07431E+08,2.07718E+08,2.08006E+08,2.08296E+08,2.08587E+08,2.08878E+08,2.09168E+08,2.09453E+08,2.09737E+08,2.10022E+08,2.10308E+08,2.10589E+08,2.10867E+08,2.11151E+08,2.11438E+08,2.11732E+08,2.12029E+08,2.12332E+08,2.12645E+08,2.12963E+08,2.13277E+08,2.13585E+08,2.13893E+08,2.14206E+08,2.14528E+08,2.14858E+08,2.15197E+08,2.1555E+08,2.15924E+08,2.16315E+08,2.16713E+08,2.17114E+08,2.17516E+08,2.17923E+08,2.18342E+08,2.18773E+08,2.19219E+08,2.1968E+08,2.20157E+08,2.20651E+08,2.21157E+08,2.21677E+08,2.22209E+08,2.22754E+08,2.23317E+08,2.23894E+08,2.24489E+08,2.25103E+08,2.25733E+08,2.2638E+08,2.27041E+08,2.27715E+08,2.28405E+08,2.2911E+08,2.29823E+08,2.30546E+08,2.31276E+08,2.32014E+08,2.3276E+08,2.33513E+08,2.34269E+08,2.3503E+08,2.35798E+08,2.36572E+08,2.3735E+08,2.38131E+08,2.38916E+08,2.39704E+08,2.40492E+08,2.41278E+08,2.42066E+08,2.42854E+08,2.43641E+08,2.44428E+08,2.45215E+08,2.46003E+08,2.46789E+08,2.47571E+08,2.4835E+08,2.49124E+08,2.49893E+08,2.50657E+08,2.51416E+08,2.5217E+08,2.52916E+08,2.53655E+08,2.54389E+08,2.55115E+08,2.55834E+08,2.56544E+08,2.57246E+08,2.57941E+08,2.58628E+08,2.59306E+08,2.59977E+08,2.60639E+08,2.61293E+08,2.61939E+08,2.62576E+08,2.63203E+08,2.6382E+08,2.64428E+08,2.65025E+08,2.65613E+08,2.66189E+08,2.66755E+08,2.67311E+08,2.67857E+08,2.68394E+08,2.68917E+08,2.69432E+08,2.6994E+08,2.7044E+08,2.7093E+08,2.71413E+08,2.71889E+08,2.7236E+08,2.72824E+08,2.73278E+08,2.73724E+08,2.74163E+08,2.74593E+08,2.75015E+08,2.75428E+08,2.75832E+08,2.7623E+08,2.76619E+08,2.76981E+08,2.77361E+08,2.77732E+08,2.78097E+08,2.78457E+08,2.78812E+08,2.79162E+08,2.79508E+08,2.79849E+08,2.80188E+08,2.80522E+08,2.80855E+08,2.81185E+08,2.81513E+08,2.8184E+08,2.82166E+08,2.82492E+08,2.82818E+08,2.83145E+08,2.83474E+08,2.83804E+08,2.84138E+08,2.84474E+08,2.84815E+08,2.8516E+08,2.85511E+08
"Cost of Hospitalizations Cumulative[Maryland]",0,0,0,0,0,0,0,0,0,0,0,0,0,0,0,0,0,0,0,0,0,0,0,0,0,0,0,0,0.205013,2.77988,10.6555,26.6932,53.9551,95.8851,156.544,240.838,354.661,505.086,700.514,950.677,1266.95,1663.18,2156.68,2768.2,3521.75,4445.94,5573.19,6940.59,8591.82,10580.3,12973.1,15858.7,19349.8,23586.1,28737.2,35011.1,42658.8,51973,63303.1,77072.9,93809,114190,139081,169561,206978,252958,309337,378259,462411,565343,691310,845362,1.03363E+06,1.26366E+06,1.54447E+06,1.88631E+06,2.30016E+06,2.79737E+06,3.3885E+06,4.08197E+06,4.88426E+06,5.80038E+06,6.83346E+06,7.98393E+06,9.25006E+06,1.06295E+07,1.2119E+07,1.37146E+07,1.54112E+07,1.72041E+07,1.9089E+07,2.10621E+07,2.31196E+07,2.5258E+07,2.74744E+07,2.97656E+07,3.21278E+07,3.45565E+07,3.70467E+07,3.95927E+07,4.21879E+07,4.48257E+07,4.75013E+07,5.02108E+07,5.29506E+07,5.57172E+07,5.85078E+07,6.13198E+07,6.41504E+07,6.69968E+07,6.98566E+07,7.27271E+07,7.56058E+07,7.79361E+07,7.97763E+07,8.17094E+07,8.36099E+07,8.55154E+07,8.75665E+07,8.97062E+07,9.18188E+07,9.38843E+07,9.59041E+07,9.79187E+07,9.99633E+07,1.02022E+08,1.04072E+08,1.06123E+08,1.08187E+08,1.10255E+08,1.12314E+08,1.1437E+08,1.16425E+08,1.18477E+08,1.20517E+08,1.22533E+08,1.24514E+08,1.2647E+08,1.28404E+08,1.30313E+08,1.3221E+08,1.3408E+08,1.35925E+08,1.37752E+08,1.39555E+08,1.41341E+08,1.43111E+08,1.44837E+08,1.4653E+08,1.48185E+08,1.49802E+08,1.51377E+08,1.52904E+08,1.5439E+08,1.5585E+08,1.57286E+08,1.58699E+08,1.60093E+08,1.61468E+08,1.6282E+08,1.64149E+08,1.65464E+08,1.66762E+08,1.68042E+08,1.69298E+08,1.70531E+08,1.71746E+08,1.72947E+08,1.74133E+08,1.75302E+08,1.76457E+08,1.77595E+08,1.78716E+08,1.79819E+08,1.80907E+08,1.81976E+08,1.83027E+08,1.8406E+08,1.85074E+08,1.86068E+08,1.87044E+08,1.88005E+08,1.88953E+08,1.89889E+08,1.9081E+08,1.91719E+08,1.92617E+08,1.93504E+08,1.94379E+08,1.95245E+08,1.96101E+08,1.96945E+08,1.97776E+08,1.98594E+08,1.99399E+08,2.00193E+08,2.00985E+08,2.01773E+08,2.02556E+08,2.0333E+08,2.04093E+08,2.04848E+08,2.05593E+08,2.06324E+08,2.07043E+08,2.07749E+08,2.08441E+08,2.09116E+08,2.0978E+08,2.10434E+08,2.11075E+08,2.11694E+08,2.12304E+08,2.1291E+08,2.13513E+08,2.14107E+08,2.1469E+08,2.1526E+08,2.15825E+08,2.16385E+08,2.16941E+08,2.17494E+08,2.18047E+08,2.18602E+08,2.19159E+08,2.19713E+08,2.20257E+08,2.20791E+08,2.21324E+08,2.21852E+08,2.22377E+08,2.22903E+08,2.23434E+08,2.23971E+08,2.24506E+08,2.25035E+08,2.25566E+08,2.26099E+08,2.26636E+08,2.27176E+08,2.27724E+08,2.2828E+08,2.28847E+08,2.2943E+08,2.3002E+08,2.30613E+08,2.31211E+08,2.31813E+08,2.32418E+08,2.33023E+08,2.33624E+08,2.34226E+08,2.34831E+08,2.35439E+08,2.36048E+08,2.36661E+08,2.37277E+08,2.37895E+08,2.38517E+08,2.39144E+08,2.39775E+08,2.40413E+08,2.41056E+08,2.41706E+08,2.42358E+08,2.43011E+08,2.43665E+08,2.44322E+08,2.44984E+08,2.4565E+08,2.46318E+08,2.4699E+08,2.47671E+08,2.48356E+08,2.49043E+08,2.49731E+08,2.50417E+08,2.51102E+08,2.51784E+08,2.52461E+08,2.53133E+08,2.53798E+08,2.54453E+08,2.55114E+08,2.55779E+08,2.56453E+08,2.5714E+08,2.57838E+08,2.58551E+08,2.59277E+08,2.60008E+08,2.60744E+08,2.61481E+08,2.6221E+08,2.62938E+08,2.63678E+08,2.64425E+08,2.65173E+08,2.65922E+08,2.66673E+08,2.67435E+08,2.68204E+08,2.68975E+08,2.6975E+08,2.70526E+08,2.71308E+08,2.72101E+08,2.72905E+08,2.73716E+08,2.74529E+08,2.75342E+08,2.76155E+08,2.76966E+08,2.77775E+08,2.78581E+08,2.79383E+08,2.8018E+08,2.80976E+08,2.81774E+08,2.82573E+08,2.83371E+08,2.84167E+08,2.84962E+08,2.85759E+08,2.86554E+08,2.87347E+08,2.88141E+08,2.88938E+08,2.89737E+08,2.90536E+08,2.91336E+08,2.9214E+08,2.92947E+08,2.9375E+08,2.94553E+08,2.95347E+08,2.96132E+08,2.96926E+08,2.97743E+08,2.98584E+08,2.99456E+08,3.00355E+08,3.01288E+08,3.02254E+08,3.03241E+08,3.04245E+08,3.05266E+08,3.06303E+08,3.07359E+08,3.08434E+08,3.09525E+08,3.10634E+08,3.11763E+08,3.12911E+08,3.14082E+08,3.15275E+08,3.16496E+08,3.1775E+08,3.19037E+08,3.20351E+08,3.21696E+08,3.23074E+08,3.24486E+08,3.25937E+08,3.27427E+08,3.28963E+08,3.30549E+08,3.32192E+08,3.33895E+08,3.35651E+08,3.37455E+08,3.39304E+08,3.41192E+08,3.43121E+08,3.45075E+08,3.47035E+08,3.4898E+08,3.50918E+08,3.52869E+08,3.54833E+08,3.56802E+08,3.58807E+08,3.60873E+08,3.6301E+08,3.65206E+08,3.67445E+08,3.69732E+08,3.72065E+08,3.74423E+08,3.76805E+08,3.79215E+08,3.81643E+08,3.84077E+08,3.86507E+08,3.88939E+08,3.91392E+08,3.93857E+08,3.96325E+08,3.98798E+08,4.01281E+08,4.03796E+08,4.06339E+08,4.08898E+08,4.11477E+08,4.14079E+08,4.16708E+08,4.19366E+08,4.22005E+08,4.24588E+08,4.27125E+08,4.29632E+08,4.32116E+08,4.34586E+08,4.37036E+08,4.39478E+08,4.41919E+08,4.44358E+08,4.46793E+08,4.49222E+08,4.51644E+08,4.54065E+08,4.56503E+08,4.58966E+08,4.61435E+08,4.63897E+08,4.66345E+08,4.68779E+08,4.71194E+08,4.73592E+08,4.75981E+08,4.78356E+08,4.80711E+08,4.8305E+08,4.85381E+08,4.87712E+08,4.90038E+08,4.9236E+08,4.94682E+08,4.97009E+08,4.99349E+08,5.01693E+08,5.04032E+08,5.06368E+08,5.08697E+08,5.11007E+08,5.13291E+08,5.15531E+08,5.17729E+08,5.1991E+08,5.22084E+08,5.24244E+08,5.26392E+08,5.28534E+08,5.30693E+08,5.32864E+08,5.3502E+08,5.37146E+08,5.39245E+08,5.41326E+08,5.43398E+08,5.4545E+08,5.47479E+08,5.49491E+08,5.5148E+08,5.53455E+08,5.55426E+08,5.57403E+08,5.59391E+08,5.61388E+08,5.63397E+08,5.65418E+08,5.6744E+08,5.69449E+08,5.71438E+08,5.7341E+08,5.75364E+08,5.77298E+08,5.79212E+08,5.81114E+08,5.83003E+08,5.84884E+08,5.86753E+08,5.88609E+08,5.9045E+08,5.92278E+08,5.94095E+08,5.95905E+08,5.97703E+08,5.99491E+08,6.01261E+08,6.03008E+08,6.04745E+08,6.06478E+08,6.08203E+08,6.0993E+08,6.11665E+08,6.1342E+08,6.15193E+08,6.1697E+08,6.18744E+08,6.20515E+08,6.22282E+08,6.24035E+08,6.25774E+08,6.27499E+08,6.29214E+08,6.30924E+08,6.32629E+08,6.34323E+08,6.36013E+08,6.37704E+08,6.39398E+08,6.41099E+08,6.42795E+08,6.44485E+08,6.46172E+08,6.47855E+08,6.4953E+08,6.51197E+08,6.52854E+08,6.54502E+08,6.56143E+08,6.57777E+08,6.59405E+08,6.61028E+08,6.62647E+08,6.6426E+08,6.65872E+08,6.67483E+08,6.69094E+08,6.70703E+08,6.72311E+08,6.73916E+08,6.75518E+08,6.77117E+08,6.78712E+08,6.80304E+08,6.81893E+08,6.83473E+08,6.85051E+08,6.86623E+08,6.8819E+08,6.89757E+08,6.91329E+08,6.92908E+08,6.94489E+08,6.96065E+08,6.97636E+08,6.992E+08,7.00759E+08,7.02312E+08,7.03857E+08,7.05396E+08,7.0694E+08,7.0848E+08,7.10013E+08,7.11547E+08,7.13077E+08,7.14593E+08,7.16089E+08,7.17554E+08,7.18994E+08,7.20423E+08,7.21843E+08,7.23249E+08,7.24631E+08,7.25989E+08,7.27347E+08,7.28719E+08,7.301E+08,7.31478E+08,7.32864E+08,7.34271E+08,7.35676E+08,7.37052E+08,7.38399E+08,7.39727E+08,7.41049E+08,7.4237E+08,7.4369E+08,7.45007E+08,7.46316E+08,7.47618E+08,7.48912E+08,7.50207E+08,7.51502E+08,7.52794E+08,7.54077E+08,7.55352E+08,7.56626E+08,7.57897E+08,7.59158E+08,7.60409E+08,7.61644E+08,7.62866E+08,7.64068E+08,7.6525E+08,7.66415E+08,7.67566E+08,7.68699E+08,7.69805E+08,7.70899E+08,7.72009E+08,7.73133E+08,7.74269E+08,7.75427E+08,7.76618E+08,7.77854E+08,7.79125E+08,7.80413E+08,7.81732E+08,7.83086E+08,7.84469E+08,7.85895E+08,7.87372E+08,7.88905E+08,7.90502E+08,7.92168E+08,7.93913E+08,7.95741E+08,7.97649E+08,7.9964E+08,8.01723E+08,8.0391E+08,8.06208E+08,8.08627E+08,8.11173E+08,8.13839E+08,8.16636E+08,8.19572E+08,8.22643E+08,8.2584E+08,8.29148E+08,8.3255E+08,8.36054E+08,8.39659E+08,8.43355E+08,8.47122E+08,8.50955E+08,8.54854E+08,8.58814E+08,8.62829E+08,8.66887E+08,8.7099E+08,8.75153E+08,8.79375E+08,8.83652E+08,8.87984E+08,8.92364E+08,8.96792E+08,9.01275E+08,9.05819E+08,9.10422E+08,9.15081E+08,9.19782E+08,9.24507E+08,9.29267E+08,9.3405E+08,9.38825E+08,9.43602E+08,9.48383E+08,9.53169E+08,9.57943E+08,9.62665E+08,9.6739E+08,9.72184E+08,9.77034E+08,9.81908E+08,9.86791E+08,9.9169E+08,9.96635E+08,1.00159E+09,1.0065E+09,1.01137E+09,1.01624E+09,1.0211E+09,1.02594E+09,1.03076E+09,1.03554E+09,1.04034E+09,1.04514E+09,1.04993E+09,1.05468E+09,1.0594E+09,1.06408E+09,1.06878E+09,1.07347E+09,1.07813E+09,1.08275E+09,1.08731E+09,1.0918E+09,1.0963E+09,1.10081E+09,1.10531E+09,1.1098E+09,1.11427E+09,1.11876E+09,1.12324E+09,1.1277E+09,1.1321E+09,1.13646E+09,1.14079E+09,1.14509E+09,1.14936E+09,1.1536E+09,1.15782E+09,1.16203E+09,1.16624E+09,1.17042E+09,1.17459E+09,1.17872E+09,1.18283E+09,1.18691E+09,1.19097E+09,1.19497E+09,1.19893E+09,1.20283E+09,1.20671E+09,1.21056E+09,1.2144E+09,1.21823E+09,1.22204E+09,1.22583E+09,1.22962E+09,1.23341E+09,1.23719E+09,1.24097E+09,1.24474E+09,1.24851E+09,1.25229E+09,1.25607E+09,1.25985E+09,1.26364E+09,1.26743E+09,1.27122E+09,1.27502E+09,1.27882E+09,1.28263E+09,1.28645E+09,1.29027E+09,1.29407E+09,1.29785E+09,1.30157E+09,1.30517E+09,1.30868E+09,1.31217E+09,1.31569E+09,1.31925E+09,1.32289E+09,1.32661E+09,1.33046E+09,1.3344E+09,1.33836E+09,1.3423E+09,1.34623E+09,1.35014E+09,1.35403E+09,1.35794E+09,1.36186E+09,1.3658E+09,1.36979E+09,1.37381E+09,1.37789E+09,1.38205E+09,1.38632E+09,1.39066E+09,1.39509E+09,1.39962E+09,1.40425E+09,1.40899E+09,1.4138E+09,1.41868E+09,1.42357E+09,1.42845E+09,1.43335E+09,1.43825E+09,1.44315E+09,1.44804E+09,1.45293E+09,1.45785E+09,1.46282E+09,1.46782E+09,1.47286E+09,1.47791E+09,1.48301E+09,1.48815E+09,1.49331E+09,1.49851E+09,1.50369E+09,1.50885E+09,1.514E+09,1.51909E+09,1.52414E+09,1.52917E+09,1.53417E+09,1.53911E+09,1.54399E+09,1.54881E+09,1.55362E+09,1.55838E+09,1.56307E+09,1.56772E+09,1.57234E+09,1.57697E+09,1.58157E+09,1.58613E+09,1.59062E+09,1.59507E+09,1.59944E+09,1.60376E+09,1.60803E+09,1.61224E+09,1.61636E+09,1.62038E+09,1.62432E+09,1.62821E+09,1.63203E+09,1.63578E+09,1.63946E+09,1.64309E+09,1.6467E+09,1.65029E+09,1.65381E+09,1.65728E+09,1.66071E+09,1.66413E+09,1.66754E+09,1.67094E+09,1.67432E+09,1.67768E+09,1.68102E+09,1.6843E+09,1.68748E+09,1.69064E+09,1.69379E+09,1.69694E+09,1.70006E+09,1.70317E+09,1.7063E+09,1.70948E+09,1.71263E+09,1.71571E+09,1.71876E+09,1.72178E+09,1.72481E+09,1.72781E+09,1.73077E+09,1.7337E+09,1.7366E+09,1.73948E+09,1.74235E+09,1.74522E+09,1.7481E+09,1.751E+09,1.75394E+09,1.7569E+09,1.75988E+09,1.76287E+09,1.76585E+09,1.76882E+09,1.7718E+09,1.77478E+09,1.77776E+09,1.78073E+09,1.78372E+09,1.78672E+09,1.78973E+09,1.79276E+09,1.79581E+09,1.79888E+09,1.80195E+09,1.80501E+09,1.80807E+09,1.81112E+09,1.81411E+09,1.81704E+09,1.81996E+09,1.82288E+09,1.82582E+09,1.82876E+09,1.83168E+09,1.83458E+09,1.83746E+09,1.84031E+09,1.84313E+09,1.84593E+09,1.84872E+09,1.85149E+09,1.85422E+09,1.85696E+09,1.85969E+09,1.86242E+09,1.86516E+09,1.86791E+09,1.87074E+09,1.87368E+09,1.87668E+09,1.87972E+09,1.88278E+09,1.88588E+09,1.88897E+09,1.89203E+09,1.89506E+09,1.89808E+09,1.90112E+09,1.90418E+09,1.90726E+09,1.91036E+09,1.91348E+09,1.91663E+09,1.91977E+09,1.9229E+09,1.92603E+09,1.92919E+09,1.93237E+09,1.93558E+09,1.93883E+09,1.94214E+09,1.94548E+09,1.94885E+09,1.95222E+09,1.9556E+09,1.95899E+09,1.96237E+09,1.96574E+09,1.96906E+09,1.97235E+09,1.97562E+09,1.97887E+09,1.98207E+09,1.98521E+09,1.98835E+09,1.99152E+09,1.99472E+09,1.99793E+09,2.00115E+09,2.00441E+09,2.00765E+09,2.01078E+09,2.0138E+09,2.01677E+09,2.01975E+09,2.02276E+09,2.02579E+09,2.02887E+09,2.03206E+09,2.03536E+09,2.03872E+09,2.04209E+09,2.04547E+09,2.04884E+09,2.05222E+09,2.05566E+09,2.05917E+09,2.06274E+09,2.06637E+09,2.07006E+09,2.07381E+09,2.07759E+09,2.08141E+09,2.08529E+09,2.08923E+09,2.09323E+09,2.09729E+09,2.10141E+09,2.10561E+09,2.10987E+09,2.11416E+09,2.11849E+09,2.12283E+09,2.1272E+09,2.13161E+09,2.13603E+09,2.14044E+09,2.14483E+09,2.1492E+09,2.15354E+09,2.15783E+09,2.16206E+09,2.16625E+09,2.1704E+09,2.1745E+09,2.17852E+09,2.18249E+09,2.18641E+09,2.19027E+09,2.19402E+09,2.19769E+09,2.2013E+09,2.20486E+09,2.20835E+09,2.21177E+09,2.21512E+09,2.21843E+09,2.22169E+09,2.22488E+09,2.22801E+09,2.23108E+09,2.23411E+09,2.2371E+09,2.24006E+09,2.24299E+09,2.24587E+09,2.24872E+09,2.25152E+09,2.25429E+09,2.25703E+09,2.25974E+09,2.26241E+09,2.26505E+09,2.26766E+09,2.27026E+09,2.27286E+09,2.27544E+09,2.27801E+09,2.28058E+09,2.28314E+09,2.2857E+09,2.28826E+09,2.29081E+09,2.29336E+09,2.29591E+09,2.29846E+09,2.30103E+09,2.3036E+09,2.30617E+09,2.30875E+09,2.31132E+09,2.31389E+09,2.31648E+09,2.31909E+09,2.32171E+09,2.32435E+09,2.32701E+09,2.32971E+09,2.33243E+09,2.33516E+09,2.33789E+09,2.34063E+09,2.34339E+09,2.34616E+09,2.34894E+09,2.35173E+09,2.35451E+09,2.35712E+09,2.35961E+09,2.36255E+09,2.36543E+09,2.36832E+09,2.3712E+09,2.3741E+09,2.37701E+09,2.37993E+09,2.38286E+09,2.3858E+09,2.38875E+09,2.3917E+09,2.39467E+09,2.39765E+09,2.40064E+09,2.40363E+09,2.40663E+09,2.40964E+09,2.41265E+09,2.41567E+09,2.4187E+09,2.42173E+09,2.42476E+09,2.4278E+09,2.43084E+09,2.43388E+09
"Cost of Hospitalizations Cumulative[Massachusetts]",0,0,0,0,0,0,0,0,0,0,0,0,0,0,0,0,0,0,0,0,0,0,0,0,0,0,0,0,0,0,0,0,0,0,0,0,0,0,0,0.354288,2.8469,9.2831,21.2039,40.1063,67.4834,104.861,153.849,216.093,293.331,387.541,501.047,636.648,797.789,988.684,1214.27,1480.22,1793.25,2160.78,2590.47,3091.16,3674.17,4354,5148.92,6080.82,7175.58,8463.92,9981.74,11769.4,13873.3,16349,19260.7,22679.6,26687.6,31383.1,36882.3,43311.6,50798.6,59474,69478.8,80966.5,91102.4,98900.7,107588,117472,128696,141428,155859,172210,190733,211722,235524,262547,293281,328318,368350,414167,466683,526930,596001,675031,765206,867886,984759,1.11772E+06,1.26877E+06,1.44008E+06,1.63397E+06,1.85289E+06,2.0993E+06,2.37571E+06,2.69183E+06,3.06049E+06,3.4634E+06,3.89754E+06,4.37334E+06,4.89556E+06,5.48352E+06,6.14305E+06,6.90184E+06,7.74367E+06,8.61669E+06,9.58834E+06,1.06796E+07,1.19E+07,1.32464E+07,1.47447E+07,1.64191E+07,1.8265E+07,2.02754E+07,2.24527E+07,2.4775E+07,2.72201E+07,2.97661E+07,3.23723E+07,3.50154E+07,3.76533E+07,4.0246E+07,4.27874E+07,4.52741E+07,4.77044E+07,5.00749E+07,5.2386E+07,5.46327E+07,5.68181E+07,5.89423E+07,6.10161E+07,6.30444E+07,6.50257E+07,6.69567E+07,6.88508E+07,7.07119E+07,7.25329E+07,7.43062E+07,7.60404E+07,7.77484E+07,7.94271E+07,8.10744E+07,8.26789E+07,8.42452E+07,8.57884E+07,8.73072E+07,8.87895E+07,9.02403E+07,9.16615E+07,9.30545E+07,9.44182E+07,9.57497E+07,9.7053E+07,9.8333E+07,9.95921E+07,1.00824E+08,1.02023E+08,1.03191E+08,1.04334E+08,1.05455E+08,1.06548E+08,1.07609E+08,1.0864E+08,1.09645E+08,1.10616E+08,1.11556E+08,1.1247E+08,1.13359E+08,1.14227E+08,1.15075E+08,1.15906E+08,1.16726E+08,1.17518E+08,1.18266E+08,1.18966E+08,1.19619E+08,1.20224E+08,1.20794E+08,1.2134E+08,1.21875E+08,1.2241E+08,1.22955E+08,1.23507E+08,1.24063E+08,1.24617E+08,1.25156E+08,1.25682E+08,1.26192E+08,1.26687E+08,1.27167E+08,1.27632E+08,1.28077E+08,1.28508E+08,1.28927E+08,1.29336E+08,1.29738E+08,1.30131E+08,1.30515E+08,1.30889E+08,1.31254E+08,1.3161E+08,1.31957E+08,1.32295E+08,1.32627E+08,1.32952E+08,1.33271E+08,1.33585E+08,1.33893E+08,1.34198E+08,1.34496E+08,1.34784E+08,1.35064E+08,1.35339E+08,1.35609E+08,1.35873E+08,1.36131E+08,1.36384E+08,1.36635E+08,1.36881E+08,1.37125E+08,1.37367E+08,1.37607E+08,1.37846E+08,1.38087E+08,1.38328E+08,1.38571E+08,1.38817E+08,1.39064E+08,1.39312E+08,1.39565E+08,1.3982E+08,1.40077E+08,1.40337E+08,1.406E+08,1.40867E+08,1.41136E+08,1.41408E+08,1.41683E+08,1.41962E+08,1.42245E+08,1.42531E+08,1.42821E+08,1.43118E+08,1.43423E+08,1.43733E+08,1.44049E+08,1.44374E+08,1.44706E+08,1.45046E+08,1.45392E+08,1.45744E+08,1.46102E+08,1.46467E+08,1.46837E+08,1.47212E+08,1.47593E+08,1.4798E+08,1.48376E+08,1.48781E+08,1.49193E+08,1.49613E+08,1.50041E+08,1.50476E+08,1.50917E+08,1.51367E+08,1.51826E+08,1.52293E+08,1.52769E+08,1.53254E+08,1.5375E+08,1.54257E+08,1.54775E+08,1.55304E+08,1.55846E+08,1.56399E+08,1.56966E+08,1.57544E+08,1.58136E+08,1.58742E+08,1.59361E+08,1.59995E+08,1.60644E+08,1.61309E+08,1.61989E+08,1.62685E+08,1.63397E+08,1.64126E+08,1.64871E+08,1.65633E+08,1.66412E+08,1.67208E+08,1.6802E+08,1.6885E+08,1.69696E+08,1.70558E+08,1.71434E+08,1.72323E+08,1.73222E+08,1.74131E+08,1.75046E+08,1.75967E+08,1.7689E+08,1.77814E+08,1.78739E+08,1.79662E+08,1.80582E+08,1.81498E+08,1.82409E+08,1.83316E+08,1.84218E+08,1.85114E+08,1.86008E+08,1.86898E+08,1.87788E+08,1.88678E+08,1.89568E+08,1.9046E+08,1.91354E+08,1.92251E+08,1.93154E+08,1.94064E+08,1.94982E+08,1.9591E+08,1.96848E+08,1.97797E+08,1.98756E+08,1.99726E+08,2.00705E+08,2.01694E+08,2.02693E+08,2.03702E+08,2.04721E+08,2.05751E+08,2.06792E+08,2.07842E+08,2.08902E+08,2.09972E+08,2.11051E+08,2.12141E+08,2.13244E+08,2.1436E+08,2.15491E+08,2.1664E+08,2.17808E+08,2.18994E+08,2.20201E+08,2.21431E+08,2.22686E+08,2.23968E+08,2.25279E+08,2.2662E+08,2.27994E+08,2.29399E+08,2.30836E+08,2.32304E+08,2.33803E+08,2.3533E+08,2.36887E+08,2.38474E+08,2.40089E+08,2.41731E+08,2.43397E+08,2.45085E+08,2.46793E+08,2.48519E+08,2.50263E+08,2.52023E+08,2.538E+08,2.55593E+08,2.57401E+08,2.59225E+08,2.61064E+08,2.62919E+08,2.64789E+08,2.66675E+08,2.68578E+08,2.70498E+08,2.72439E+08,2.74398E+08,2.76378E+08,2.78376E+08,2.80391E+08,2.82426E+08,2.8448E+08,2.86555E+08,2.8865E+08,2.90766E+08,2.929E+08,2.95052E+08,2.9722E+08,2.99402E+08,3.01595E+08,3.03794E+08,3.05988E+08,3.08163E+08,3.1033E+08,3.12486E+08,3.14629E+08,3.16754E+08,3.18862E+08,3.20962E+08,3.23051E+08,3.25132E+08,3.27211E+08,3.29282E+08,3.31352E+08,3.33423E+08,3.35482E+08,3.37529E+08,3.39562E+08,3.41582E+08,3.43593E+08,3.45596E+08,3.47595E+08,3.49593E+08,3.51593E+08,3.53596E+08,3.55605E+08,3.57619E+08,3.5964E+08,3.61669E+08,3.63705E+08,3.65749E+08,3.678E+08,3.69858E+08,3.71924E+08,3.73995E+08,3.76068E+08,3.7814E+08,3.80209E+08,3.82271E+08,3.84325E+08,3.86369E+08,3.88404E+08,3.90426E+08,3.92437E+08,3.94436E+08,3.96423E+08,3.98398E+08,4.00363E+08,4.02318E+08,4.04265E+08,4.06207E+08,4.08146E+08,4.10084E+08,4.12023E+08,4.13967E+08,4.15916E+08,4.17872E+08,4.19834E+08,4.21801E+08,4.23772E+08,4.25747E+08,4.27727E+08,4.29711E+08,4.31698E+08,4.33687E+08,4.35678E+08,4.37668E+08,4.39656E+08,4.41638E+08,4.43615E+08,4.45584E+08,4.47544E+08,4.49495E+08,4.51437E+08,4.53369E+08,4.55289E+08,4.57198E+08,4.59094E+08,4.60977E+08,4.62847E+08,4.64705E+08,4.66551E+08,4.68388E+08,4.70215E+08,4.72035E+08,4.73848E+08,4.75656E+08,4.7746E+08,4.79261E+08,4.81059E+08,4.82854E+08,4.84647E+08,4.86436E+08,4.88221E+08,4.90002E+08,4.91779E+08,4.93552E+08,4.9532E+08,4.97085E+08,4.98846E+08,5.00602E+08,5.02351E+08,5.04091E+08,5.05821E+08,5.07542E+08,5.09252E+08,5.10952E+08,5.12639E+08,5.14315E+08,5.15978E+08,5.17629E+08,5.19267E+08,5.2089E+08,5.225E+08,5.24095E+08,5.25675E+08,5.27241E+08,5.28793E+08,5.30331E+08,5.31854E+08,5.33364E+08,5.34859E+08,5.36341E+08,5.37811E+08,5.39269E+08,5.40715E+08,5.42151E+08,5.43577E+08,5.44992E+08,5.46395E+08,5.47789E+08,5.49172E+08,5.50547E+08,5.51914E+08,5.53274E+08,5.54628E+08,5.55976E+08,5.57318E+08,5.58656E+08,5.59987E+08,5.61313E+08,5.62633E+08,5.63949E+08,5.6526E+08,5.66567E+08,5.6787E+08,5.69168E+08,5.70461E+08,5.7175E+08,5.73035E+08,5.74314E+08,5.75588E+08,5.76855E+08,5.78116E+08,5.79371E+08,5.80615E+08,5.81851E+08,5.83078E+08,5.84275E+08,5.85445E+08,5.8663E+08,5.87818E+08,5.89003E+08,5.90191E+08,5.91384E+08,5.92591E+08,5.938E+08,5.94993E+08,5.96172E+08,5.97344E+08,5.98513E+08,5.99678E+08,6.00845E+08,6.02014E+08,6.03183E+08,6.04355E+08,6.05524E+08,6.06692E+08,6.07862E+08,6.0903E+08,6.10193E+08,6.11347E+08,6.12494E+08,6.1364E+08,6.1479E+08,6.15941E+08,6.17074E+08,6.18157E+08,6.19203E+08,6.20253E+08,6.21328E+08,6.22416E+08,6.23509E+08,6.24636E+08,6.25878E+08,6.27222E+08,6.28608E+08,6.30021E+08,6.31479E+08,6.33009E+08,6.34626E+08,6.36307E+08,6.38037E+08,6.39843E+08,6.4174E+08,6.43724E+08,6.45805E+08,6.48006E+08,6.50336E+08,6.52776E+08,6.55324E+08,6.57957E+08,6.60691E+08,6.63519E+08,6.66408E+08,6.69345E+08,6.72357E+08,6.7543E+08,6.78558E+08,6.81726E+08,6.8493E+08,6.88187E+08,6.91501E+08,6.94858E+08,6.98239E+08,7.01639E+08,7.0506E+08,7.08443E+08,7.11784E+08,7.1517E+08,7.18582E+08,7.22047E+08,7.25604E+08,7.29187E+08,7.32846E+08,7.36611E+08,7.40399E+08,7.44215E+08,7.48075E+08,7.51955E+08,7.55857E+08,7.59752E+08,7.63634E+08,7.67562E+08,7.71544E+08,7.75557E+08,7.79631E+08,7.83744E+08,7.87896E+08,7.92092E+08,7.96332E+08,8.00613E+08,8.04945E+08,8.09312E+08,8.13721E+08,8.18137E+08,8.2253E+08,8.26919E+08,8.31376E+08,8.35896E+08,8.4044E+08,8.44979E+08,8.49523E+08,8.5402E+08,8.58456E+08,8.62916E+08,8.67389E+08,8.71878E+08,8.76396E+08,8.80938E+08,8.85603E+08,8.90388E+08,8.95162E+08,8.99917E+08,9.04657E+08,9.09382E+08,9.14078E+08,9.18718E+08,9.23357E+08,9.2798E+08,9.32602E+08,9.37242E+08,9.4191E+08,9.46622E+08,9.51385E+08,9.56148E+08,9.60937E+08,9.65752E+08,9.70573E+08,9.75377E+08,9.8017E+08,9.84976E+08,9.89797E+08,9.94643E+08,9.99532E+08,1.00448E+09,1.00947E+09,1.01452E+09,1.01962E+09,1.02475E+09,1.02989E+09,1.03502E+09,1.04015E+09,1.04528E+09,1.0504E+09,1.05554E+09,1.0607E+09,1.06585E+09,1.07099E+09,1.07612E+09,1.08128E+09,1.08645E+09,1.09163E+09,1.09685E+09,1.10209E+09,1.10739E+09,1.11272E+09,1.11807E+09,1.12347E+09,1.12892E+09,1.1344E+09,1.13993E+09,1.14548E+09,1.15107E+09,1.15672E+09,1.16242E+09,1.16815E+09,1.17391E+09,1.17974E+09,1.18564E+09,1.19161E+09,1.1976E+09,1.20364E+09,1.20975E+09,1.21594E+09,1.22208E+09,1.22801E+09,1.23379E+09,1.23957E+09,1.24539E+09,1.25124E+09,1.25696E+09,1.26261E+09,1.26868E+09,1.275E+09,1.28135E+09,1.28769E+09,1.29403E+09,1.30049E+09,1.3071E+09,1.31368E+09,1.32024E+09,1.32684E+09,1.33346E+09,1.34008E+09,1.3467E+09,1.35335E+09,1.36004E+09,1.36673E+09,1.37343E+09,1.38016E+09,1.38689E+09,1.39363E+09,1.40039E+09,1.4071E+09,1.41366E+09,1.42012E+09,1.42655E+09,1.43296E+09,1.43931E+09,1.44557E+09,1.45178E+09,1.45797E+09,1.46415E+09,1.47035E+09,1.47659E+09,1.48287E+09,1.48915E+09,1.4955E+09,1.50199E+09,1.50854E+09,1.51503E+09,1.52141E+09,1.52782E+09,1.53393E+09,1.53994E+09,1.54582E+09,1.55158E+09,1.55723E+09,1.56282E+09,1.56849E+09,1.57433E+09,1.57991E+09,1.58549E+09,1.59103E+09,1.59652E+09,1.60189E+09,1.60704E+09,1.61206E+09,1.61696E+09,1.62174E+09,1.62643E+09,1.63101E+09,1.63563E+09,1.64032E+09,1.64486E+09,1.64919E+09,1.65342E+09,1.65756E+09,1.66164E+09,1.66559E+09,1.6694E+09,1.67315E+09,1.67693E+09,1.68063E+09,1.68424E+09,1.68778E+09,1.69125E+09,1.6947E+09,1.69818E+09,1.70167E+09,1.70514E+09,1.70858E+09,1.71198E+09,1.71534E+09,1.71863E+09,1.72184E+09,1.72496E+09,1.728E+09,1.73101E+09,1.73403E+09,1.73705E+09,1.74009E+09,1.74313E+09,1.74616E+09,1.74918E+09,1.75219E+09,1.75517E+09,1.75811E+09,1.76099E+09,1.7638E+09,1.76656E+09,1.76929E+09,1.77202E+09,1.77475E+09,1.77748E+09,1.78023E+09,1.78301E+09,1.78581E+09,1.78862E+09,1.79143E+09,1.79426E+09,1.79713E+09,1.80004E+09,1.80299E+09,1.80599E+09,1.80903E+09,1.81211E+09,1.81521E+09,1.81833E+09,1.8215E+09,1.82471E+09,1.82798E+09,1.83128E+09,1.83461E+09,1.83795E+09,1.84133E+09,1.84473E+09,1.84815E+09,1.85159E+09,1.85505E+09,1.85856E+09,1.8621E+09,1.86567E+09,1.86927E+09,1.87289E+09,1.87648E+09,1.88003E+09,1.88357E+09,1.88708E+09,1.8905E+09,1.8938E+09,1.89702E+09,1.9002E+09,1.9034E+09,1.90662E+09,1.90988E+09,1.91322E+09,1.91664E+09,1.92012E+09,1.92363E+09,1.92715E+09,1.93064E+09,1.93409E+09,1.93746E+09,1.94075E+09,1.94395E+09,1.94708E+09,1.95018E+09,1.95327E+09,1.95633E+09,1.95937E+09,1.96244E+09,1.96555E+09,1.96864E+09,1.97174E+09,1.97484E+09,1.97795E+09,1.98109E+09,1.9842E+09,1.98731E+09,1.99044E+09,1.99357E+09,1.9967E+09,1.99985E+09,2.003E+09,2.00617E+09,2.00934E+09,2.01251E+09,2.01568E+09,2.01886E+09,2.02202E+09,2.0251E+09,2.02814E+09,2.03117E+09,2.03416E+09,2.03715E+09,2.04014E+09,2.04319E+09,2.04633E+09,2.04952E+09,2.05265E+09,2.05573E+09,2.05883E+09,2.06197E+09,2.06512E+09,2.06829E+09,2.07145E+09,2.07468E+09,2.07796E+09,2.08119E+09,2.08442E+09,2.08763E+09,2.0908E+09,2.09396E+09,2.09718E+09,2.10054E+09,2.10407E+09,2.10774E+09,2.11155E+09,2.1155E+09,2.11952E+09,2.12356E+09,2.12766E+09,2.13182E+09,2.13606E+09,2.14035E+09,2.1447E+09,2.1492E+09,2.15385E+09,2.15859E+09,2.1634E+09,2.1683E+09,2.1733E+09,2.17841E+09,2.18356E+09,2.18873E+09,2.19395E+09,2.1992E+09,2.20447E+09,2.20974E+09,2.21498E+09,2.22022E+09,2.2255E+09,2.23081E+09,2.23617E+09,2.24143E+09,2.24672E+09,2.25203E+09,2.25727E+09,2.2624E+09,2.2675E+09,2.27262E+09,2.27762E+09,2.28256E+09,2.28744E+09,2.29229E+09,2.2971E+09,2.30181E+09,2.30646E+09,2.31098E+09,2.31543E+09,2.3198E+09,2.32407E+09,2.32823E+09,2.33228E+09,2.33629E+09,2.34017E+09,2.34397E+09,2.34769E+09,2.35134E+09,2.35497E+09,2.35856E+09,2.36209E+09,2.36552E+09,2.36889E+09,2.3722E+09,2.37544E+09,2.37862E+09,2.38174E+09,2.38482E+09,2.38783E+09,2.39079E+09,2.39371E+09,2.39659E+09,2.39943E+09,2.40223E+09,2.40501E+09,2.40775E+09,2.41044E+09,2.4131E+09,2.41572E+09,2.41835E+09,2.42095E+09,2.42354E+09,2.42613E+09,2.4287E+09,2.4313E+09,2.43388E+09,2.43644E+09,2.43901E+09,2.44159E+09,2.44416E+09,2.44673E+09,2.4493E+09,2.45189E+09,2.45448E+09,2.45701E+09,2.45945E+09,2.46203E+09,2.46462E+09,2.46722E+09,2.46983E+09,2.47245E+09,2.4751E+09,2.47776E+09,2.48044E+09,2.48314E+09,2.48587E+09,2.48862E+09,2.4914E+09,2.4942E+09,2.49703E+09,2.49988E+09,2.50277E+09,2.50568E+09,2.50862E+09,2.5116E+09,2.5146E+09,2.51764E+09,2.52071E+09,2.52381E+09,2.52694E+09,2.53011E+09
"Cost of Hospitalizations Cumulative[Michigan]",0,0,0,0,0,0,0,0,0,0,0,0,0,0,0,0,0,0,0,0,0,0,0,0,0,0,0.84305,4.8554,14.1923,30.791,56.5826,93.6896,144.558,212.035,299.432,410.596,549.933,722.277,932.905,1187.5,1492.6,1856.66,2291.52,2812.43,3437.46,4186.79,5081.86,6145.91,7405.66,8892.88,10646.2,12713.4,15154.3,18043.6,21476.2,25577,30495.2,36401.7,43490.3,51989.8,62186.9,74450.4,89248.9,107159,128885,155281,187360,226301,273484,330446,398762,480227,576990,691641,827204,987046,1.17474E+06,1.39388E+06,1.6483E+06,1.94237E+06,2.28111E+06,2.6702E+06,3.11593E+06,3.62526E+06,4.20645E+06,4.8687E+06,5.62225E+06,6.47869E+06,7.45176E+06,8.55726E+06,9.81271E+06,1.12369E+07,1.28511E+07,1.46786E+07,1.67443E+07,1.90743E+07,2.16959E+07,2.46345E+07,2.79116E+07,3.15446E+07,3.55524E+07,3.99567E+07,4.47762E+07,5.00221E+07,5.56981E+07,6.18028E+07,6.8331E+07,7.52723E+07,8.26139E+07,8.89488E+07,9.45731E+07,1.00682E+08,1.0717E+08,1.13975E+08,1.21093E+08,1.28461E+08,1.36E+08,1.43687E+08,1.51458E+08,1.59229E+08,1.66982E+08,1.74693E+08,1.823E+08,1.89778E+08,1.97183E+08,2.0448E+08,2.11598E+08,2.18496E+08,2.25183E+08,2.31673E+08,2.37899E+08,2.44016E+08,2.5E+08,2.55729E+08,2.61274E+08,2.66634E+08,2.71861E+08,2.76961E+08,2.8191E+08,2.86733E+08,2.91425E+08,2.9596E+08,3.0034E+08,3.04555E+08,3.08609E+08,3.12504E+08,3.16216E+08,3.19755E+08,3.23142E+08,3.2637E+08,3.29444E+08,3.32376E+08,3.35201E+08,3.37936E+08,3.40572E+08,3.43112E+08,3.45562E+08,3.47924E+08,3.50197E+08,3.5239E+08,3.54518E+08,3.56593E+08,3.58611E+08,3.60569E+08,3.62455E+08,3.64269E+08,3.66014E+08,3.67688E+08,3.69303E+08,3.70862E+08,3.7237E+08,3.73824E+08,3.75222E+08,3.76572E+08,3.77878E+08,3.79138E+08,3.80353E+08,3.81529E+08,3.82673E+08,3.83778E+08,3.84846E+08,3.85874E+08,3.86841E+08,3.87732E+08,3.88565E+08,3.89361E+08,3.90126E+08,3.90839E+08,3.91486E+08,3.92088E+08,3.92672E+08,3.93241E+08,3.93795E+08,3.94331E+08,3.94858E+08,3.95401E+08,3.95969E+08,3.96548E+08,3.9712E+08,3.97675E+08,3.98212E+08,3.98737E+08,3.99248E+08,3.99742E+08,4.00227E+08,4.00707E+08,4.01179E+08,4.01645E+08,4.02102E+08,4.02553E+08,4.02997E+08,4.03427E+08,4.03843E+08,4.04248E+08,4.04643E+08,4.05036E+08,4.05425E+08,4.05812E+08,4.06199E+08,4.06582E+08,4.06962E+08,4.07343E+08,4.07729E+08,4.08119E+08,4.08517E+08,4.08925E+08,4.09342E+08,4.09769E+08,4.10203E+08,4.10647E+08,4.111E+08,4.11562E+08,4.12031E+08,4.12508E+08,4.12991E+08,4.13478E+08,4.13974E+08,4.14478E+08,4.14992E+08,4.15517E+08,4.16058E+08,4.16618E+08,4.17196E+08,4.17794E+08,4.18409E+08,4.19046E+08,4.19706E+08,4.20389E+08,4.21095E+08,4.21827E+08,4.22583E+08,4.23366E+08,4.24174E+08,4.25007E+08,4.25866E+08,4.26754E+08,4.27667E+08,4.28605E+08,4.29571E+08,4.30569E+08,4.31598E+08,4.32657E+08,4.33749E+08,4.34879E+08,4.3605E+08,4.37258E+08,4.385E+08,4.39775E+08,4.41083E+08,4.42421E+08,4.43787E+08,4.45181E+08,4.46603E+08,4.48059E+08,4.49547E+08,4.51065E+08,4.52615E+08,4.54174E+08,4.55711E+08,4.57231E+08,4.58773E+08,4.60368E+08,4.6201E+08,4.63698E+08,4.65471E+08,4.67358E+08,4.69347E+08,4.71399E+08,4.73502E+08,4.75665E+08,4.77889E+08,4.8016E+08,4.82491E+08,4.84889E+08,4.87349E+08,4.89862E+08,4.92432E+08,4.95043E+08,4.97692E+08,5.00364E+08,5.03067E+08,5.05811E+08,5.0858E+08,5.11379E+08,5.14207E+08,5.17062E+08,5.19947E+08,5.22828E+08,5.25683E+08,5.28498E+08,5.3126E+08,5.33971E+08,5.36628E+08,5.39236E+08,5.41781E+08,5.44276E+08,5.46743E+08,5.49174E+08,5.51569E+08,5.53931E+08,5.56254E+08,5.58563E+08,5.60861E+08,5.63131E+08,5.6538E+08,5.67606E+08,5.69822E+08,5.72041E+08,5.7428E+08,5.76521E+08,5.78771E+08,5.81027E+08,5.83283E+08,5.85542E+08,5.87806E+08,5.90062E+08,5.92321E+08,5.94547E+08,5.96757E+08,5.99016E+08,6.01313E+08,6.03654E+08,6.06038E+08,6.08483E+08,6.11039E+08,6.13679E+08,6.16362E+08,6.19099E+08,6.21899E+08,6.24775E+08,6.27727E+08,6.30744E+08,6.33841E+08,6.37026E+08,6.40308E+08,6.43672E+08,6.47115E+08,6.50639E+08,6.54209E+08,6.57864E+08,6.61676E+08,6.65671E+08,6.69886E+08,6.74319E+08,6.79016E+08,6.84026E+08,6.89293E+08,6.94741E+08,7.00349E+08,7.06115E+08,7.12035E+08,7.18076E+08,7.24229E+08,7.30458E+08,7.36713E+08,7.43002E+08,7.49304E+08,7.55576E+08,7.61735E+08,7.67719E+08,7.73568E+08,7.79287E+08,7.84852E+08,7.90275E+08,7.95564E+08,8.00777E+08,8.05937E+08,8.11011E+08,8.15988E+08,8.20858E+08,8.25595E+08,8.30189E+08,8.34637E+08,8.38956E+08,8.43158E+08,8.47256E+08,8.51248E+08,8.55151E+08,8.58975E+08,8.62718E+08,8.66374E+08,8.69952E+08,8.73471E+08,8.76917E+08,8.80271E+08,8.8355E+08,8.86747E+08,8.89826E+08,8.92769E+08,8.95613E+08,8.98402E+08,9.01163E+08,9.03874E+08,9.06534E+08,9.09158E+08,9.11756E+08,9.14333E+08,9.16888E+08,9.19432E+08,9.21972E+08,9.24512E+08,9.27077E+08,9.29681E+08,9.323E+08,9.34922E+08,9.37541E+08,9.40159E+08,9.42785E+08,9.45419E+08,9.48063E+08,9.50727E+08,9.53415E+08,9.56128E+08,9.58874E+08,9.61664E+08,9.64502E+08,9.67382E+08,9.70289E+08,9.73232E+08,9.76214E+08,9.79237E+08,9.82296E+08,9.85382E+08,9.88494E+08,9.91642E+08,9.94817E+08,9.98028E+08,1.00129E+09,1.0046E+09,1.00795E+09,1.01133E+09,1.01476E+09,1.01825E+09,1.02179E+09,1.02538E+09,1.02904E+09,1.03278E+09,1.0366E+09,1.0405E+09,1.04448E+09,1.04851E+09,1.05259E+09,1.0567E+09,1.0609E+09,1.06522E+09,1.06967E+09,1.07422E+09,1.0789E+09,1.08374E+09,1.08872E+09,1.09377E+09,1.09886E+09,1.10397E+09,1.10912E+09,1.11429E+09,1.11947E+09,1.12462E+09,1.12977E+09,1.13489E+09,1.13993E+09,1.14489E+09,1.14975E+09,1.1545E+09,1.15913E+09,1.16365E+09,1.16805E+09,1.17233E+09,1.17652E+09,1.18059E+09,1.18456E+09,1.18843E+09,1.19221E+09,1.1959E+09,1.19951E+09,1.20302E+09,1.20641E+09,1.2097E+09,1.21293E+09,1.21611E+09,1.21923E+09,1.22229E+09,1.2253E+09,1.22828E+09,1.23123E+09,1.23412E+09,1.23695E+09,1.23972E+09,1.24245E+09,1.24513E+09,1.24776E+09,1.25035E+09,1.2529E+09,1.25542E+09,1.25791E+09,1.26037E+09,1.26281E+09,1.26523E+09,1.26762E+09,1.26999E+09,1.27234E+09,1.27466E+09,1.27697E+09,1.27926E+09,1.28154E+09,1.28381E+09,1.28607E+09,1.28833E+09,1.29057E+09,1.29281E+09,1.29503E+09,1.29726E+09,1.29947E+09,1.30168E+09,1.30389E+09,1.3061E+09,1.30831E+09,1.31054E+09,1.31277E+09,1.315E+09,1.31724E+09,1.31948E+09,1.32175E+09,1.32405E+09,1.32636E+09,1.32868E+09,1.33103E+09,1.3334E+09,1.33578E+09,1.33817E+09,1.34059E+09,1.34302E+09,1.34548E+09,1.34796E+09,1.35044E+09,1.35294E+09,1.35545E+09,1.35798E+09,1.36055E+09,1.36314E+09,1.36574E+09,1.36835E+09,1.37097E+09,1.37363E+09,1.3763E+09,1.37899E+09,1.38166E+09,1.38433E+09,1.38706E+09,1.38987E+09,1.39272E+09,1.39563E+09,1.3986E+09,1.40166E+09,1.40478E+09,1.4079E+09,1.41102E+09,1.41417E+09,1.41737E+09,1.4206E+09,1.42387E+09,1.42718E+09,1.43052E+09,1.4339E+09,1.4373E+09,1.44072E+09,1.44416E+09,1.4476E+09,1.45103E+09,1.45444E+09,1.45781E+09,1.46115E+09,1.46444E+09,1.46769E+09,1.47087E+09,1.47398E+09,1.477E+09,1.47994E+09,1.4828E+09,1.48557E+09,1.48826E+09,1.49087E+09,1.49339E+09,1.49588E+09,1.49832E+09,1.50072E+09,1.50308E+09,1.5054E+09,1.5077E+09,1.50996E+09,1.51216E+09,1.51433E+09,1.51645E+09,1.51855E+09,1.52062E+09,1.52267E+09,1.52471E+09,1.52673E+09,1.52874E+09,1.53073E+09,1.53271E+09,1.53469E+09,1.53666E+09,1.53865E+09,1.54065E+09,1.54269E+09,1.54477E+09,1.5469E+09,1.54909E+09,1.55134E+09,1.55366E+09,1.55606E+09,1.55854E+09,1.56114E+09,1.56386E+09,1.56672E+09,1.56973E+09,1.57293E+09,1.57632E+09,1.57992E+09,1.5837E+09,1.58767E+09,1.59185E+09,1.59626E+09,1.60092E+09,1.60586E+09,1.6111E+09,1.61665E+09,1.62254E+09,1.62877E+09,1.63536E+09,1.64229E+09,1.64952E+09,1.65699E+09,1.66465E+09,1.67243E+09,1.6803E+09,1.68823E+09,1.69621E+09,1.7042E+09,1.71217E+09,1.72011E+09,1.72798E+09,1.73571E+09,1.74326E+09,1.75071E+09,1.7581E+09,1.76545E+09,1.77274E+09,1.77993E+09,1.7871E+09,1.79435E+09,1.80164E+09,1.80887E+09,1.816E+09,1.82303E+09,1.82996E+09,1.83681E+09,1.84353E+09,1.85013E+09,1.85669E+09,1.86321E+09,1.86965E+09,1.876E+09,1.88228E+09,1.88851E+09,1.89469E+09,1.9008E+09,1.90681E+09,1.91276E+09,1.91865E+09,1.92448E+09,1.9303E+09,1.93608E+09,1.94183E+09,1.94759E+09,1.95331E+09,1.95896E+09,1.96456E+09,1.97013E+09,1.97561E+09,1.98098E+09,1.98626E+09,1.99153E+09,1.99678E+09,2.00197E+09,2.00708E+09,2.01215E+09,2.01724E+09,2.0223E+09,2.02733E+09,2.03237E+09,2.03741E+09,2.04247E+09,2.04759E+09,2.0528E+09,2.05809E+09,2.06339E+09,2.06872E+09,2.07414E+09,2.07968E+09,2.0853E+09,2.0911E+09,2.09704E+09,2.10308E+09,2.10925E+09,2.11553E+09,2.12197E+09,2.12859E+09,2.13519E+09,2.14184E+09,2.14868E+09,2.15569E+09,2.16286E+09,2.17011E+09,2.1775E+09,2.18508E+09,2.19287E+09,2.20085E+09,2.209E+09,2.21731E+09,2.22574E+09,2.23427E+09,2.2428E+09,2.25122E+09,2.25963E+09,2.2681E+09,2.2766E+09,2.28516E+09,2.29374E+09,2.30241E+09,2.31124E+09,2.32009E+09,2.32886E+09,2.33755E+09,2.34614E+09,2.35462E+09,2.36299E+09,2.37123E+09,2.37936E+09,2.3874E+09,2.39537E+09,2.40325E+09,2.41105E+09,2.41879E+09,2.42648E+09,2.4341E+09,2.44168E+09,2.44918E+09,2.45658E+09,2.46393E+09,2.47126E+09,2.47857E+09,2.48578E+09,2.49289E+09,2.49997E+09,2.50719E+09,2.51472E+09,2.5218E+09,2.52894E+09,2.53612E+09,2.54335E+09,2.55063E+09,2.5584E+09,2.56669E+09,2.5741E+09,2.58164E+09,2.58927E+09,2.59697E+09,2.60472E+09,2.6125E+09,2.62054E+09,2.62834E+09,2.63627E+09,2.64427E+09,2.65239E+09,2.66058E+09,2.66882E+09,2.67757E+09,2.68694E+09,2.69497E+09,2.70317E+09,2.71141E+09,2.71967E+09,2.72813E+09,2.73705E+09,2.74528E+09,2.75354E+09,2.7618E+09,2.77006E+09,2.77836E+09,2.78671E+09,2.79507E+09,2.80322E+09,2.81129E+09,2.81932E+09,2.82735E+09,2.83536E+09,2.84333E+09,2.85131E+09,2.85937E+09,2.86747E+09,2.87552E+09,2.88353E+09,2.89149E+09,2.89941E+09,2.90728E+09,2.91511E+09,2.92288E+09,2.93061E+09,2.9383E+09,2.94591E+09,2.95339E+09,2.96074E+09,2.96797E+09,2.97512E+09,2.98221E+09,2.98924E+09,2.99623E+09,3.00322E+09,3.01018E+09,3.0171E+09,3.02394E+09,3.03066E+09,3.03729E+09,3.04381E+09,3.05024E+09,3.05654E+09,3.06272E+09,3.06881E+09,3.07479E+09,3.08067E+09,3.08645E+09,3.09214E+09,3.09778E+09,3.10335E+09,3.10885E+09,3.11428E+09,3.11963E+09,3.12492E+09,3.13016E+09,3.13531E+09,3.14037E+09,3.14538E+09,3.15034E+09,3.15526E+09,3.16008E+09,3.16476E+09,3.16934E+09,3.17384E+09,3.17827E+09,3.18267E+09,3.18702E+09,3.19138E+09,3.19577E+09,3.2002E+09,3.20466E+09,3.2091E+09,3.2135E+09,3.21788E+09,3.22224E+09,3.22661E+09,3.23098E+09,3.23535E+09,3.23971E+09,3.24408E+09,3.24846E+09,3.25285E+09,3.25724E+09,3.26165E+09,3.26609E+09,3.27058E+09,3.27508E+09,3.27963E+09,3.28422E+09,3.28885E+09,3.29353E+09,3.29828E+09,3.30315E+09,3.30797E+09,3.31285E+09,3.31775E+09,3.32263E+09,3.32751E+09,3.33258E+09,3.33791E+09,3.34289E+09,3.34796E+09,3.35315E+09,3.35848E+09,3.36396E+09,3.36983E+09,3.37599E+09,3.38155E+09,3.38721E+09,3.39294E+09,3.39873E+09,3.40456E+09,3.4108E+09,3.41736E+09,3.42321E+09,3.42917E+09,3.43521E+09,3.44129E+09,3.4474E+09,3.45386E+09,3.46058E+09,3.46666E+09,3.47284E+09,3.47901E+09,3.4851E+09,3.4912E+09,3.4976E+09,3.50421E+09,3.51028E+09,3.5164E+09,3.52261E+09,3.52892E+09,3.53523E+09,3.54164E+09,3.54819E+09,3.55436E+09,3.56055E+09,3.56674E+09,3.57291E+09,3.57905E+09,3.58527E+09,3.59162E+09,3.5977E+09,3.60382E+09,3.60996E+09,3.61609E+09,3.62227E+09,3.62855E+09,3.63477E+09,3.64103E+09,3.64734E+09,3.65369E+09,3.66007E+09,3.6666E+09,3.67328E+09,3.67969E+09,3.68619E+09,3.69276E+09,3.69937E+09,3.706E+09,3.71289E+09,3.71995E+09,3.72672E+09,3.7336E+09,3.74054E+09,3.74756E+09,3.75466E+09,3.76206E+09,3.7696E+09,3.77665E+09,3.78379E+09,3.79094E+09,3.79812E+09,3.80531E+09,3.81276E+09,3.82031E+09,3.82737E+09,3.83448E+09,3.84158E+09,3.84865E+09,3.85567E+09,3.86303E+09,3.87047E+09,3.87723E+09,3.88403E+09,3.8908E+09,3.89751E+09,3.90418E+09,3.91114E+09,3.91817E+09,3.92451E+09,3.93085E+09,3.93715E+09,3.94338E+09,3.94954E+09,3.95586E+09,3.96224E+09,3.96812E+09,3.97399E+09,3.97982E+09,3.98559E+09,3.99131E+09,3.99743E+09,4.00369E+09,4.00909E+09,4.01452E+09,4.01993E+09,4.02531E+09,4.03066E+09,4.03633E+09,4.04213E+09,4.04726E+09,4.05244E+09,4.05761E+09,4.06277E+09,4.06792E+09,4.0734E+09,4.07904E+09,4.08403E+09,4.08908E+09,4.09414E+09,4.09918E+09,4.10422E+09,4.10954E+09,4.11501E+09,4.12001E+09,4.12508E+09,4.13019E+09,4.13533E+09,4.14052E+09,4.14602E+09,4.15169E+09,4.15683E+09,4.16204E+09,4.1673E+09,4.17258E+09,4.1779E+09,4.18348E+09,4.18921E+09,4.19451E+09,4.19984E+09,4.20536E+09,4.21088E+09,4.21643E+09,4.222E+09,4.22759E+09,4.23322E+09,4.23887E+09,4.24454E+09,4.25024E+09,4.25596E+09,4.2617E+09,4.26747E+09,4.27325E+09,4.27905E+09,4.28486E+09,4.29069E+09,4.29653E+09,4.30239E+09,4.30825E+09,4.31412E+09,4.32001E+09,4.32589E+09,4.33179E+09,4.33768E+09,4.34358E+09
"Cost of Hospitalizations Cumulative[Minnesota]",0,0,0,0,0,0,0,0,0,0,0,0,0,0,0,0,0,0,0,0,0,0,0,0,0,0,0,0,0,0,0.153393,2.05741,7.78067,19.1492,37.8468,65.5143,103.801,154.279,218.493,298.062,394.813,511.01,649.364,813.009,1005.45,1230.38,1491.64,1793.6,2141.3,2540.61,2998.69,3524.43,4129.21,4826.82,5633.49,6567.62,7649.43,8901.59,10350.5,12028.1,13975.4,16246.3,18906.7,22034.9,25724.3,30082.4,35226.5,41282.3,48390.4,56704.8,66394.2,77649.1,90685.6,105742,123078,142948,165582,191196,220022,252325,288410,328630,373401,423244,478824,540896,610308,688049,775268,873254,983420,1.10736E+06,1.24695E+06,1.40432E+06,1.58184E+06,1.7822E+06,2.00825E+06,2.26274E+06,2.5481E+06,2.86641E+06,3.21994E+06,3.61122E+06,4.0425E+06,4.51565E+06,5.03213E+06,5.59325E+06,6.20015E+06,6.85353E+06,7.5538E+06,8.30118E+06,9.09551E+06,9.93654E+06,1.08242E+07,1.17586E+07,1.2539E+07,1.31615E+07,1.38359E+07,1.45477E+07,1.53093E+07,1.61099E+07,1.69565E+07,1.78529E+07,1.87661E+07,1.98051E+07,2.08776E+07,2.1926E+07,2.30375E+07,2.41986E+07,2.53972E+07,2.66324E+07,2.79905E+07,2.93818E+07,3.07558E+07,3.21987E+07,3.36936E+07,3.51933E+07,3.67151E+07,3.8309E+07,3.98971E+07,4.14734E+07,4.3078E+07,4.46507E+07,4.62056E+07,4.77569E+07,4.93287E+07,5.0877E+07,5.23892E+07,5.38823E+07,5.53533E+07,5.67781E+07,5.81946E+07,5.96194E+07,6.09769E+07,6.23095E+07,6.36133E+07,6.48926E+07,6.61757E+07,6.74009E+07,6.86138E+07,6.98283E+07,7.09765E+07,7.21029E+07,7.32548E+07,7.44079E+07,7.54922E+07,7.65703E+07,7.76636E+07,7.87891E+07,7.98711E+07,8.09984E+07,8.21477E+07,8.32912E+07,8.44229E+07,8.55446E+07,8.66556E+07,8.77462E+07,8.88096E+07,8.98429E+07,9.08536E+07,9.18457E+07,9.2816E+07,9.37677E+07,9.47019E+07,9.56222E+07,9.65294E+07,9.74205E+07,9.82901E+07,9.91386E+07,9.9966E+07,1.00771E+08,1.01552E+08,1.02312E+08,1.03053E+08,1.03771E+08,1.04473E+08,1.05159E+08,1.05828E+08,1.06478E+08,1.07111E+08,1.07724E+08,1.08323E+08,1.0891E+08,1.09502E+08,1.10104E+08,1.10703E+08,1.11301E+08,1.119E+08,1.12491E+08,1.13066E+08,1.13623E+08,1.14158E+08,1.14681E+08,1.15194E+08,1.15696E+08,1.16188E+08,1.16669E+08,1.17141E+08,1.17605E+08,1.18057E+08,1.18489E+08,1.18898E+08,1.19287E+08,1.19662E+08,1.20024E+08,1.20374E+08,1.20718E+08,1.21054E+08,1.21384E+08,1.21715E+08,1.22053E+08,1.22397E+08,1.22742E+08,1.23082E+08,1.23421E+08,1.23766E+08,1.24112E+08,1.24458E+08,1.24808E+08,1.25166E+08,1.25536E+08,1.25919E+08,1.26311E+08,1.26708E+08,1.27107E+08,1.27507E+08,1.27908E+08,1.28311E+08,1.28718E+08,1.2913E+08,1.29543E+08,1.29958E+08,1.30374E+08,1.30793E+08,1.31214E+08,1.31634E+08,1.32052E+08,1.3247E+08,1.32891E+08,1.33314E+08,1.3374E+08,1.3417E+08,1.34602E+08,1.35037E+08,1.35476E+08,1.3592E+08,1.36368E+08,1.36819E+08,1.37276E+08,1.37738E+08,1.38204E+08,1.38672E+08,1.39141E+08,1.39608E+08,1.40074E+08,1.40544E+08,1.41018E+08,1.41497E+08,1.41983E+08,1.4248E+08,1.42993E+08,1.43518E+08,1.44051E+08,1.4459E+08,1.45138E+08,1.45696E+08,1.46263E+08,1.46839E+08,1.47428E+08,1.48028E+08,1.48638E+08,1.49259E+08,1.4989E+08,1.50532E+08,1.51185E+08,1.51852E+08,1.52534E+08,1.53235E+08,1.53957E+08,1.54695E+08,1.55439E+08,1.56188E+08,1.56948E+08,1.57729E+08,1.58539E+08,1.59376E+08,1.60232E+08,1.61111E+08,1.62017E+08,1.62947E+08,1.63895E+08,1.64852E+08,1.65821E+08,1.66805E+08,1.67803E+08,1.68816E+08,1.69842E+08,1.7088E+08,1.71931E+08,1.7299E+08,1.74054E+08,1.75124E+08,1.76199E+08,1.77282E+08,1.78375E+08,1.79482E+08,1.80597E+08,1.81713E+08,1.82833E+08,1.83958E+08,1.85092E+08,1.86234E+08,1.87387E+08,1.88549E+08,1.89725E+08,1.90913E+08,1.92108E+08,1.93311E+08,1.94523E+08,1.95743E+08,1.96969E+08,1.98204E+08,1.99451E+08,2.00712E+08,2.01984E+08,2.03259E+08,2.04528E+08,2.058E+08,2.07076E+08,2.08355E+08,2.09635E+08,2.10916E+08,2.12202E+08,2.13501E+08,2.14807E+08,2.16123E+08,2.17451E+08,2.18796E+08,2.20162E+08,2.21551E+08,2.22964E+08,2.24398E+08,2.25855E+08,2.27342E+08,2.28856E+08,2.30402E+08,2.31975E+08,2.33574E+08,2.35196E+08,2.36841E+08,2.38506E+08,2.40192E+08,2.41896E+08,2.43616E+08,2.45349E+08,2.4709E+08,2.48838E+08,2.50593E+08,2.52354E+08,2.54117E+08,2.55882E+08,2.57648E+08,2.59413E+08,2.61178E+08,2.62934E+08,2.6467E+08,2.66393E+08,2.68118E+08,2.69863E+08,2.71625E+08,2.73394E+08,2.75167E+08,2.76947E+08,2.7873E+08,2.80507E+08,2.82277E+08,2.84045E+08,2.85809E+08,2.87577E+08,2.89354E+08,2.91142E+08,2.92931E+08,2.94725E+08,2.96533E+08,2.98348E+08,3.00161E+08,3.01978E+08,3.03797E+08,3.05602E+08,3.07365E+08,3.09064E+08,3.10733E+08,3.12408E+08,3.14089E+08,3.15758E+08,3.17409E+08,3.19052E+08,3.20682E+08,3.22304E+08,3.23918E+08,3.25531E+08,3.27148E+08,3.28779E+08,3.30432E+08,3.32089E+08,3.33736E+08,3.35371E+08,3.36979E+08,3.38561E+08,3.40128E+08,3.41679E+08,3.43235E+08,3.44807E+08,3.46401E+08,3.48029E+08,3.49685E+08,3.51352E+08,3.53023E+08,3.54696E+08,3.56367E+08,3.58031E+08,3.59673E+08,3.61295E+08,3.62906E+08,3.64495E+08,3.66064E+08,3.67629E+08,3.69196E+08,3.70776E+08,3.7236E+08,3.73933E+08,3.75498E+08,3.77057E+08,3.78608E+08,3.80145E+08,3.81659E+08,3.83158E+08,3.84662E+08,3.8618E+08,3.8771E+08,3.89251E+08,3.90816E+08,3.92398E+08,3.9399E+08,3.95589E+08,3.97192E+08,3.98802E+08,4.00417E+08,4.02022E+08,4.03611E+08,4.05189E+08,4.06749E+08,4.083E+08,4.09849E+08,4.11397E+08,4.12957E+08,4.14535E+08,4.16123E+08,4.17711E+08,4.193E+08,4.20882E+08,4.22451E+08,4.23996E+08,4.25507E+08,4.26986E+08,4.2844E+08,4.2987E+08,4.3128E+08,4.32688E+08,4.34115E+08,4.3556E+08,4.37007E+08,4.3845E+08,4.39895E+08,4.41343E+08,4.42783E+08,4.44223E+08,4.45669E+08,4.47114E+08,4.48554E+08,4.49978E+08,4.51391E+08,4.52799E+08,4.54187E+08,4.55539E+08,4.56873E+08,4.58217E+08,4.59581E+08,4.60944E+08,4.62299E+08,4.63648E+08,4.65005E+08,4.66376E+08,4.67753E+08,4.69127E+08,4.70499E+08,4.71873E+08,4.73252E+08,4.74634E+08,4.76016E+08,4.77393E+08,4.78765E+08,4.8013E+08,4.81488E+08,4.82836E+08,4.84171E+08,4.85498E+08,4.8682E+08,4.88136E+08,4.89452E+08,4.90768E+08,4.92087E+08,4.93408E+08,4.94724E+08,4.96036E+08,4.97343E+08,4.98643E+08,4.99937E+08,5.01222E+08,5.02495E+08,5.03763E+08,5.05032E+08,5.063E+08,5.07567E+08,5.08835E+08,5.10102E+08,5.11368E+08,5.12625E+08,5.13873E+08,5.1512E+08,5.16368E+08,5.17615E+08,5.18858E+08,5.20092E+08,5.21316E+08,5.22523E+08,5.23725E+08,5.24932E+08,5.26142E+08,5.27349E+08,5.28549E+08,5.29747E+08,5.30947E+08,5.32146E+08,5.33335E+08,5.34513E+08,5.35668E+08,5.36802E+08,5.37941E+08,5.39066E+08,5.40168E+08,5.41261E+08,5.42362E+08,5.4348E+08,5.44595E+08,5.45675E+08,5.46738E+08,5.47803E+08,5.48877E+08,5.49955E+08,5.5103E+08,5.52092E+08,5.53141E+08,5.54189E+08,5.55233E+08,5.56274E+08,5.57311E+08,5.58348E+08,5.5938E+08,5.60406E+08,5.61423E+08,5.62427E+08,5.63419E+08,5.64401E+08,5.65375E+08,5.66342E+08,5.67301E+08,5.68263E+08,5.69238E+08,5.7022E+08,5.71193E+08,5.72156E+08,5.73131E+08,5.74146E+08,5.75184E+08,5.76235E+08,5.77306E+08,5.78413E+08,5.79559E+08,5.80731E+08,5.81927E+08,5.83171E+08,5.84469E+08,5.85821E+08,5.87219E+08,5.88664E+08,5.90165E+08,5.9172E+08,5.93319E+08,5.94949E+08,5.96605E+08,5.98299E+08,6.00032E+08,6.018E+08,6.03606E+08,6.05435E+08,6.07274E+08,6.0912E+08,6.10978E+08,6.12866E+08,6.14786E+08,6.16715E+08,6.18648E+08,6.20593E+08,6.22548E+08,6.24499E+08,6.26427E+08,6.28325E+08,6.30199E+08,6.32072E+08,6.33955E+08,6.35834E+08,6.3771E+08,6.396E+08,6.4153E+08,6.43493E+08,6.45452E+08,6.47396E+08,6.49334E+08,6.51279E+08,6.53236E+08,6.55196E+08,6.57149E+08,6.59102E+08,6.61053E+08,6.63003E+08,6.64942E+08,6.66862E+08,6.68766E+08,6.70665E+08,6.72546E+08,6.7439E+08,6.76202E+08,6.77994E+08,6.79773E+08,6.81556E+08,6.83395E+08,6.8531E+08,6.87277E+08,6.89269E+08,6.91277E+08,6.933E+08,6.95319E+08,6.97313E+08,6.9928E+08,7.01241E+08,7.03199E+08,7.05147E+08,7.07102E+08,7.09086E+08,7.11096E+08,7.13109E+08,7.1512E+08,7.17133E+08,7.19151E+08,7.2117E+08,7.23187E+08,7.25191E+08,7.27202E+08,7.2923E+08,7.3128E+08,7.33361E+08,7.35466E+08,7.37574E+08,7.39698E+08,7.41849E+08,7.4402E+08,7.46204E+08,7.48394E+08,7.50598E+08,7.52825E+08,7.55075E+08,7.57343E+08,7.59624E+08,7.61919E+08,7.64226E+08,7.66543E+08,7.68873E+08,7.7121E+08,7.73544E+08,7.75878E+08,7.7821E+08,7.80537E+08,7.82864E+08,7.85199E+08,7.87539E+08,7.8987E+08,7.92195E+08,7.94517E+08,7.96831E+08,7.99136E+08,8.01441E+08,8.03767E+08,8.06123E+08,8.08503E+08,8.10895E+08,8.13305E+08,8.1573E+08,8.18168E+08,8.20613E+08,8.23056E+08,8.25494E+08,8.27938E+08,8.30384E+08,8.32838E+08,8.35303E+08,8.37784E+08,8.40286E+08,8.42802E+08,8.45328E+08,8.47863E+08,8.50392E+08,8.52905E+08,8.55395E+08,8.57849E+08,8.60278E+08,8.62705E+08,8.65134E+08,8.67571E+08,8.70013E+08,8.72469E+08,8.74961E+08,8.77478E+08,8.79991E+08,8.825E+08,8.85012E+08,8.87525E+08,8.90039E+08,8.92559E+08,8.95082E+08,8.97608E+08,9.00141E+08,9.02688E+08,9.05261E+08,9.07853E+08,9.10452E+08,9.13059E+08,9.15676E+08,9.18304E+08,9.20944E+08,9.23584E+08,9.26213E+08,9.28837E+08,9.31458E+08,9.34078E+08,9.36696E+08,9.39313E+08,9.41923E+08,9.44523E+08,9.4712E+08,9.49722E+08,9.52336E+08,9.54963E+08,9.57592E+08,9.60242E+08,9.62932E+08,9.65661E+08,9.68416E+08,9.71195E+08,9.73992E+08,9.76796E+08,9.796E+08,9.82409E+08,9.85223E+08,9.88037E+08,9.90842E+08,9.93635E+08,9.96433E+08,9.99252E+08,1.0021E+09,1.00495E+09,1.00774E+09,1.01053E+09,1.01332E+09,1.01607E+09,1.01882E+09,1.02157E+09,1.0242E+09,1.02682E+09,1.02941E+09,1.03198E+09,1.03453E+09,1.03705E+09,1.03953E+09,1.04191E+09,1.04425E+09,1.04657E+09,1.04887E+09,1.05116E+09,1.05344E+09,1.05572E+09,1.058E+09,1.06027E+09,1.06251E+09,1.06473E+09,1.06694E+09,1.06916E+09,1.07137E+09,1.07355E+09,1.07569E+09,1.0778E+09,1.07988E+09,1.08191E+09,1.08386E+09,1.08574E+09,1.08763E+09,1.08952E+09,1.09139E+09,1.09325E+09,1.0951E+09,1.09691E+09,1.09869E+09,1.10043E+09,1.10213E+09,1.10381E+09,1.10545E+09,1.10706E+09,1.10864E+09,1.11017E+09,1.11164E+09,1.11308E+09,1.11451E+09,1.11594E+09,1.11737E+09,1.11883E+09,1.12032E+09,1.12182E+09,1.12331E+09,1.12479E+09,1.12624E+09,1.12767E+09,1.12906E+09,1.1304E+09,1.13173E+09,1.13305E+09,1.13437E+09,1.13571E+09,1.13705E+09,1.1384E+09,1.13978E+09,1.14117E+09,1.14256E+09,1.14397E+09,1.1454E+09,1.14683E+09,1.14825E+09,1.14965E+09,1.15105E+09,1.15246E+09,1.15387E+09,1.15529E+09,1.15674E+09,1.15824E+09,1.15975E+09,1.16127E+09,1.16282E+09,1.16437E+09,1.16593E+09,1.16747E+09,1.169E+09,1.17052E+09,1.17206E+09,1.17362E+09,1.17521E+09,1.17682E+09,1.17847E+09,1.18016E+09,1.18191E+09,1.18368E+09,1.18546E+09,1.18725E+09,1.18906E+09,1.1909E+09,1.19276E+09,1.19459E+09,1.19642E+09,1.19825E+09,1.2001E+09,1.20195E+09,1.20378E+09,1.20559E+09,1.20744E+09,1.20931E+09,1.21118E+09,1.21306E+09,1.21494E+09,1.21684E+09,1.21873E+09,1.22063E+09,1.22255E+09,1.22449E+09,1.22644E+09,1.22838E+09,1.23032E+09,1.23226E+09,1.23421E+09,1.23614E+09,1.23806E+09,1.23996E+09,1.24184E+09,1.24368E+09,1.2455E+09,1.24729E+09,1.2491E+09,1.25093E+09,1.2527E+09,1.25448E+09,1.25628E+09,1.25808E+09,1.25985E+09,1.26158E+09,1.26328E+09,1.26497E+09,1.26665E+09,1.26834E+09,1.27005E+09,1.27178E+09,1.2735E+09,1.27525E+09,1.27702E+09,1.27878E+09,1.28051E+09,1.28222E+09,1.28406E+09,1.28583E+09,1.28756E+09,1.28932E+09,1.29111E+09,1.29293E+09,1.29478E+09,1.29664E+09,1.29849E+09,1.30037E+09,1.30227E+09,1.30418E+09,1.30612E+09,1.3081E+09,1.31013E+09,1.31224E+09,1.31438E+09,1.31643E+09,1.31853E+09,1.32065E+09,1.32279E+09,1.32493E+09,1.32718E+09,1.32945E+09,1.33159E+09,1.33375E+09,1.33592E+09,1.33808E+09,1.34025E+09,1.34255E+09,1.34486E+09,1.347E+09,1.34918E+09,1.3514E+09,1.35361E+09,1.35581E+09,1.35811E+09,1.3604E+09,1.36253E+09,1.36468E+09,1.36682E+09,1.36896E+09,1.3711E+09,1.37334E+09,1.37558E+09,1.37764E+09,1.37971E+09,1.38176E+09,1.3838E+09,1.38582E+09,1.38795E+09,1.39007E+09,1.39199E+09,1.39393E+09,1.39585E+09,1.39776E+09,1.39964E+09,1.40163E+09,1.40361E+09,1.40535E+09,1.40711E+09,1.40888E+09,1.41063E+09,1.41237E+09,1.41423E+09,1.41611E+09,1.41779E+09,1.41949E+09,1.42118E+09,1.42285E+09,1.42451E+09,1.42624E+09,1.42798E+09,1.42957E+09,1.43117E+09,1.43275E+09,1.43432E+09,1.43589E+09,1.43751E+09,1.43915E+09,1.44068E+09,1.44223E+09,1.44379E+09,1.44535E+09,1.4469E+09,1.44849E+09,1.4501E+09,1.45163E+09,1.45318E+09,1.45473E+09,1.45628E+09,1.45783E+09,1.45942E+09,1.46101E+09,1.46258E+09,1.46415E+09,1.46573E+09,1.46731E+09,1.46889E+09,1.47048E+09,1.47208E+09,1.47369E+09,1.4753E+09,1.47692E+09,1.47855E+09,1.48019E+09,1.48183E+09,1.48349E+09,1.48515E+09,1.48682E+09,1.48851E+09,1.4902E+09,1.4919E+09,1.49361E+09,1.49533E+09,1.49705E+09,1.49879E+09,1.50054E+09,1.5023E+09
"Cost of Hospitalizations Cumulative[Mississippi]",0,0,0,0,0,0,0,0,0,0,0,0,0,0,0,0,0,0,0,0,0,0,0,0,0,0,0,0,0.47786,6.50265,25.0043,62.7422,126.836,225.275,367.532,565.408,833.451,1189.27,1653.43,2249.89,3007.39,3962.31,5161.84,6665.66,8546.7,10894,13819.7,17459,21976.2,27570.4,34480.4,43006.3,53532.6,66552.1,82698.2,102796,127882,159211,198271,246808,306911,381059,472301,584444,722266,891721,1.09999E+06,1.35546E+06,1.66761E+06,2.04674E+06,2.50333E+06,3.04818E+06,3.69267E+06,4.44856E+06,5.32742E+06,6.3397E+06,7.49382E+06,8.7949E+06,1.02441E+07,1.18398E+07,1.3579E+07,1.54573E+07,1.7469E+07,1.96077E+07,2.1867E+07,2.42407E+07,2.67212E+07,2.93008E+07,3.19688E+07,3.47044E+07,3.74858E+07,4.02954E+07,4.31208E+07,4.59527E+07,4.87844E+07,5.16105E+07,5.44268E+07,5.72299E+07,6.00169E+07,6.27853E+07,6.5533E+07,6.82582E+07,7.09596E+07,7.36358E+07,7.62857E+07,7.89084E+07,8.15029E+07,8.40686E+07,8.66048E+07,8.87462E+07,9.07212E+07,9.271E+07,9.46765E+07,9.66001E+07,9.84932E+07,1.00357E+08,1.02168E+08,1.03986E+08,1.05771E+08,1.07485E+08,1.09173E+08,1.10837E+08,1.12462E+08,1.14074E+08,1.15686E+08,1.17252E+08,1.18777E+08,1.20273E+08,1.21786E+08,1.23318E+08,1.24827E+08,1.26325E+08,1.27816E+08,1.29283E+08,1.30703E+08,1.32069E+08,1.33392E+08,1.34682E+08,1.35939E+08,1.37162E+08,1.38352E+08,1.39515E+08,1.4065E+08,1.41762E+08,1.42845E+08,1.43894E+08,1.44909E+08,1.45913E+08,1.46914E+08,1.47903E+08,1.48868E+08,1.49814E+08,1.50749E+08,1.51676E+08,1.52574E+08,1.53444E+08,1.54289E+08,1.55111E+08,1.55916E+08,1.56699E+08,1.57466E+08,1.58227E+08,1.58978E+08,1.59724E+08,1.60467E+08,1.61203E+08,1.61932E+08,1.62654E+08,1.63377E+08,1.64092E+08,1.64789E+08,1.65467E+08,1.66135E+08,1.66817E+08,1.67522E+08,1.68218E+08,1.68911E+08,1.69608E+08,1.7031E+08,1.71014E+08,1.717E+08,1.7236E+08,1.73018E+08,1.73676E+08,1.7434E+08,1.75012E+08,1.7569E+08,1.76375E+08,1.77066E+08,1.77767E+08,1.78485E+08,1.79218E+08,1.79958E+08,1.80704E+08,1.81457E+08,1.82209E+08,1.82962E+08,1.83712E+08,1.84455E+08,1.85195E+08,1.85932E+08,1.86666E+08,1.87402E+08,1.88135E+08,1.88874E+08,1.89623E+08,1.90372E+08,1.91115E+08,1.91853E+08,1.92593E+08,1.93334E+08,1.94067E+08,1.94792E+08,1.95519E+08,1.96262E+08,1.97026E+08,1.97812E+08,1.98618E+08,1.99437E+08,2.00264E+08,2.01099E+08,2.01941E+08,2.02792E+08,2.03649E+08,2.04512E+08,2.05396E+08,2.06295E+08,2.07206E+08,2.08135E+08,2.09084E+08,2.10052E+08,2.11038E+08,2.12017E+08,2.12991E+08,2.13963E+08,2.14929E+08,2.15899E+08,2.16871E+08,2.17855E+08,2.18876E+08,2.1992E+08,2.20987E+08,2.22087E+08,2.23214E+08,2.2438E+08,2.25573E+08,2.26786E+08,2.28037E+08,2.29328E+08,2.3065E+08,2.32002E+08,2.3337E+08,2.34756E+08,2.36159E+08,2.37577E+08,2.39011E+08,2.40472E+08,2.41958E+08,2.4348E+08,2.45028E+08,2.46619E+08,2.48242E+08,2.49838E+08,2.514E+08,2.52912E+08,2.5438E+08,2.55823E+08,2.57219E+08,2.58606E+08,2.60017E+08,2.61446E+08,2.62894E+08,2.64351E+08,2.65799E+08,2.67248E+08,2.68684E+08,2.70087E+08,2.71467E+08,2.72813E+08,2.74127E+08,2.75425E+08,2.76692E+08,2.77939E+08,2.79162E+08,2.8035E+08,2.81509E+08,2.82643E+08,2.83747E+08,2.84833E+08,2.85894E+08,2.86925E+08,2.87944E+08,2.8896E+08,2.89972E+08,2.90973E+08,2.9196E+08,2.92933E+08,2.93895E+08,2.94843E+08,2.95761E+08,2.96647E+08,2.9751E+08,2.98354E+08,2.99174E+08,2.99976E+08,3.00762E+08,3.01542E+08,3.02332E+08,3.03131E+08,3.03919E+08,3.04701E+08,3.05474E+08,3.06241E+08,3.07005E+08,3.07755E+08,3.08484E+08,3.09207E+08,3.09923E+08,3.10639E+08,3.11352E+08,3.12064E+08,3.12776E+08,3.13489E+08,3.14203E+08,3.14915E+08,3.15626E+08,3.16334E+08,3.1705E+08,3.17767E+08,3.18482E+08,3.19209E+08,3.1995E+08,3.20704E+08,3.2147E+08,3.22245E+08,3.23032E+08,3.23843E+08,3.24664E+08,3.25496E+08,3.26346E+08,3.27215E+08,3.28109E+08,3.29031E+08,3.29987E+08,3.30975E+08,3.31988E+08,3.33026E+08,3.34093E+08,3.35185E+08,3.36302E+08,3.37442E+08,3.38603E+08,3.39793E+08,3.41009E+08,3.4225E+08,3.43521E+08,3.44825E+08,3.46149E+08,3.47507E+08,3.48904E+08,3.50338E+08,3.51813E+08,3.53327E+08,3.54882E+08,3.56488E+08,3.58152E+08,3.5987E+08,3.61633E+08,3.63438E+08,3.65293E+08,3.67194E+08,3.69143E+08,3.71131E+08,3.73155E+08,3.75216E+08,3.77307E+08,3.79415E+08,3.81546E+08,3.83679E+08,3.85773E+08,3.8784E+08,3.89935E+08,3.9199E+08,3.94076E+08,3.96237E+08,3.98307E+08,4.00385E+08,4.02481E+08,4.04572E+08,4.06646E+08,4.08701E+08,4.10737E+08,4.12744E+08,4.14722E+08,4.16673E+08,4.18589E+08,4.20471E+08,4.22328E+08,4.24159E+08,4.25959E+08,4.27721E+08,4.29446E+08,4.31141E+08,4.32803E+08,4.34431E+08,4.36029E+08,4.3762E+08,4.39163E+08,4.40644E+08,4.42108E+08,4.43564E+08,4.44997E+08,4.46473E+08,4.48035E+08,4.49564E+08,4.50956E+08,4.52305E+08,4.53639E+08,4.54978E+08,4.56334E+08,4.57761E+08,4.59151E+08,4.60558E+08,4.61974E+08,4.63362E+08,4.64716E+08,4.66021E+08,4.67277E+08,4.68481E+08,4.69705E+08,4.70933E+08,4.72071E+08,4.73199E+08,4.74335E+08,4.7548E+08,4.76623E+08,4.77769E+08,4.78902E+08,4.8003E+08,4.81165E+08,4.82305E+08,4.8344E+08,4.84565E+08,4.85684E+08,4.86794E+08,4.87888E+08,4.88972E+08,4.90047E+08,4.91115E+08,4.92172E+08,4.93222E+08,4.94263E+08,4.95302E+08,4.96338E+08,4.9737E+08,4.98395E+08,4.99454E+08,5.00558E+08,5.01647E+08,5.02752E+08,5.03905E+08,5.0508E+08,5.06279E+08,5.07472E+08,5.08622E+08,5.09776E+08,5.10917E+08,5.12018E+08,5.13096E+08,5.14137E+08,5.1515E+08,5.16168E+08,5.17198E+08,5.18232E+08,5.19267E+08,5.20304E+08,5.2135E+08,5.22401E+08,5.23453E+08,5.24505E+08,5.25557E+08,5.26611E+08,5.27655E+08,5.28676E+08,5.29688E+08,5.30693E+08,5.31694E+08,5.32692E+08,5.3368E+08,5.34661E+08,5.35645E+08,5.36626E+08,5.37607E+08,5.38594E+08,5.39586E+08,5.40582E+08,5.41583E+08,5.42595E+08,5.43615E+08,5.4464E+08,5.45671E+08,5.46701E+08,5.47735E+08,5.48777E+08,5.49823E+08,5.5088E+08,5.51944E+08,5.5302E+08,5.54116E+08,5.55226E+08,5.56343E+08,5.57457E+08,5.58553E+08,5.59658E+08,5.60788E+08,5.6194E+08,5.63115E+08,5.64317E+08,5.65564E+08,5.66864E+08,5.6819E+08,5.69525E+08,5.70873E+08,5.72222E+08,5.73569E+08,5.7493E+08,5.76316E+08,5.77731E+08,5.79172E+08,5.80642E+08,5.82154E+08,5.83707E+08,5.85283E+08,5.86868E+08,5.8846E+08,5.90066E+08,5.91685E+08,5.93317E+08,5.9496E+08,5.96606E+08,5.98265E+08,5.99951E+08,6.01657E+08,6.03384E+08,6.05131E+08,6.06904E+08,6.08708E+08,6.10532E+08,6.1237E+08,6.14225E+08,6.16103E+08,6.17999E+08,6.19906E+08,6.21822E+08,6.2375E+08,6.25688E+08,6.27633E+08,6.29578E+08,6.31525E+08,6.33471E+08,6.3541E+08,6.37345E+08,6.39274E+08,6.41191E+08,6.43089E+08,6.44957E+08,6.46804E+08,6.48642E+08,6.50465E+08,6.52269E+08,6.54053E+08,6.55822E+08,6.57584E+08,6.59329E+08,6.61051E+08,6.62752E+08,6.64434E+08,6.66104E+08,6.67761E+08,6.69409E+08,6.71043E+08,6.72661E+08,6.74265E+08,6.75853E+08,6.77422E+08,6.78976E+08,6.80512E+08,6.82032E+08,6.83531E+08,6.85003E+08,6.86448E+08,6.87864E+08,6.89251E+08,6.9061E+08,6.91953E+08,6.93291E+08,6.94621E+08,6.95949E+08,6.97277E+08,6.98602E+08,6.99918E+08,7.01224E+08,7.02527E+08,7.03844E+08,7.05172E+08,7.0652E+08,7.07899E+08,7.09321E+08,7.10793E+08,7.12302E+08,7.1385E+08,7.15449E+08,7.17092E+08,7.18788E+08,7.20546E+08,7.22361E+08,7.24252E+08,7.26221E+08,7.28262E+08,7.30369E+08,7.32536E+08,7.34766E+08,7.37071E+08,7.39475E+08,7.41902E+08,7.44387E+08,7.46929E+08,7.49515E+08,7.52143E+08,7.54834E+08,7.57668E+08,7.60456E+08,7.63219E+08,7.66006E+08,7.68817E+08,7.7167E+08,7.74577E+08,7.77505E+08,7.80535E+08,7.83452E+08,7.8628E+08,7.89114E+08,7.91948E+08,7.94779E+08,7.97658E+08,8.00565E+08,8.03345E+08,8.06068E+08,8.08777E+08,8.11455E+08,8.14102E+08,8.1673E+08,8.19344E+08,8.21924E+08,8.24457E+08,8.26956E+08,8.29395E+08,8.31783E+08,8.34228E+08,8.36703E+08,8.39E+08,8.41225E+08,8.43428E+08,8.45603E+08,8.47758E+08,8.49926E+08,8.52086E+08,8.54134E+08,8.56148E+08,8.58144E+08,8.60155E+08,8.62157E+08,8.64122E+08,8.66051E+08,8.67954E+08,8.69824E+08,8.71652E+08,8.7343E+08,8.7516E+08,8.76844E+08,8.78479E+08,8.8006E+08,8.81606E+08,8.83123E+08,8.84617E+08,8.86086E+08,8.8753E+08,8.88954E+08,8.9036E+08,8.91744E+08,8.93112E+08,8.94457E+08,8.95776E+08,8.97076E+08,8.98357E+08,8.99628E+08,9.00891E+08,9.02147E+08,9.03393E+08,9.04632E+08,9.05876E+08,9.07124E+08,9.08366E+08,9.09608E+08,9.10853E+08,9.12101E+08,9.13357E+08,9.14621E+08,9.15893E+08,9.17177E+08,9.18468E+08,9.19772E+08,9.21091E+08,9.22419E+08,9.23755E+08,9.25095E+08,9.26447E+08,9.27811E+08,9.29185E+08,9.30569E+08,9.3197E+08,9.33392E+08,9.34831E+08,9.36289E+08,9.37765E+08,9.39265E+08,9.40793E+08,9.42345E+08,9.43918E+08,9.45509E+08,9.4712E+08,9.4876E+08,9.50428E+08,9.52125E+08,9.53856E+08,9.55621E+08,9.57421E+08,9.59252E+08,9.61112E+08,9.63001E+08,9.64913E+08,9.66843E+08,9.68775E+08,9.707E+08,9.72642E+08,9.74616E+08,9.76629E+08,9.78681E+08,9.80774E+08,9.82926E+08,9.8515E+08,9.8742E+08,9.89715E+08,9.92037E+08,9.94393E+08,9.96785E+08,9.99207E+08,1.00166E+09,1.00414E+09,1.00664E+09,1.00916E+09,1.01171E+09,1.01428E+09,1.01687E+09,1.0195E+09,1.02215E+09,1.02484E+09,1.02755E+09,1.03029E+09,1.03307E+09,1.03587E+09,1.03869E+09,1.0415E+09,1.04433E+09,1.04721E+09,1.05022E+09,1.05337E+09,1.05632E+09,1.05936E+09,1.06242E+09,1.06548E+09,1.06855E+09,1.07177E+09,1.07513E+09,1.07813E+09,1.08125E+09,1.08438E+09,1.08747E+09,1.09057E+09,1.09375E+09,1.09703E+09,1.10007E+09,1.10319E+09,1.10631E+09,1.10934E+09,1.11232E+09,1.11529E+09,1.11841E+09,1.12171E+09,1.12468E+09,1.12763E+09,1.1304E+09,1.13316E+09,1.13602E+09,1.13902E+09,1.1417E+09,1.14449E+09,1.14721E+09,1.14975E+09,1.15224E+09,1.15484E+09,1.15763E+09,1.16013E+09,1.16275E+09,1.16542E+09,1.16777E+09,1.1698E+09,1.17201E+09,1.17439E+09,1.17638E+09,1.1784E+09,1.18041E+09,1.1824E+09,1.18436E+09,1.1864E+09,1.18855E+09,1.19037E+09,1.19221E+09,1.19406E+09,1.19589E+09,1.1977E+09,1.1995E+09,1.20127E+09,1.20302E+09,1.20474E+09,1.20644E+09,1.20812E+09,1.20978E+09,1.21144E+09,1.21308E+09,1.21472E+09,1.21633E+09,1.21793E+09,1.21951E+09,1.22108E+09,1.22264E+09,1.22417E+09,1.22569E+09,1.22719E+09,1.22868E+09,1.23017E+09,1.23164E+09,1.2331E+09,1.23455E+09,1.23599E+09,1.23742E+09,1.23885E+09,1.24027E+09,1.24169E+09,1.24311E+09,1.24452E+09,1.24592E+09,1.24732E+09,1.24872E+09,1.25012E+09,1.25151E+09,1.2529E+09,1.2543E+09,1.25569E+09,1.25709E+09,1.25849E+09,1.25991E+09,1.26133E+09,1.26276E+09,1.26421E+09,1.26566E+09,1.26713E+09,1.26861E+09,1.27011E+09,1.27162E+09,1.27315E+09,1.2747E+09,1.27627E+09,1.27786E+09,1.27947E+09,1.2811E+09,1.28275E+09,1.28442E+09,1.2861E+09,1.2878E+09,1.28952E+09,1.29125E+09,1.29301E+09,1.29479E+09,1.2966E+09,1.29845E+09,1.30034E+09,1.30225E+09,1.30419E+09,1.30616E+09,1.30815E+09,1.31015E+09,1.31217E+09,1.3142E+09,1.31624E+09,1.3183E+09,1.32036E+09,1.32245E+09,1.32457E+09,1.32672E+09,1.32884E+09,1.33099E+09,1.33318E+09,1.33538E+09,1.33759E+09,1.33983E+09,1.34211E+09,1.34439E+09,1.3467E+09,1.34902E+09,1.35135E+09,1.3537E+09,1.35606E+09,1.35842E+09,1.36079E+09,1.36316E+09,1.36552E+09,1.36789E+09,1.37025E+09,1.3726E+09,1.37497E+09,1.37739E+09,1.37973E+09,1.3821E+09,1.38447E+09,1.38684E+09,1.38923E+09,1.39164E+09,1.39401E+09,1.39635E+09,1.39869E+09,1.40101E+09,1.40334E+09,1.40571E+09,1.40814E+09,1.41049E+09,1.41287E+09,1.41527E+09,1.41766E+09,1.42004E+09,1.4224E+09,1.42485E+09,1.42741E+09,1.42974E+09,1.43211E+09,1.43443E+09,1.43675E+09,1.43912E+09,1.44156E+09,1.44382E+09,1.44617E+09,1.44863E+09,1.45088E+09,1.45314E+09,1.45542E+09,1.45778E+09,1.46022E+09,1.4625E+09,1.46484E+09,1.46712E+09,1.4694E+09,1.47174E+09,1.47417E+09,1.4764E+09,1.47868E+09,1.48093E+09,1.48316E+09,1.48538E+09,1.48762E+09,1.48994E+09,1.4921E+09,1.4943E+09,1.49649E+09,1.49864E+09,1.50078E+09,1.50297E+09,1.50521E+09,1.50729E+09,1.5094E+09,1.51149E+09,1.51356E+09,1.51562E+09,1.51771E+09,1.51986E+09,1.5219E+09,1.52396E+09,1.52599E+09,1.52803E+09,1.53005E+09,1.5321E+09,1.53418E+09,1.5362E+09,1.53826E+09,1.54026E+09,1.54225E+09,1.54424E+09,1.54626E+09,1.54833E+09,1.55032E+09,1.55232E+09,1.55432E+09,1.55632E+09,1.55832E+09,1.56031E+09,1.56238E+09,1.56448E+09,1.56643E+09,1.56839E+09,1.57036E+09,1.57234E+09,1.57431E+09,1.57658E+09,1.5789E+09,1.58074E+09,1.58267E+09,1.58461E+09,1.58655E+09,1.58848E+09,1.59067E+09,1.5929E+09,1.59476E+09,1.59669E+09,1.59864E+09,1.6006E+09,1.60258E+09,1.60469E+09,1.60682E+09,1.60875E+09,1.61072E+09,1.6127E+09,1.61469E+09,1.61668E+09,1.6188E+09,1.62095E+09,1.62291E+09,1.62485E+09,1.627E+09,1.62911E+09,1.63122E+09,1.63333E+09,1.63545E+09,1.63757E+09,1.63969E+09,1.64182E+09,1.64395E+09,1.64609E+09,1.64823E+09,1.65038E+09,1.65253E+09,1.65469E+09,1.65684E+09,1.65901E+09,1.66117E+09,1.66334E+09,1.66552E+09,1.66769E+09,1.66987E+09,1.67205E+09,1.67423E+09,1.67642E+09,1.6786E+09
"Cost of Hospitalizations Cumulative[Missouri]",0,0,0,0,0,0,0,0,0,0,0,0,0,0,0,0,0,0,0,0,0,0,0,0,0,0,0,0,0.801217,6.58582,22.0875,52.1455,102.094,178.11,287.581,439.535,645.17,918.166,1274.87,1735.04,2323.9,3075.81,4036.1,5262.29,6823.7,8802.68,11295.9,14420.1,18321.1,23181.3,29231.4,36767.3,46170.4,57940.8,72759.9,91526.9,115362,145635,184004,232525,293913,371856,471214,598290,761198,970225,1.23802E+06,1.57985E+06,2.01408E+06,2.56132E+06,3.24343E+06,4.08485E+06,5.11389E+06,6.36278E+06,7.86535E+06,9.65247E+06,1.17482E+07,1.41683E+07,1.69216E+07,2.00121E+07,2.34395E+07,2.71954E+07,3.12662E+07,3.56346E+07,4.02817E+07,4.51856E+07,5.03226E+07,5.56678E+07,6.11972E+07,6.68872E+07,7.27133E+07,7.86506E+07,8.46757E+07,9.0767E+07,9.69044E+07,1.0307E+08,1.09247E+08,1.1542E+08,1.21577E+08,1.27703E+08,1.33788E+08,1.3982E+08,1.45792E+08,1.51693E+08,1.57515E+08,1.63251E+08,1.68894E+08,1.74438E+08,1.79881E+08,1.84293E+08,1.88124E+08,1.91946E+08,1.95664E+08,1.99272E+08,2.02766E+08,2.06146E+08,2.09408E+08,2.12563E+08,2.15618E+08,2.1857E+08,2.21423E+08,2.24187E+08,2.26861E+08,2.29458E+08,2.31995E+08,2.3449E+08,2.36926E+08,2.39345E+08,2.41766E+08,2.44146E+08,2.46472E+08,2.48748E+08,2.50992E+08,2.53221E+08,2.55392E+08,2.57487E+08,2.59504E+08,2.6144E+08,2.633E+08,2.65082E+08,2.66771E+08,2.68388E+08,2.69943E+08,2.71445E+08,2.72897E+08,2.74299E+08,2.75661E+08,2.76989E+08,2.78277E+08,2.79522E+08,2.80714E+08,2.81852E+08,2.82948E+08,2.84007E+08,2.8503E+08,2.86019E+08,2.86976E+08,2.87912E+08,2.88826E+08,2.8972E+08,2.90597E+08,2.91458E+08,2.92306E+08,2.93137E+08,2.93948E+08,2.94742E+08,2.95517E+08,2.96271E+08,2.97005E+08,2.97731E+08,2.98452E+08,2.9917E+08,2.99881E+08,3.00587E+08,3.01293E+08,3.02002E+08,3.027E+08,3.03381E+08,3.04048E+08,3.04703E+08,3.05349E+08,3.05985E+08,3.0661E+08,3.07224E+08,3.0783E+08,3.08433E+08,3.09038E+08,3.09646E+08,3.10253E+08,3.10859E+08,3.11466E+08,3.12077E+08,3.1269E+08,3.13303E+08,3.13909E+08,3.14519E+08,3.15144E+08,3.15785E+08,3.16433E+08,3.17064E+08,3.17678E+08,3.18273E+08,3.18843E+08,3.19377E+08,3.19872E+08,3.20337E+08,3.20796E+08,3.21256E+08,3.21717E+08,3.22187E+08,3.2266E+08,3.23147E+08,3.23643E+08,3.24141E+08,3.24645E+08,3.25156E+08,3.25675E+08,3.26202E+08,3.26739E+08,3.27287E+08,3.27823E+08,3.28359E+08,3.28921E+08,3.29517E+08,3.3012E+08,3.30732E+08,3.31354E+08,3.31992E+08,3.32647E+08,3.33324E+08,3.3406E+08,3.34902E+08,3.35839E+08,3.36827E+08,3.37834E+08,3.3885E+08,3.39894E+08,3.40982E+08,3.42086E+08,3.43206E+08,3.44353E+08,3.45526E+08,3.46726E+08,3.47934E+08,3.49118E+08,3.50297E+08,3.51487E+08,3.52694E+08,3.53924E+08,3.55175E+08,3.56477E+08,3.5786E+08,3.59293E+08,3.60762E+08,3.62266E+08,3.6381E+08,3.65391E+08,3.66996E+08,3.68636E+08,3.70298E+08,3.71952E+08,3.73618E+08,3.7532E+08,3.77066E+08,3.78846E+08,3.80672E+08,3.82591E+08,3.84627E+08,3.8675E+08,3.88915E+08,3.91108E+08,3.93355E+08,3.95638E+08,3.97942E+08,4.00229E+08,4.0246E+08,4.04679E+08,4.06916E+08,4.09145E+08,4.11379E+08,4.13629E+08,4.15919E+08,4.18278E+08,4.20656E+08,4.23013E+08,4.25364E+08,4.27714E+08,4.3005E+08,4.3238E+08,4.34698E+08,4.36979E+08,4.39224E+08,4.4145E+08,4.43669E+08,4.4591E+08,4.48172E+08,4.50441E+08,4.52731E+08,4.55034E+08,4.57303E+08,4.59532E+08,4.61743E+08,4.63948E+08,4.66138E+08,4.6831E+08,4.70465E+08,4.72599E+08,4.74721E+08,4.76833E+08,4.7893E+08,4.8102E+08,4.83099E+08,4.8517E+08,4.87265E+08,4.89376E+08,4.91476E+08,4.9355E+08,4.95603E+08,4.97645E+08,4.99677E+08,5.01678E+08,5.03622E+08,5.05536E+08,5.07454E+08,5.09364E+08,5.11265E+08,5.1316E+08,5.15082E+08,5.1706E+08,5.19069E+08,5.21089E+08,5.23126E+08,5.25171E+08,5.27221E+08,5.29273E+08,5.31304E+08,5.33287E+08,5.35254E+08,5.3723E+08,5.39233E+08,5.41268E+08,5.4333E+08,5.45458E+08,5.47669E+08,5.49913E+08,5.52172E+08,5.54445E+08,5.56735E+08,5.59055E+08,5.61411E+08,5.63791E+08,5.66193E+08,5.6859E+08,5.71011E+08,5.73499E+08,5.76059E+08,5.78667E+08,5.81341E+08,5.84096E+08,5.86961E+08,5.89912E+08,5.92933E+08,5.96024E+08,5.99189E+08,6.02421E+08,6.05721E+08,6.09068E+08,6.12439E+08,6.1586E+08,6.19349E+08,6.229E+08,6.26502E+08,6.30181E+08,6.33953E+08,6.37818E+08,6.41735E+08,6.45671E+08,6.49607E+08,6.53521E+08,6.57363E+08,6.61125E+08,6.64803E+08,6.68383E+08,6.71897E+08,6.75396E+08,6.78924E+08,6.82524E+08,6.86167E+08,6.89827E+08,6.93485E+08,6.97121E+08,7.00715E+08,7.04242E+08,7.07682E+08,7.1105E+08,7.14388E+08,7.17684E+08,7.20901E+08,7.24073E+08,7.27237E+08,7.30386E+08,7.33509E+08,7.36577E+08,7.3962E+08,7.42685E+08,7.45731E+08,7.48731E+08,7.5165E+08,7.54465E+08,7.57226E+08,7.59956E+08,7.6264E+08,7.65252E+08,7.67767E+08,7.70253E+08,7.72737E+08,7.75206E+08,7.77664E+08,7.80126E+08,7.8264E+08,7.85228E+08,7.87847E+08,7.90492E+08,7.93131E+08,7.95745E+08,7.98337E+08,8.00902E+08,8.03428E+08,8.05933E+08,8.08433E+08,8.10933E+08,8.13431E+08,8.15915E+08,8.18378E+08,8.20829E+08,8.2327E+08,8.25691E+08,8.28094E+08,8.30484E+08,8.32871E+08,8.35249E+08,8.37599E+08,8.39914E+08,8.42204E+08,8.44469E+08,8.46707E+08,8.48913E+08,8.51102E+08,8.53282E+08,8.55447E+08,8.57592E+08,8.5971E+08,8.61802E+08,8.63871E+08,8.65913E+08,8.67918E+08,8.69888E+08,8.71839E+08,8.73777E+08,8.75704E+08,8.77582E+08,8.79391E+08,8.81177E+08,8.82963E+08,8.84743E+08,8.86522E+08,8.88293E+08,8.90041E+08,8.91772E+08,8.93503E+08,8.95237E+08,8.96963E+08,8.98689E+08,9.00433E+08,9.0224E+08,9.04109E+08,9.05977E+08,9.07823E+08,9.09655E+08,9.11479E+08,9.13295E+08,9.15104E+08,9.16905E+08,9.187E+08,9.20493E+08,9.22276E+08,9.24046E+08,9.25814E+08,9.27594E+08,9.29375E+08,9.31143E+08,9.32903E+08,9.34663E+08,9.36423E+08,9.38179E+08,9.3991E+08,9.41623E+08,9.43333E+08,9.45039E+08,9.46742E+08,9.48441E+08,9.50143E+08,9.51841E+08,9.53525E+08,9.55196E+08,9.56857E+08,9.58513E+08,9.60166E+08,9.61803E+08,9.63436E+08,9.65077E+08,9.66722E+08,9.68374E+08,9.70027E+08,9.71678E+08,9.73334E+08,9.7499E+08,9.76642E+08,9.78297E+08,9.79953E+08,9.81613E+08,9.83332E+08,9.85136E+08,9.86807E+08,9.88485E+08,9.9017E+08,9.91869E+08,9.93578E+08,9.953E+08,9.97035E+08,9.98783E+08,1.00054E+09,1.00232E+09,1.00411E+09,1.00591E+09,1.00772E+09,1.00955E+09,1.01139E+09,1.01325E+09,1.01512E+09,1.017E+09,1.01889E+09,1.02081E+09,1.02274E+09,1.02468E+09,1.02664E+09,1.02862E+09,1.03061E+09,1.03262E+09,1.03465E+09,1.03671E+09,1.03879E+09,1.04089E+09,1.04301E+09,1.04515E+09,1.04732E+09,1.04952E+09,1.05175E+09,1.054E+09,1.05627E+09,1.05856E+09,1.06086E+09,1.06318E+09,1.06551E+09,1.06785E+09,1.07016E+09,1.07246E+09,1.0748E+09,1.07715E+09,1.0795E+09,1.08185E+09,1.08421E+09,1.08661E+09,1.08899E+09,1.09131E+09,1.09356E+09,1.09574E+09,1.09791E+09,1.10008E+09,1.10223E+09,1.10437E+09,1.10652E+09,1.10871E+09,1.11094E+09,1.11315E+09,1.11534E+09,1.11751E+09,1.11966E+09,1.1218E+09,1.12392E+09,1.12602E+09,1.1281E+09,1.13015E+09,1.13218E+09,1.13419E+09,1.13614E+09,1.13802E+09,1.13981E+09,1.14156E+09,1.14325E+09,1.14491E+09,1.14657E+09,1.14828E+09,1.15007E+09,1.15192E+09,1.15378E+09,1.15566E+09,1.15755E+09,1.15945E+09,1.16133E+09,1.16319E+09,1.16504E+09,1.1669E+09,1.16876E+09,1.17064E+09,1.17256E+09,1.17452E+09,1.17654E+09,1.17861E+09,1.18074E+09,1.18292E+09,1.18518E+09,1.18753E+09,1.18998E+09,1.19252E+09,1.19519E+09,1.19797E+09,1.20088E+09,1.20393E+09,1.2071E+09,1.2104E+09,1.21385E+09,1.21743E+09,1.22115E+09,1.22503E+09,1.22906E+09,1.23324E+09,1.23758E+09,1.24208E+09,1.24673E+09,1.25153E+09,1.25644E+09,1.26147E+09,1.26659E+09,1.27177E+09,1.27701E+09,1.28229E+09,1.28762E+09,1.29297E+09,1.29831E+09,1.30365E+09,1.30898E+09,1.31429E+09,1.31957E+09,1.32479E+09,1.32997E+09,1.3351E+09,1.34017E+09,1.34519E+09,1.35013E+09,1.35499E+09,1.35976E+09,1.36441E+09,1.36891E+09,1.37331E+09,1.37767E+09,1.38196E+09,1.38617E+09,1.3903E+09,1.39437E+09,1.39842E+09,1.40239E+09,1.40623E+09,1.40998E+09,1.41361E+09,1.41715E+09,1.4206E+09,1.42395E+09,1.42722E+09,1.43039E+09,1.43347E+09,1.43647E+09,1.43938E+09,1.44223E+09,1.445E+09,1.4477E+09,1.45032E+09,1.45288E+09,1.45537E+09,1.45781E+09,1.46018E+09,1.46249E+09,1.46474E+09,1.46691E+09,1.46894E+09,1.47083E+09,1.47265E+09,1.4744E+09,1.47608E+09,1.47772E+09,1.47938E+09,1.48112E+09,1.48295E+09,1.48479E+09,1.48665E+09,1.48852E+09,1.4904E+09,1.49225E+09,1.49408E+09,1.4959E+09,1.4977E+09,1.49949E+09,1.50128E+09,1.50306E+09,1.50481E+09,1.50649E+09,1.50812E+09,1.50975E+09,1.51139E+09,1.51305E+09,1.51474E+09,1.5165E+09,1.51837E+09,1.52033E+09,1.52235E+09,1.52442E+09,1.52654E+09,1.52871E+09,1.53093E+09,1.5332E+09,1.53554E+09,1.53793E+09,1.54038E+09,1.54291E+09,1.54552E+09,1.54822E+09,1.55101E+09,1.5539E+09,1.55688E+09,1.55996E+09,1.56313E+09,1.56638E+09,1.56968E+09,1.573E+09,1.57637E+09,1.57986E+09,1.58348E+09,1.58725E+09,1.59119E+09,1.59534E+09,1.59973E+09,1.60429E+09,1.60899E+09,1.6138E+09,1.61874E+09,1.62381E+09,1.62901E+09,1.63433E+09,1.63975E+09,1.64527E+09,1.65088E+09,1.65656E+09,1.66231E+09,1.66812E+09,1.67396E+09,1.67982E+09,1.68569E+09,1.69155E+09,1.69741E+09,1.70327E+09,1.70912E+09,1.71492E+09,1.72061E+09,1.7262E+09,1.73174E+09,1.73724E+09,1.74265E+09,1.74798E+09,1.75326E+09,1.75848E+09,1.76365E+09,1.76875E+09,1.77392E+09,1.77928E+09,1.78427E+09,1.78927E+09,1.79429E+09,1.7993E+09,1.80425E+09,1.80913E+09,1.81393E+09,1.81866E+09,1.82332E+09,1.8279E+09,1.8324E+09,1.83691E+09,1.84137E+09,1.84585E+09,1.8505E+09,1.85495E+09,1.85942E+09,1.86389E+09,1.86834E+09,1.87274E+09,1.87705E+09,1.88131E+09,1.88552E+09,1.88969E+09,1.89382E+09,1.8979E+09,1.90193E+09,1.90591E+09,1.90975E+09,1.91344E+09,1.91704E+09,1.92062E+09,1.92418E+09,1.92769E+09,1.93115E+09,1.93463E+09,1.93814E+09,1.94163E+09,1.94507E+09,1.94848E+09,1.95184E+09,1.95522E+09,1.9586E+09,1.96198E+09,1.96537E+09,1.96879E+09,1.97222E+09,1.97566E+09,1.97906E+09,1.98244E+09,1.98581E+09,1.9892E+09,1.99258E+09,1.99597E+09,1.99939E+09,2.00281E+09,2.00627E+09,2.00974E+09,2.01322E+09,2.01669E+09,2.02016E+09,2.02363E+09,2.02707E+09,2.03049E+09,2.03391E+09,2.03733E+09,2.04076E+09,2.04422E+09,2.04771E+09,2.05122E+09,2.05477E+09,2.05836E+09,2.06197E+09,2.0656E+09,2.06925E+09,2.0729E+09,2.07655E+09,2.0802E+09,2.08384E+09,2.08749E+09,2.09116E+09,2.09484E+09,2.09855E+09,2.10229E+09,2.10605E+09,2.10984E+09,2.11364E+09,2.11746E+09,2.12129E+09,2.12514E+09,2.12901E+09,2.13289E+09,2.13678E+09,2.14068E+09,2.1446E+09,2.14855E+09,2.1525E+09,2.15645E+09,2.16043E+09,2.16442E+09,2.16843E+09,2.17247E+09,2.17652E+09,2.18057E+09,2.1846E+09,2.18864E+09,2.19269E+09,2.19674E+09,2.20083E+09,2.20494E+09,2.20913E+09,2.2134E+09,2.21772E+09,2.22209E+09,2.22649E+09,2.23095E+09,2.23541E+09,2.23983E+09,2.24425E+09,2.24867E+09,2.2531E+09,2.25754E+09,2.26196E+09,2.26639E+09,2.27082E+09,2.27527E+09,2.2797E+09,2.28412E+09,2.28853E+09,2.29297E+09,2.29735E+09,2.30171E+09,2.30605E+09,2.31038E+09,2.3147E+09,2.31904E+09,2.32341E+09,2.32753E+09,2.33154E+09,2.33547E+09,2.33939E+09,2.3433E+09,2.34766E+09,2.35215E+09,2.35593E+09,2.35982E+09,2.36376E+09,2.36766E+09,2.37151E+09,2.37531E+09,2.37914E+09,2.38291E+09,2.38667E+09,2.39039E+09,2.39402E+09,2.39762E+09,2.40141E+09,2.40531E+09,2.40881E+09,2.41232E+09,2.41582E+09,2.4193E+09,2.42272E+09,2.42636E+09,2.43014E+09,2.43329E+09,2.43646E+09,2.43962E+09,2.44284E+09,2.44613E+09,2.44993E+09,2.45388E+09,2.4572E+09,2.46062E+09,2.46407E+09,2.46756E+09,2.4711E+09,2.47517E+09,2.47941E+09,2.48293E+09,2.48662E+09,2.49043E+09,2.49432E+09,2.49826E+09,2.50266E+09,2.50722E+09,2.51123E+09,2.5154E+09,2.51966E+09,2.52398E+09,2.52835E+09,2.53327E+09,2.53834E+09,2.5427E+09,2.54724E+09,2.55187E+09,2.55656E+09,2.56132E+09,2.56661E+09,2.57201E+09,2.57676E+09,2.58168E+09,2.58664E+09,2.59164E+09,2.59667E+09,2.60228E+09,2.60796E+09,2.61289E+09,2.618E+09,2.62318E+09,2.62837E+09,2.63358E+09,2.63924E+09,2.64494E+09,2.65E+09,2.65518E+09,2.66036E+09,2.66555E+09,2.67073E+09,2.67626E+09,2.68181E+09,2.68678E+09,2.69182E+09,2.69684E+09,2.70182E+09,2.70675E+09,2.71204E+09,2.71734E+09,2.722E+09,2.72672E+09,2.73141E+09,2.73606E+09,2.74066E+09,2.74554E+09,2.75042E+09,2.75475E+09,2.75911E+09,2.76343E+09,2.76771E+09,2.77194E+09,2.77646E+09,2.781E+09,2.78494E+09,2.7889E+09,2.79282E+09,2.79669E+09,2.80052E+09,2.80461E+09,2.80874E+09,2.81235E+09,2.81599E+09,2.81959E+09,2.82315E+09,2.82668E+09,2.83045E+09,2.83427E+09,2.8376E+09,2.84095E+09,2.84428E+09,2.84757E+09,2.85082E+09,2.8543E+09,2.85765E+09,2.86099E+09,2.86432E+09,2.86763E+09,2.87093E+09,2.87422E+09,2.8775E+09,2.88077E+09,2.88405E+09,2.88732E+09,2.89059E+09,2.89386E+09,2.89714E+09,2.90043E+09,2.90373E+09,2.90703E+09,2.91035E+09,2.91368E+09,2.91702E+09,2.92038E+09,2.92377E+09,2.92717E+09,2.93059E+09,2.93403E+09,2.9375E+09
"Cost of Hospitalizations Cumulative[Montana]",0,0,0,0,0,0,0,0,0,0,0,0,0,0,0,0,0,0,0,0,0,0,0,0,0,0,0,0,0,0,0,0,0,0,0,0,0,0,0,0,0,0,0,0,0,0,0,0,0,0,0,0,0,0,0,0,0,2.88541,26.6263,102.383,283.239,665.037,1424.54,2887.71,5647.94,10773.3,20194.2,37365.2,68282.6,123078,218095,377453,631262,1.00802E+06,1.52234E+06,2.16578E+06,2.91001E+06,3.72051E+06,4.56786E+06,5.43224E+06,6.30106E+06,7.16576E+06,8.02025E+06,8.86017E+06,9.68239E+06,1.04847E+07,1.12657E+07,1.20245E+07,1.27604E+07,1.34736E+07,1.41639E+07,1.48318E+07,1.54776E+07,1.61018E+07,1.67051E+07,1.72882E+07,1.78517E+07,1.83964E+07,1.89229E+07,1.94319E+07,1.9924E+07,2.03998E+07,2.08596E+07,2.1304E+07,2.17334E+07,2.2148E+07,2.25482E+07,2.29344E+07,2.33069E+07,2.3666E+07,2.40118E+07,2.43446E+07,2.46037E+07,2.47827E+07,2.4948E+07,2.51058E+07,2.52658E+07,2.54295E+07,2.55883E+07,2.57472E+07,2.59125E+07,2.60835E+07,2.62523E+07,2.64196E+07,2.65915E+07,2.67711E+07,2.69573E+07,2.71438E+07,2.73289E+07,2.75103E+07,2.76869E+07,2.78592E+07,2.80276E+07,2.8191E+07,2.8351E+07,2.85067E+07,2.86566E+07,2.87989E+07,2.89326E+07,2.90584E+07,2.91767E+07,2.92871E+07,2.93899E+07,2.94854E+07,2.95737E+07,2.96565E+07,2.97343E+07,2.98071E+07,2.98746E+07,2.9937E+07,2.99953E+07,3.005E+07,3.01014E+07,3.01496E+07,3.01947E+07,3.02373E+07,3.02777E+07,3.03161E+07,3.03528E+07,3.03879E+07,3.04215E+07,3.04537E+07,3.04847E+07,3.0515E+07,3.05446E+07,3.05734E+07,3.06016E+07,3.06293E+07,3.0657E+07,3.06847E+07,3.07124E+07,3.074E+07,3.07676E+07,3.07958E+07,3.08245E+07,3.08534E+07,3.08828E+07,3.09124E+07,3.09425E+07,3.09733E+07,3.10047E+07,3.10365E+07,3.10689E+07,3.11024E+07,3.11374E+07,3.11739E+07,3.12118E+07,3.12512E+07,3.1292E+07,3.13344E+07,3.13785E+07,3.14239E+07,3.14702E+07,3.15182E+07,3.15676E+07,3.16187E+07,3.1672E+07,3.17275E+07,3.17855E+07,3.18464E+07,3.19104E+07,3.19782E+07,3.20517E+07,3.21317E+07,3.22181E+07,3.23089E+07,3.24048E+07,3.25064E+07,3.26137E+07,3.27244E+07,3.28368E+07,3.29523E+07,3.3076E+07,3.32117E+07,3.33602E+07,3.35177E+07,3.36848E+07,3.38633E+07,3.40544E+07,3.4257E+07,3.44645E+07,3.46756E+07,3.4897E+07,3.51289E+07,3.53714E+07,3.56231E+07,3.58842E+07,3.61505E+07,3.64162E+07,3.6679E+07,3.6938E+07,3.71915E+07,3.74368E+07,3.76739E+07,3.79062E+07,3.81354E+07,3.83606E+07,3.85818E+07,3.87965E+07,3.9006E+07,3.92094E+07,3.94098E+07,3.96079E+07,3.98025E+07,3.99906E+07,4.01777E+07,4.03678E+07,4.05597E+07,4.07508E+07,4.09403E+07,4.11261E+07,4.13159E+07,4.15131E+07,4.17126E+07,4.19186E+07,4.21293E+07,4.23454E+07,4.2573E+07,4.28106E+07,4.30516E+07,4.3296E+07,4.35424E+07,4.3791E+07,4.40407E+07,4.42873E+07,4.45303E+07,4.47752E+07,4.5023E+07,4.5273E+07,4.55267E+07,4.57838E+07,4.60467E+07,4.6313E+07,4.65814E+07,4.68506E+07,4.71191E+07,4.73842E+07,4.76454E+07,4.79053E+07,4.81636E+07,4.84186E+07,4.86713E+07,4.89238E+07,4.91779E+07,4.94327E+07,4.96838E+07,4.99322E+07,5.01804E+07,5.04289E+07,5.06759E+07,5.09214E+07,5.11685E+07,5.14155E+07,5.16626E+07,5.19111E+07,5.21613E+07,5.24141E+07,5.26692E+07,5.29263E+07,5.3186E+07,5.34466E+07,5.3708E+07,5.39738E+07,5.42509E+07,5.45428E+07,5.48464E+07,5.51624E+07,5.54886E+07,5.58223E+07,5.61657E+07,5.65201E+07,5.68836E+07,5.72566E+07,5.76395E+07,5.80336E+07,5.84437E+07,5.88691E+07,5.93052E+07,5.97491E+07,6.02037E+07,6.06754E+07,6.11677E+07,6.16797E+07,6.22127E+07,6.27639E+07,6.33259E+07,6.38933E+07,6.44654E+07,6.50444E+07,6.56302E+07,6.62206E+07,6.68195E+07,6.74224E+07,6.8025E+07,6.86299E+07,6.92308E+07,6.98232E+07,7.04036E+07,7.09669E+07,7.15287E+07,7.20863E+07,7.2626E+07,7.31579E+07,7.36832E+07,7.4208E+07,7.47339E+07,7.52544E+07,7.57738E+07,7.62975E+07,7.68203E+07,7.73482E+07,7.78774E+07,7.84073E+07,7.89474E+07,7.95E+07,8.00672E+07,8.06469E+07,8.12328E+07,8.18276E+07,8.24367E+07,8.30589E+07,8.37011E+07,8.43692E+07,8.50623E+07,8.57713E+07,8.64835E+07,8.7202E+07,8.79361E+07,8.86724E+07,8.94142E+07,9.01803E+07,9.09707E+07,9.17781E+07,9.25952E+07,9.34053E+07,9.42187E+07,9.50284E+07,9.58181E+07,9.65835E+07,9.73215E+07,9.80265E+07,9.87238E+07,9.94352E+07,1.00147E+08,1.00859E+08,1.0158E+08,1.02325E+08,1.03081E+08,1.03823E+08,1.04534E+08,1.05226E+08,1.05898E+08,1.06554E+08,1.07203E+08,1.07833E+08,1.08449E+08,1.09071E+08,1.097E+08,1.10338E+08,1.10981E+08,1.1163E+08,1.12295E+08,1.12979E+08,1.13663E+08,1.14339E+08,1.1502E+08,1.1572E+08,1.16412E+08,1.17091E+08,1.17775E+08,1.18466E+08,1.19178E+08,1.19917E+08,1.20678E+08,1.21456E+08,1.22255E+08,1.23075E+08,1.23918E+08,1.24782E+08,1.25666E+08,1.26571E+08,1.27511E+08,1.28488E+08,1.29472E+08,1.30462E+08,1.31459E+08,1.32458E+08,1.3346E+08,1.3446E+08,1.35451E+08,1.36436E+08,1.3741E+08,1.38373E+08,1.39327E+08,1.40263E+08,1.41174E+08,1.42054E+08,1.42911E+08,1.43756E+08,1.44589E+08,1.45404E+08,1.46203E+08,1.46991E+08,1.47779E+08,1.48559E+08,1.49324E+08,1.50075E+08,1.50817E+08,1.51551E+08,1.52278E+08,1.52994E+08,1.53702E+08,1.54413E+08,1.55125E+08,1.55834E+08,1.56532E+08,1.57211E+08,1.57885E+08,1.58569E+08,1.59256E+08,1.59943E+08,1.60632E+08,1.61334E+08,1.62062E+08,1.62805E+08,1.63548E+08,1.6429E+08,1.65033E+08,1.65779E+08,1.66538E+08,1.67302E+08,1.68068E+08,1.68835E+08,1.69605E+08,1.70381E+08,1.71161E+08,1.71931E+08,1.72699E+08,1.73464E+08,1.74228E+08,1.74992E+08,1.75759E+08,1.76525E+08,1.7729E+08,1.7805E+08,1.78807E+08,1.79567E+08,1.80323E+08,1.81074E+08,1.81823E+08,1.82569E+08,1.83312E+08,1.84055E+08,1.84793E+08,1.85532E+08,1.86275E+08,1.87015E+08,1.87747E+08,1.88479E+08,1.8921E+08,1.89932E+08,1.90648E+08,1.91359E+08,1.92067E+08,1.92768E+08,1.93456E+08,1.94129E+08,1.94791E+08,1.95452E+08,1.96109E+08,1.96757E+08,1.97399E+08,1.98046E+08,1.987E+08,1.99361E+08,2.00018E+08,2.0067E+08,2.01318E+08,2.01961E+08,2.02594E+08,2.03221E+08,2.03843E+08,2.04459E+08,2.05069E+08,2.05678E+08,2.06283E+08,2.06887E+08,2.07487E+08,2.08082E+08,2.08675E+08,2.09264E+08,2.09846E+08,2.10422E+08,2.10998E+08,2.11577E+08,2.12157E+08,2.12736E+08,2.13312E+08,2.13889E+08,2.14466E+08,2.15035E+08,2.15589E+08,2.1613E+08,2.16669E+08,2.17203E+08,2.17729E+08,2.18247E+08,2.18762E+08,2.19276E+08,2.19795E+08,2.20308E+08,2.20816E+08,2.21319E+08,2.21819E+08,2.22315E+08,2.22807E+08,2.23297E+08,2.23787E+08,2.24277E+08,2.24763E+08,2.25242E+08,2.25715E+08,2.26188E+08,2.26659E+08,2.27122E+08,2.2757E+08,2.28006E+08,2.28444E+08,2.28894E+08,2.29345E+08,2.29795E+08,2.30248E+08,2.30709E+08,2.31178E+08,2.31642E+08,2.32095E+08,2.32546E+08,2.32996E+08,2.33445E+08,2.33891E+08,2.34331E+08,2.34769E+08,2.35202E+08,2.35629E+08,2.36055E+08,2.36482E+08,2.36908E+08,2.37332E+08,2.3775E+08,2.38166E+08,2.38583E+08,2.39003E+08,2.39424E+08,2.39846E+08,2.40274E+08,2.40708E+08,2.41152E+08,2.41603E+08,2.42061E+08,2.42533E+08,2.43017E+08,2.4352E+08,2.4405E+08,2.44605E+08,2.45184E+08,2.45789E+08,2.46422E+08,2.47087E+08,2.47776E+08,2.48484E+08,2.49233E+08,2.5002E+08,2.50841E+08,2.51698E+08,2.52592E+08,2.5353E+08,2.5451E+08,2.55513E+08,2.5654E+08,2.57591E+08,2.58659E+08,2.5974E+08,2.60831E+08,2.61929E+08,2.63028E+08,2.64122E+08,2.65206E+08,2.66276E+08,2.67338E+08,2.68392E+08,2.69431E+08,2.70456E+08,2.71469E+08,2.72462E+08,2.73436E+08,2.74391E+08,2.75335E+08,2.76272E+08,2.77203E+08,2.78128E+08,2.79049E+08,2.79968E+08,2.80885E+08,2.81792E+08,2.82693E+08,2.83597E+08,2.84495E+08,2.85383E+08,2.86278E+08,2.87181E+08,2.88095E+08,2.89023E+08,2.89966E+08,2.90916E+08,2.91873E+08,2.9284E+08,2.93825E+08,2.94829E+08,2.95844E+08,2.96871E+08,2.9792E+08,2.9899E+08,3.00069E+08,3.01142E+08,3.02234E+08,3.0335E+08,3.04484E+08,3.05637E+08,3.0681E+08,3.08005E+08,3.09228E+08,3.10468E+08,3.11721E+08,3.12985E+08,3.14257E+08,3.15533E+08,3.16813E+08,3.18094E+08,3.19371E+08,3.20652E+08,3.2193E+08,3.23201E+08,3.2446E+08,3.2571E+08,3.26945E+08,3.28159E+08,3.29339E+08,3.30487E+08,3.31625E+08,3.32748E+08,3.33865E+08,3.34978E+08,3.36098E+08,3.37233E+08,3.3838E+08,3.39522E+08,3.40672E+08,3.41817E+08,3.42956E+08,3.44095E+08,3.45233E+08,3.46365E+08,3.47498E+08,3.48637E+08,3.49783E+08,3.50938E+08,3.52098E+08,3.53261E+08,3.54421E+08,3.55575E+08,3.56735E+08,3.57906E+08,3.59092E+08,3.60293E+08,3.61502E+08,3.62713E+08,3.63932E+08,3.65163E+08,3.66401E+08,3.67642E+08,3.68883E+08,3.70128E+08,3.71376E+08,3.72627E+08,3.73881E+08,3.75128E+08,3.76364E+08,3.77587E+08,3.78791E+08,3.79984E+08,3.81173E+08,3.82351E+08,3.83521E+08,3.84682E+08,3.85838E+08,3.8699E+08,3.88133E+08,3.8926E+08,3.90378E+08,3.91488E+08,3.92593E+08,3.93694E+08,3.94775E+08,3.95839E+08,3.96903E+08,3.97972E+08,3.99043E+08,4.0011E+08,4.0117E+08,4.02243E+08,4.03334E+08,4.04429E+08,4.05524E+08,4.06615E+08,4.07702E+08,4.08783E+08,4.09856E+08,4.10929E+08,4.12001E+08,4.13062E+08,4.14119E+08,4.15169E+08,4.16211E+08,4.17251E+08,4.18281E+08,4.19298E+08,4.20314E+08,4.2133E+08,4.22342E+08,4.23356E+08,4.24373E+08,4.25395E+08,4.26415E+08,4.27423E+08,4.28418E+08,4.29411E+08,4.30412E+08,4.31422E+08,4.32435E+08,4.33449E+08,4.34472E+08,4.35516E+08,4.36581E+08,4.37653E+08,4.38732E+08,4.39823E+08,4.40923E+08,4.42028E+08,4.43136E+08,4.4425E+08,4.45372E+08,4.46506E+08,4.47641E+08,4.48776E+08,4.49913E+08,4.51049E+08,4.52181E+08,4.53339E+08,4.5458E+08,4.55678E+08,4.56788E+08,4.57856E+08,4.58909E+08,4.60069E+08,4.6139E+08,4.62571E+08,4.63756E+08,4.64919E+08,4.65965E+08,4.66977E+08,4.68036E+08,4.69153E+08,4.70147E+08,4.71142E+08,4.72268E+08,4.73386E+08,4.74333E+08,4.75295E+08,4.76308E+08,4.77239E+08,4.78165E+08,4.79111E+08,4.80024E+08,4.80925E+08,4.81822E+08,4.82752E+08,4.83647E+08,4.84545E+08,4.85447E+08,4.86343E+08,4.87227E+08,4.88103E+08,4.88986E+08,4.89931E+08,4.90782E+08,4.91623E+08,4.92459E+08,4.93296E+08,4.94135E+08,4.9497E+08,4.95801E+08,4.96631E+08,4.97446E+08,4.98257E+08,4.9906E+08,4.9985E+08,5.00625E+08,5.01387E+08,5.02144E+08,5.029E+08,5.03652E+08,5.04403E+08,5.05155E+08,5.05911E+08,5.06669E+08,5.07428E+08,5.08185E+08,5.08943E+08,5.097E+08,5.10456E+08,5.11209E+08,5.1196E+08,5.12711E+08,5.13462E+08,5.14211E+08,5.14959E+08,5.15704E+08,5.16445E+08,5.17184E+08,5.17918E+08,5.18648E+08,5.19375E+08,5.201E+08,5.20823E+08,5.21544E+08,5.22264E+08,5.22985E+08,5.23709E+08,5.24436E+08,5.25164E+08,5.25893E+08,5.26623E+08,5.27356E+08,5.28093E+08,5.28832E+08,5.29574E+08,5.30317E+08,5.31059E+08,5.31798E+08,5.32537E+08,5.3328E+08,5.34025E+08,5.34771E+08,5.35528E+08,5.36297E+08,5.37078E+08,5.37873E+08,5.38676E+08,5.39487E+08,5.40308E+08,5.41134E+08,5.41964E+08,5.42797E+08,5.4363E+08,5.44466E+08,5.45307E+08,5.46156E+08,5.47011E+08,5.47871E+08,5.48738E+08,5.49611E+08,5.50488E+08,5.5137E+08,5.52259E+08,5.53147E+08,5.5404E+08,5.5494E+08,5.55846E+08,5.56756E+08,5.57694E+08,5.58651E+08,5.59561E+08,5.60482E+08,5.61407E+08,5.62336E+08,5.63267E+08,5.64238E+08,5.65226E+08,5.66133E+08,5.67038E+08,5.67944E+08,5.68861E+08,5.69782E+08,5.7077E+08,5.71777E+08,5.7269E+08,5.73634E+08,5.74584E+08,5.75516E+08,5.7644E+08,5.77454E+08,5.78488E+08,5.79393E+08,5.80317E+08,5.81249E+08,5.82193E+08,5.83146E+08,5.84172E+08,5.85216E+08,5.86135E+08,5.87071E+08,5.88013E+08,5.8896E+08,5.89914E+08,5.90942E+08,5.91986E+08,5.92924E+08,5.93885E+08,5.94848E+08,5.95814E+08,5.96781E+08,5.97826E+08,5.98887E+08,5.99831E+08,6.00794E+08,6.01763E+08,6.02732E+08,6.03701E+08,6.04763E+08,6.05836E+08,6.06778E+08,6.07745E+08,6.08715E+08,6.09687E+08,6.10659E+08,6.11732E+08,6.12814E+08,6.13734E+08,6.14676E+08,6.1562E+08,6.16563E+08,6.17501E+08,6.18523E+08,6.19554E+08,6.20447E+08,6.21356E+08,6.2226E+08,6.23162E+08,6.24067E+08,6.25053E+08,6.26048E+08,6.26909E+08,6.27788E+08,6.2867E+08,6.29546E+08,6.30418E+08,6.31358E+08,6.3231E+08,6.33144E+08,6.3399E+08,6.34835E+08,6.35679E+08,6.3652E+08,6.37415E+08,6.38323E+08,6.39135E+08,6.39957E+08,6.4078E+08,6.41599E+08,6.42408E+08,6.43281E+08,6.44171E+08,6.4495E+08,6.45743E+08,6.46537E+08,6.47332E+08,6.48128E+08,6.48988E+08,6.49863E+08,6.50638E+08,6.51427E+08,6.5222E+08,6.53015E+08,6.53817E+08,6.54662E+08,6.55519E+08,6.56311E+08,6.57106E+08,6.57901E+08,6.58698E+08,6.59493E+08,6.60322E+08,6.61168E+08,6.61957E+08,6.62762E+08,6.63577E+08,6.64394E+08,6.65211E+08,6.66068E+08,6.66941E+08,6.67747E+08,6.68562E+08,6.69382E+08,6.70204E+08,6.7103E+08,6.71908E+08,6.7275E+08,6.736E+08,6.74453E+08,6.75308E+08,6.76165E+08,6.77024E+08,6.77886E+08,6.78749E+08,6.79615E+08,6.80482E+08,6.81352E+08,6.82224E+08,6.83097E+08,6.83972E+08,6.84849E+08,6.85728E+08,6.86609E+08,6.8749E+08,6.88374E+08,6.89258E+08,6.90144E+08,6.91031E+08,6.91919E+08,6.92808E+08,6.93698E+08
"Cost of Hospitalizations Cumulative[Nebraska]",0,0,0,0,0,0,0,0,0,0,0,0,0,0,0,0,0,0,0,0,0,0.165684,6.02196,29.8174,87.4505,201.088,403.299,743.627,1298.73,2188.44,3602.09,5842.19,9390.66,15012.6,23908.5,37959.5,60049.8,94194.5,145459,219707,323162,461271,635876,844324,1.08042E+06,1.33654E+06,1.60571E+06,1.8827E+06,2.16384E+06,2.44668E+06,2.72966E+06,3.01199E+06,3.2934E+06,3.57394E+06,3.85396E+06,4.13371E+06,4.41318E+06,4.69232E+06,4.97111E+06,5.24966E+06,5.52833E+06,5.8077E+06,6.08834E+06,6.3708E+06,6.65561E+06,6.94331E+06,7.23429E+06,7.52888E+06,7.82728E+06,8.12943E+06,8.43511E+06,8.74408E+06,9.05614E+06,9.37109E+06,9.68863E+06,1.00083E+07,1.03295E+07,1.06517E+07,1.09742E+07,1.12966E+07,1.16186E+07,1.19397E+07,1.22596E+07,1.25781E+07,1.28951E+07,1.32107E+07,1.35251E+07,1.38384E+07,1.41511E+07,1.44636E+07,1.47763E+07,1.50895E+07,1.54036E+07,1.57187E+07,1.60352E+07,1.63534E+07,1.66735E+07,1.69958E+07,1.73203E+07,1.76468E+07,1.79756E+07,1.83067E+07,1.86401E+07,1.89757E+07,1.93133E+07,1.96525E+07,1.99933E+07,2.03356E+07,2.06794E+07,2.10168E+07,2.1292E+07,2.1524E+07,2.17424E+07,2.19547E+07,2.21663E+07,2.23776E+07,2.2588E+07,2.27991E+07,2.30143E+07,2.32387E+07,2.34766E+07,2.37255E+07,2.3983E+07,2.42432E+07,2.45117E+07,2.47907E+07,2.50726E+07,2.5354E+07,2.56363E+07,2.59216E+07,2.62131E+07,2.65087E+07,2.68041E+07,2.71042E+07,2.74129E+07,2.77303E+07,2.80544E+07,2.83884E+07,2.87361E+07,2.90998E+07,2.94778E+07,2.98653E+07,3.02606E+07,3.06676E+07,3.10848E+07,3.15076E+07,3.19368E+07,3.23725E+07,3.28168E+07,3.32642E+07,3.37065E+07,3.41403E+07,3.45675E+07,3.49931E+07,3.54185E+07,3.58376E+07,3.62511E+07,3.66635E+07,3.7075E+07,3.748E+07,3.78741E+07,3.82592E+07,3.86393E+07,3.90175E+07,3.93899E+07,3.97555E+07,4.01148E+07,4.04712E+07,4.0825E+07,4.11759E+07,4.1522E+07,4.18644E+07,4.22046E+07,4.2547E+07,4.28914E+07,4.32397E+07,4.35946E+07,4.39535E+07,4.4307E+07,4.46536E+07,4.50003E+07,4.53474E+07,4.56914E+07,4.60355E+07,4.63818E+07,4.67331E+07,4.70859E+07,4.74382E+07,4.77881E+07,4.81366E+07,4.84786E+07,4.88108E+07,4.91396E+07,4.94714E+07,4.97959E+07,5.01164E+07,5.04361E+07,5.07563E+07,5.10861E+07,5.14182E+07,5.17497E+07,5.20905E+07,5.24373E+07,5.27841E+07,5.31286E+07,5.34668E+07,5.38022E+07,5.41346E+07,5.44648E+07,5.47966E+07,5.51319E+07,5.5472E+07,5.58144E+07,5.61565E+07,5.65033E+07,5.68543E+07,5.72061E+07,5.75587E+07,5.79119E+07,5.82671E+07,5.86265E+07,5.8989E+07,5.93524E+07,5.97142E+07,6.00736E+07,6.04382E+07,6.082E+07,6.12139E+07,6.16115E+07,6.20137E+07,6.24213E+07,6.28342E+07,6.32494E+07,6.36579E+07,6.40583E+07,6.44565E+07,6.48558E+07,6.52642E+07,6.56868E+07,6.61211E+07,6.65703E+07,6.70442E+07,6.754E+07,6.80501E+07,6.85733E+07,6.9106E+07,6.96501E+07,7.02006E+07,7.07487E+07,7.12995E+07,7.18558E+07,7.24133E+07,7.29745E+07,7.35396E+07,7.41103E+07,7.46863E+07,7.52647E+07,7.58447E+07,7.64298E+07,7.70173E+07,7.76082E+07,7.81952E+07,7.87857E+07,7.93761E+07,7.99604E+07,8.05391E+07,8.11202E+07,8.16939E+07,8.2256E+07,8.28078E+07,8.33576E+07,8.3909E+07,8.44524E+07,8.4982E+07,8.55064E+07,8.6031E+07,8.6555E+07,8.70681E+07,8.75679E+07,8.80674E+07,8.85631E+07,8.90508E+07,8.95317E+07,9.00013E+07,9.04663E+07,9.09344E+07,9.13917E+07,9.18523E+07,9.23156E+07,9.27789E+07,9.32478E+07,9.37193E+07,9.41846E+07,9.46526E+07,9.51144E+07,9.55686E+07,9.60119E+07,9.64403E+07,9.6853E+07,9.72763E+07,9.7731E+07,9.81926E+07,9.866E+07,9.91392E+07,9.96304E+07,1.00133E+08,1.00629E+08,1.01104E+08,1.01578E+08,1.02052E+08,1.02527E+08,1.03002E+08,1.03475E+08,1.0395E+08,1.04422E+08,1.04888E+08,1.05352E+08,1.05819E+08,1.06294E+08,1.06781E+08,1.0728E+08,1.07792E+08,1.08314E+08,1.08844E+08,1.09377E+08,1.09912E+08,1.10448E+08,1.10984E+08,1.11526E+08,1.12076E+08,1.12645E+08,1.13238E+08,1.13847E+08,1.14471E+08,1.15109E+08,1.15761E+08,1.16431E+08,1.17118E+08,1.17817E+08,1.18531E+08,1.19261E+08,1.20001E+08,1.20758E+08,1.21536E+08,1.22327E+08,1.23126E+08,1.2393E+08,1.24736E+08,1.25563E+08,1.26413E+08,1.27267E+08,1.28131E+08,1.2901E+08,1.29899E+08,1.30797E+08,1.31698E+08,1.32608E+08,1.33532E+08,1.34463E+08,1.35405E+08,1.36361E+08,1.37333E+08,1.38317E+08,1.39306E+08,1.40301E+08,1.41306E+08,1.42316E+08,1.4333E+08,1.44365E+08,1.4543E+08,1.46506E+08,1.47597E+08,1.48692E+08,1.4979E+08,1.50893E+08,1.51993E+08,1.53087E+08,1.54186E+08,1.55266E+08,1.56327E+08,1.57376E+08,1.58416E+08,1.59445E+08,1.60451E+08,1.6144E+08,1.62434E+08,1.63439E+08,1.64456E+08,1.65481E+08,1.66504E+08,1.67518E+08,1.68528E+08,1.69539E+08,1.7055E+08,1.71555E+08,1.7255E+08,1.73535E+08,1.74521E+08,1.75502E+08,1.76478E+08,1.77457E+08,1.78434E+08,1.79407E+08,1.8038E+08,1.81356E+08,1.82338E+08,1.83313E+08,1.84258E+08,1.85176E+08,1.86082E+08,1.86993E+08,1.87903E+08,1.88803E+08,1.89698E+08,1.90613E+08,1.91536E+08,1.92467E+08,1.93393E+08,1.94321E+08,1.95252E+08,1.96189E+08,1.97131E+08,1.98084E+08,1.99032E+08,1.99977E+08,2.00916E+08,2.01855E+08,2.02796E+08,2.03725E+08,2.04644E+08,2.05563E+08,2.06483E+08,2.07398E+08,2.08313E+08,2.0923E+08,2.10155E+08,2.11131E+08,2.12166E+08,2.1321E+08,2.14271E+08,2.15321E+08,2.16362E+08,2.17402E+08,2.18407E+08,2.19348E+08,2.20268E+08,2.2119E+08,2.22158E+08,2.2313E+08,2.24098E+08,2.2506E+08,2.26019E+08,2.26969E+08,2.27892E+08,2.28772E+08,2.29643E+08,2.30527E+08,2.31405E+08,2.3227E+08,2.3313E+08,2.33979E+08,2.34822E+08,2.35651E+08,2.36449E+08,2.37226E+08,2.38003E+08,2.38786E+08,2.39573E+08,2.40358E+08,2.41143E+08,2.41923E+08,2.42709E+08,2.43492E+08,2.44267E+08,2.45032E+08,2.45785E+08,2.46525E+08,2.47256E+08,2.4798E+08,2.48693E+08,2.49403E+08,2.5011E+08,2.50808E+08,2.51502E+08,2.52192E+08,2.52871E+08,2.53545E+08,2.54211E+08,2.54866E+08,2.55513E+08,2.56152E+08,2.56783E+08,2.57415E+08,2.58048E+08,2.58681E+08,2.59308E+08,2.59937E+08,2.60572E+08,2.61204E+08,2.61828E+08,2.62443E+08,2.63051E+08,2.63658E+08,2.64258E+08,2.64848E+08,2.65434E+08,2.66019E+08,2.666E+08,2.67173E+08,2.67736E+08,2.68291E+08,2.68842E+08,2.69388E+08,2.69927E+08,2.70461E+08,2.70997E+08,2.71538E+08,2.7208E+08,2.7262E+08,2.73159E+08,2.73694E+08,2.74227E+08,2.74756E+08,2.7528E+08,2.758E+08,2.76313E+08,2.76824E+08,2.77334E+08,2.77842E+08,2.78349E+08,2.78853E+08,2.79351E+08,2.79846E+08,2.80334E+08,2.80817E+08,2.81298E+08,2.81778E+08,2.82255E+08,2.82724E+08,2.83191E+08,2.83661E+08,2.84131E+08,2.84603E+08,2.85085E+08,2.85581E+08,2.86074E+08,2.86555E+08,2.87021E+08,2.8748E+08,2.87938E+08,2.88385E+08,2.88812E+08,2.89237E+08,2.89663E+08,2.90092E+08,2.90525E+08,2.90961E+08,2.91397E+08,2.91834E+08,2.92276E+08,2.92722E+08,2.93171E+08,2.93623E+08,2.94078E+08,2.94536E+08,2.94991E+08,2.95446E+08,2.95905E+08,2.96367E+08,2.9683E+08,2.97295E+08,2.97765E+08,2.98243E+08,2.98724E+08,2.99204E+08,2.99681E+08,3.00159E+08,3.00639E+08,3.01121E+08,3.01603E+08,3.02086E+08,3.02571E+08,3.0306E+08,3.03552E+08,3.04047E+08,3.04547E+08,3.05049E+08,3.05551E+08,3.06054E+08,3.06559E+08,3.07069E+08,3.07584E+08,3.08103E+08,3.08629E+08,3.09166E+08,3.09721E+08,3.10291E+08,3.10875E+08,3.11482E+08,3.12112E+08,3.12766E+08,3.13451E+08,3.14166E+08,3.1492E+08,3.15716E+08,3.1655E+08,3.17434E+08,3.18373E+08,3.19354E+08,3.20379E+08,3.21444E+08,3.22548E+08,3.2369E+08,3.24861E+08,3.26058E+08,3.27286E+08,3.28542E+08,3.29828E+08,3.31144E+08,3.3249E+08,3.33864E+08,3.35266E+08,3.36695E+08,3.38146E+08,3.3961E+08,3.41077E+08,3.42554E+08,3.44039E+08,3.45524E+08,3.47021E+08,3.48534E+08,3.50067E+08,3.5162E+08,3.53217E+08,3.54854E+08,3.56546E+08,3.58309E+08,3.60133E+08,3.61991E+08,3.63852E+08,3.65711E+08,3.67585E+08,3.6951E+08,3.71499E+08,3.73532E+08,3.75599E+08,3.77689E+08,3.798E+08,3.81922E+08,3.84034E+08,3.86121E+08,3.88189E+08,3.90239E+08,3.92276E+08,3.94293E+08,3.96292E+08,3.98288E+08,4.00296E+08,4.02314E+08,4.04341E+08,4.06368E+08,4.08389E+08,4.10403E+08,4.12379E+08,4.1432E+08,4.16267E+08,4.18196E+08,4.2011E+08,4.22031E+08,4.23934E+08,4.25832E+08,4.27698E+08,4.29501E+08,4.3127E+08,4.33016E+08,4.34734E+08,4.36448E+08,4.38154E+08,4.39859E+08,4.4156E+08,4.43257E+08,4.44937E+08,4.46601E+08,4.48252E+08,4.49895E+08,4.51532E+08,4.53156E+08,4.54766E+08,4.56369E+08,4.57967E+08,4.59556E+08,4.61131E+08,4.62693E+08,4.64246E+08,4.65792E+08,4.67333E+08,4.68866E+08,4.70391E+08,4.7191E+08,4.73422E+08,4.74923E+08,4.76412E+08,4.77888E+08,4.79359E+08,4.80828E+08,4.82282E+08,4.83731E+08,4.8523E+08,4.86654E+08,4.88084E+08,4.89506E+08,4.90922E+08,4.924E+08,4.93957E+08,4.95353E+08,4.96738E+08,4.98142E+08,4.99582E+08,5.00958E+08,5.02362E+08,5.03859E+08,5.05241E+08,5.06644E+08,5.08059E+08,5.09476E+08,5.10902E+08,5.12421E+08,5.14066E+08,5.15471E+08,5.16917E+08,5.18333E+08,5.19762E+08,5.21193E+08,5.2266E+08,5.24239E+08,5.25682E+08,5.27146E+08,5.28601E+08,5.3006E+08,5.31515E+08,5.32991E+08,5.34541E+08,5.35995E+08,5.37425E+08,5.38804E+08,5.40187E+08,5.41575E+08,5.43032E+08,5.4465E+08,5.4615E+08,5.47652E+08,5.49133E+08,5.5062E+08,5.52104E+08,5.53699E+08,5.55444E+08,5.56859E+08,5.583E+08,5.59746E+08,5.61196E+08,5.62662E+08,5.64154E+08,5.65712E+08,5.67207E+08,5.68702E+08,5.70203E+08,5.71711E+08,5.73224E+08,5.74753E+08,5.76368E+08,5.77932E+08,5.79551E+08,5.81197E+08,5.82855E+08,5.84525E+08,5.8622E+08,5.88052E+08,5.89791E+08,5.91626E+08,5.9351E+08,5.95205E+08,5.96889E+08,5.98618E+08,6.00679E+08,6.02953E+08,6.04996E+08,6.07089E+08,6.09066E+08,6.10924E+08,6.13055E+08,6.15495E+08,6.17678E+08,6.20062E+08,6.22219E+08,6.2413E+08,6.26089E+08,6.28448E+08,6.3112E+08,6.33372E+08,6.35628E+08,6.37644E+08,6.39591E+08,6.41567E+08,6.43857E+08,6.46381E+08,6.48316E+08,6.5028E+08,6.52062E+08,6.53804E+08,6.55526E+08,6.57433E+08,6.59411E+08,6.61046E+08,6.62829E+08,6.64337E+08,6.65851E+08,6.67353E+08,6.68934E+08,6.70594E+08,6.72008E+08,6.73427E+08,6.74831E+08,6.76215E+08,6.7758E+08,6.7892E+08,6.80236E+08,6.81497E+08,6.82745E+08,6.83977E+08,6.85196E+08,6.86402E+08,6.87592E+08,6.88779E+08,6.89957E+08,6.91107E+08,6.92242E+08,6.93362E+08,6.94467E+08,6.95554E+08,6.96626E+08,6.97687E+08,6.98733E+08,6.99759E+08,7.00768E+08,7.01764E+08,7.02746E+08,7.0371E+08,7.04655E+08,7.05584E+08,7.06499E+08,7.07405E+08,7.08303E+08,7.09193E+08,7.10074E+08,7.10951E+08,7.11824E+08,7.12695E+08,7.13562E+08,7.14426E+08,7.15289E+08,7.16158E+08,7.17029E+08,7.17898E+08,7.18767E+08,7.19632E+08,7.20494E+08,7.21354E+08,7.22216E+08,7.2306E+08,7.23903E+08,7.24747E+08,7.25589E+08,7.2643E+08,7.2727E+08,7.28108E+08,7.28945E+08,7.29784E+08,7.30625E+08,7.31472E+08,7.32324E+08,7.33182E+08,7.34046E+08,7.34916E+08,7.3579E+08,7.3667E+08,7.37557E+08,7.38451E+08,7.39349E+08,7.40249E+08,7.41153E+08,7.42065E+08,7.42991E+08,7.43912E+08,7.44843E+08,7.45789E+08,7.46756E+08,7.47742E+08,7.48747E+08,7.49767E+08,7.508E+08,7.51855E+08,7.52926E+08,7.54016E+08,7.55109E+08,7.56216E+08,7.57339E+08,7.58482E+08,7.59635E+08,7.60803E+08,7.62037E+08,7.63341E+08,7.64548E+08,7.65787E+08,7.67047E+08,7.68328E+08,7.69656E+08,7.71048E+08,7.72368E+08,7.73719E+08,7.75092E+08,7.76483E+08,7.77892E+08,7.79316E+08,7.80825E+08,7.82412E+08,7.83847E+08,7.85314E+08,7.86799E+08,7.88298E+08,7.89893E+08,7.91579E+08,7.93124E+08,7.9466E+08,7.96204E+08,7.97766E+08,7.9934E+08,8.01058E+08,8.0286E+08,8.04441E+08,8.06055E+08,8.07657E+08,8.09265E+08,8.10887E+08,8.12565E+08,8.14325E+08,8.16031E+08,8.17741E+08,8.19418E+08,8.211E+08,8.22794E+08,8.24533E+08,8.26337E+08,8.28075E+08,8.29834E+08,8.31552E+08,8.33269E+08,8.34995E+08,8.36728E+08,8.38464E+08,8.40405E+08,8.424E+08,8.44077E+08,8.45801E+08,8.47536E+08,8.49275E+08,8.51023E+08,8.52948E+08,8.54941E+08,8.56637E+08,8.58361E+08,8.60092E+08,8.61927E+08,8.63825E+08,8.65537E+08,8.67263E+08,8.68957E+08,8.70639E+08,8.72313E+08,8.74065E+08,8.75877E+08,8.77523E+08,8.79149E+08,8.80748E+08,8.82341E+08,8.83922E+08,8.85611E+08,8.87357E+08,8.88885E+08,8.90421E+08,8.91925E+08,8.93413E+08,8.94889E+08,8.96435E+08,8.98032E+08,8.99468E+08,9.00919E+08,9.02327E+08,9.03719E+08,9.05099E+08,9.06519E+08,9.07985E+08,9.09307E+08,9.1064E+08,9.11974E+08,9.13271E+08,9.14561E+08,9.15842E+08,9.17198E+08,9.18573E+08,9.19818E+08,9.21083E+08,9.22311E+08,9.23538E+08,9.24812E+08,9.26135E+08,9.27339E+08,9.28552E+08,9.29759E+08,9.30962E+08,9.32162E+08,9.33401E+08,9.34685E+08,9.35871E+08,9.37075E+08,9.38264E+08,9.39453E+08,9.4064E+08,9.41846E+08,9.43085E+08,9.44259E+08,9.45442E+08,9.46626E+08,9.47813E+08,9.49003E+08,9.50221E+08,9.51469E+08,9.52659E+08,9.53857E+08,9.5506E+08,9.56268E+08,9.57483E+08,9.58719E+08,9.59986E+08,9.6121E+08,9.62445E+08,9.63661E+08,9.64943E+08,9.66223E+08,9.67507E+08,9.68799E+08,9.70098E+08,9.71404E+08,9.72718E+08,9.74039E+08,9.75369E+08,9.76706E+08,9.78052E+08,9.79405E+08,9.80767E+08,9.82136E+08,9.83514E+08,9.84899E+08,9.86293E+08,9.87693E+08,9.89102E+08,9.90518E+08,9.91941E+08,9.93371E+08,9.94807E+08,9.96251E+08,9.977E+08
"Cost of Hospitalizations Cumulative[Nevada]",0,0,0,0,0,0,0,0,0,0,0,0,0,0,0,0,0,0,0,0,0,0.269656,3.64415,13.8897,34.3989,68.2337,118.314,187.755,280.45,401.482,557.34,755.815,1005.92,1318.78,1708.18,2191.27,2789.91,3531.31,4449.54,5587.96,7003.32,8768.1,10972.3,13725.1,17159.2,21438.4,26765.3,33388.1,41614.4,51824.7,64479.7,80129.8,99445.3,123245,152520,188442,232430,286238,352001,432253,530036,648977,793411,968424,1.1799E+06,1.43468E+06,1.74051E+06,2.10598E+06,2.54034E+06,3.05323E+06,3.65462E+06,4.3545E+06,5.16252E+06,6.08791E+06,7.13881E+06,8.32127E+06,9.63967E+06,1.1098E+07,1.27001E+07,1.44489E+07,1.63437E+07,1.83805E+07,2.05531E+07,2.28533E+07,2.52592E+07,2.77324E+07,3.0241E+07,3.27631E+07,3.52836E+07,3.77922E+07,4.02817E+07,4.27467E+07,4.51831E+07,4.75876E+07,4.99577E+07,5.22915E+07,5.45878E+07,5.68463E+07,5.90668E+07,6.12492E+07,6.33933E+07,6.54992E+07,6.75669E+07,6.95966E+07,7.15885E+07,7.35433E+07,7.54613E+07,7.73431E+07,7.91887E+07,8.09982E+07,8.27718E+07,8.45097E+07,8.62117E+07,8.7566E+07,8.86333E+07,8.97058E+07,9.07598E+07,9.17806E+07,9.27743E+07,9.37492E+07,9.47064E+07,9.56375E+07,9.65466E+07,9.74364E+07,9.83563E+07,9.92806E+07,1.002E+08,1.01122E+08,1.02053E+08,1.02975E+08,1.03867E+08,1.0472E+08,1.05542E+08,1.06361E+08,1.07192E+08,1.08E+08,1.08768E+08,1.09511E+08,1.10226E+08,1.10913E+08,1.11572E+08,1.12199E+08,1.12799E+08,1.13376E+08,1.1393E+08,1.14464E+08,1.14988E+08,1.15501E+08,1.15992E+08,1.16463E+08,1.16922E+08,1.1737E+08,1.17804E+08,1.1822E+08,1.18618E+08,1.19006E+08,1.19387E+08,1.19758E+08,1.20118E+08,1.20472E+08,1.2082E+08,1.21161E+08,1.21496E+08,1.21825E+08,1.22148E+08,1.22465E+08,1.22775E+08,1.2308E+08,1.23379E+08,1.23673E+08,1.23961E+08,1.24243E+08,1.24523E+08,1.24798E+08,1.25073E+08,1.25348E+08,1.25623E+08,1.259E+08,1.26179E+08,1.26456E+08,1.2674E+08,1.27022E+08,1.27302E+08,1.2758E+08,1.2786E+08,1.28154E+08,1.28446E+08,1.28746E+08,1.29048E+08,1.29355E+08,1.29675E+08,1.3E+08,1.30318E+08,1.30648E+08,1.30986E+08,1.31328E+08,1.31671E+08,1.32011E+08,1.3235E+08,1.32694E+08,1.33037E+08,1.33377E+08,1.33722E+08,1.34077E+08,1.3444E+08,1.3481E+08,1.35185E+08,1.35561E+08,1.35937E+08,1.36313E+08,1.36689E+08,1.37068E+08,1.37445E+08,1.37822E+08,1.382E+08,1.38577E+08,1.38953E+08,1.39328E+08,1.39702E+08,1.40091E+08,1.40501E+08,1.40928E+08,1.41369E+08,1.41818E+08,1.42275E+08,1.42739E+08,1.43208E+08,1.43678E+08,1.44158E+08,1.44658E+08,1.45192E+08,1.45763E+08,1.46377E+08,1.47028E+08,1.47703E+08,1.48396E+08,1.49121E+08,1.49886E+08,1.50684E+08,1.51493E+08,1.52321E+08,1.5318E+08,1.54073E+08,1.54981E+08,1.55883E+08,1.56797E+08,1.57736E+08,1.58701E+08,1.5969E+08,1.60684E+08,1.61694E+08,1.62759E+08,1.63886E+08,1.65068E+08,1.66303E+08,1.67578E+08,1.68899E+08,1.70269E+08,1.71662E+08,1.73052E+08,1.74434E+08,1.75797E+08,1.77141E+08,1.78442E+08,1.79687E+08,1.80892E+08,1.82095E+08,1.83278E+08,1.84425E+08,1.85525E+08,1.86592E+08,1.87615E+08,1.88587E+08,1.89487E+08,1.90333E+08,1.91135E+08,1.91904E+08,1.92642E+08,1.93353E+08,1.94061E+08,1.94768E+08,1.95449E+08,1.96102E+08,1.96728E+08,1.9733E+08,1.9791E+08,1.98448E+08,1.98941E+08,1.99419E+08,1.99883E+08,2.00329E+08,2.0076E+08,2.01177E+08,2.01581E+08,2.01973E+08,2.02354E+08,2.02737E+08,2.03121E+08,2.03498E+08,2.03863E+08,2.04217E+08,2.04567E+08,2.04915E+08,2.05254E+08,2.05583E+08,2.0591E+08,2.0624E+08,2.06576E+08,2.06913E+08,2.07248E+08,2.07585E+08,2.07925E+08,2.08266E+08,2.08611E+08,2.08959E+08,2.0932E+08,2.09694E+08,2.10075E+08,2.10465E+08,2.1087E+08,2.11286E+08,2.11708E+08,2.12136E+08,2.12569E+08,2.1301E+08,2.13463E+08,2.13929E+08,2.14411E+08,2.14913E+08,2.15441E+08,2.15996E+08,2.16578E+08,2.17184E+08,2.17814E+08,2.18472E+08,2.19162E+08,2.1987E+08,2.20597E+08,2.21383E+08,2.22213E+08,2.23085E+08,2.2401E+08,2.24987E+08,2.26028E+08,2.27122E+08,2.28241E+08,2.29406E+08,2.30629E+08,2.31909E+08,2.33247E+08,2.34652E+08,2.36135E+08,2.37695E+08,2.39331E+08,2.4103E+08,2.42787E+08,2.44592E+08,2.46427E+08,2.48289E+08,2.50162E+08,2.52024E+08,2.53881E+08,2.55726E+08,2.57555E+08,2.59364E+08,2.61171E+08,2.62999E+08,2.64805E+08,2.66591E+08,2.6836E+08,2.70109E+08,2.71841E+08,2.73547E+08,2.75258E+08,2.76977E+08,2.78725E+08,2.80508E+08,2.82314E+08,2.84136E+08,2.85954E+08,2.87723E+08,2.89468E+08,2.91203E+08,2.92926E+08,2.94639E+08,2.96354E+08,2.98096E+08,2.99892E+08,3.01731E+08,3.03574E+08,3.05416E+08,3.07266E+08,3.09096E+08,3.10899E+08,3.12695E+08,3.14499E+08,3.16329E+08,3.18198E+08,3.20078E+08,3.21971E+08,3.23878E+08,3.25766E+08,3.2765E+08,3.29525E+08,3.31362E+08,3.33212E+08,3.35075E+08,3.36933E+08,3.38805E+08,3.40655E+08,3.42476E+08,3.44297E+08,3.46089E+08,3.47877E+08,3.49679E+08,3.51477E+08,3.53275E+08,3.55064E+08,3.56835E+08,3.58591E+08,3.60359E+08,3.62118E+08,3.63855E+08,3.65591E+08,3.67347E+08,3.69128E+08,3.70907E+08,3.72665E+08,3.74393E+08,3.7611E+08,3.77807E+08,3.79466E+08,3.81077E+08,3.8266E+08,3.84232E+08,3.85796E+08,3.87346E+08,3.88875E+08,3.90381E+08,3.91864E+08,3.9332E+08,3.94733E+08,3.96125E+08,3.97492E+08,3.98852E+08,4.00201E+08,4.01534E+08,4.02856E+08,4.04171E+08,4.05471E+08,4.06763E+08,4.08043E+08,4.09311E+08,4.10573E+08,4.11841E+08,4.13102E+08,4.14367E+08,4.15645E+08,4.16919E+08,4.18185E+08,4.19434E+08,4.20653E+08,4.21847E+08,4.23007E+08,4.2412E+08,4.25207E+08,4.26291E+08,4.27403E+08,4.28524E+08,4.29648E+08,4.30769E+08,4.31891E+08,4.33013E+08,4.34119E+08,4.35193E+08,4.3626E+08,4.37316E+08,4.38371E+08,4.39422E+08,4.40467E+08,4.41513E+08,4.42566E+08,4.43616E+08,4.44697E+08,4.45799E+08,4.46899E+08,4.48004E+08,4.4911E+08,4.50215E+08,4.51316E+08,4.52391E+08,4.53442E+08,4.54493E+08,4.5554E+08,4.5658E+08,4.57619E+08,4.58663E+08,4.59711E+08,4.60764E+08,4.61821E+08,4.62876E+08,4.63929E+08,4.64982E+08,4.6603E+08,4.67055E+08,4.68056E+08,4.69037E+08,4.70004E+08,4.70968E+08,4.71933E+08,4.72987E+08,4.74185E+08,4.75402E+08,4.76613E+08,4.77836E+08,4.79076E+08,4.80347E+08,4.8161E+08,4.8283E+08,4.84075E+08,4.85359E+08,4.86659E+08,4.87947E+08,4.89211E+08,4.90441E+08,4.91627E+08,4.92776E+08,4.9389E+08,4.94991E+08,4.96104E+08,4.97228E+08,4.98353E+08,4.99484E+08,5.00631E+08,5.01786E+08,5.02951E+08,5.04133E+08,5.05332E+08,5.06548E+08,5.07781E+08,5.09033E+08,5.10303E+08,5.11575E+08,5.12847E+08,5.14129E+08,5.15417E+08,5.16711E+08,5.18006E+08,5.19301E+08,5.20608E+08,5.21924E+08,5.23237E+08,5.24552E+08,5.25865E+08,5.27177E+08,5.28499E+08,5.29833E+08,5.3118E+08,5.32539E+08,5.33908E+08,5.35283E+08,5.36662E+08,5.3804E+08,5.39418E+08,5.40794E+08,5.42158E+08,5.43502E+08,5.44844E+08,5.46198E+08,5.47549E+08,5.48899E+08,5.50242E+08,5.51583E+08,5.52921E+08,5.54232E+08,5.55504E+08,5.56742E+08,5.57953E+08,5.59145E+08,5.60312E+08,5.61451E+08,5.62568E+08,5.63658E+08,5.64729E+08,5.65782E+08,5.66815E+08,5.67834E+08,5.68845E+08,5.69843E+08,5.70832E+08,5.71813E+08,5.72785E+08,5.73748E+08,5.74704E+08,5.75657E+08,5.76607E+08,5.7755E+08,5.78491E+08,5.79429E+08,5.80359E+08,5.81273E+08,5.82172E+08,5.83074E+08,5.83991E+08,5.84911E+08,5.85836E+08,5.86778E+08,5.87748E+08,5.88742E+08,5.89757E+08,5.90789E+08,5.91848E+08,5.92931E+08,5.94034E+08,5.95166E+08,5.9633E+08,5.97524E+08,5.98749E+08,6.00014E+08,6.01324E+08,6.02682E+08,6.0409E+08,6.05559E+08,6.07093E+08,6.08689E+08,6.1034E+08,6.12033E+08,6.13771E+08,6.15559E+08,6.17386E+08,6.19245E+08,6.21138E+08,6.23074E+08,6.25056E+08,6.27053E+08,6.29051E+08,6.3105E+08,6.33066E+08,6.35104E+08,6.37148E+08,6.39186E+08,6.41212E+08,6.43207E+08,6.45177E+08,6.47111E+08,6.49E+08,6.50854E+08,6.52667E+08,6.54449E+08,6.56207E+08,6.57938E+08,6.59639E+08,6.61309E+08,6.62953E+08,6.646E+08,6.66253E+08,6.6789E+08,6.695E+08,6.71094E+08,6.72672E+08,6.74222E+08,6.75721E+08,6.77166E+08,6.78571E+08,6.79947E+08,6.813E+08,6.82702E+08,6.84166E+08,6.85633E+08,6.87102E+08,6.88568E+08,6.90044E+08,6.91533E+08,6.92987E+08,6.94395E+08,6.95826E+08,6.97272E+08,6.98736E+08,7.00205E+08,7.01675E+08,7.03153E+08,7.0464E+08,7.06136E+08,7.07669E+08,7.09234E+08,7.10824E+08,7.12441E+08,7.14098E+08,7.15787E+08,7.17491E+08,7.19201E+08,7.20926E+08,7.22682E+08,7.24455E+08,7.26245E+08,7.28098E+08,7.2999E+08,7.31903E+08,7.33844E+08,7.35821E+08,7.37845E+08,7.399E+08,7.41946E+08,7.44018E+08,7.46115E+08,7.48241E+08,7.50384E+08,7.52551E+08,7.5473E+08,7.56902E+08,7.59068E+08,7.61231E+08,7.63394E+08,7.65552E+08,7.67702E+08,7.69848E+08,7.71987E+08,7.74113E+08,7.76234E+08,7.78348E+08,7.80456E+08,7.82555E+08,7.84642E+08,7.86718E+08,7.88783E+08,7.90842E+08,7.92894E+08,7.94939E+08,7.96972E+08,7.98976E+08,8.00951E+08,8.02904E+08,8.04848E+08,8.06788E+08,8.0872E+08,8.10643E+08,8.12577E+08,8.14524E+08,8.16474E+08,8.18423E+08,8.20366E+08,8.2231E+08,8.24264E+08,8.26191E+08,8.28067E+08,8.29923E+08,8.31789E+08,8.3367E+08,8.35566E+08,8.37472E+08,8.39416E+08,8.41425E+08,8.43469E+08,8.45517E+08,8.47564E+08,8.49607E+08,8.51643E+08,8.53665E+08,8.55677E+08,8.57673E+08,8.59655E+08,8.61624E+08,8.636E+08,8.65593E+08,8.67583E+08,8.6957E+08,8.71557E+08,8.73555E+08,8.75565E+08,8.7756E+08,8.79531E+08,8.81513E+08,8.83498E+08,8.85473E+08,8.87441E+08,8.89418E+08,8.91466E+08,8.93602E+08,8.95781E+08,8.98003E+08,9.00256E+08,9.02534E+08,9.04883E+08,9.07328E+08,9.09583E+08,9.11898E+08,9.14234E+08,9.16608E+08,9.19041E+08,9.21583E+08,9.24245E+08,9.26709E+08,9.29217E+08,9.31747E+08,9.34292E+08,9.36843E+08,9.39391E+08,9.42088E+08,9.44916E+08,9.47413E+08,9.49971E+08,9.52563E+08,9.55164E+08,9.57824E+08,9.60586E+08,9.63205E+08,9.65825E+08,9.68427E+08,9.70997E+08,9.73544E+08,9.76089E+08,9.78675E+08,9.81164E+08,9.83622E+08,9.86046E+08,9.88454E+08,9.90871E+08,9.93297E+08,9.95698E+08,9.98082E+08,1.00046E+09,1.00283E+09,1.00519E+09,1.00752E+09,1.00981E+09,1.01208E+09,1.01431E+09,1.01652E+09,1.01872E+09,1.02091E+09,1.02307E+09,1.0252E+09,1.02731E+09,1.02939E+09,1.03146E+09,1.0335E+09,1.03552E+09,1.03752E+09,1.03952E+09,1.04153E+09,1.04354E+09,1.0455E+09,1.04743E+09,1.04935E+09,1.05123E+09,1.05309E+09,1.05489E+09,1.05667E+09,1.05842E+09,1.06015E+09,1.06185E+09,1.06354E+09,1.06522E+09,1.06687E+09,1.06849E+09,1.07009E+09,1.07168E+09,1.07326E+09,1.07483E+09,1.07638E+09,1.07792E+09,1.07945E+09,1.08095E+09,1.08243E+09,1.08389E+09,1.08533E+09,1.08675E+09,1.08815E+09,1.08952E+09,1.09089E+09,1.09224E+09,1.09357E+09,1.09489E+09,1.09618E+09,1.09746E+09,1.09872E+09,1.09996E+09,1.1012E+09,1.10242E+09,1.10364E+09,1.10485E+09,1.10605E+09,1.10724E+09,1.10841E+09,1.10955E+09,1.11069E+09,1.11183E+09,1.11298E+09,1.11414E+09,1.1153E+09,1.11647E+09,1.11766E+09,1.11886E+09,1.12004E+09,1.12123E+09,1.12242E+09,1.12362E+09,1.12483E+09,1.12604E+09,1.12726E+09,1.12849E+09,1.12974E+09,1.13099E+09,1.13224E+09,1.13351E+09,1.13478E+09,1.13608E+09,1.13738E+09,1.1387E+09,1.14003E+09,1.14138E+09,1.14274E+09,1.14413E+09,1.14554E+09,1.14696E+09,1.14841E+09,1.14989E+09,1.1514E+09,1.15294E+09,1.1545E+09,1.15609E+09,1.15771E+09,1.15936E+09,1.16105E+09,1.16278E+09,1.16452E+09,1.16629E+09,1.1681E+09,1.16993E+09,1.17177E+09,1.17363E+09,1.17557E+09,1.17759E+09,1.17957E+09,1.18157E+09,1.18361E+09,1.18569E+09,1.18783E+09,1.18999E+09,1.1921E+09,1.19426E+09,1.19644E+09,1.19865E+09,1.20087E+09,1.20313E+09,1.20542E+09,1.20767E+09,1.20996E+09,1.21227E+09,1.21459E+09,1.21694E+09,1.21933E+09,1.22173E+09,1.22411E+09,1.22652E+09,1.22893E+09,1.23136E+09,1.23379E+09,1.23626E+09,1.23875E+09,1.24119E+09,1.24365E+09,1.24611E+09,1.24856E+09,1.251E+09,1.25343E+09,1.25594E+09,1.25844E+09,1.26083E+09,1.26323E+09,1.26563E+09,1.26802E+09,1.27046E+09,1.27286E+09,1.27519E+09,1.2775E+09,1.27979E+09,1.28205E+09,1.28429E+09,1.28652E+09,1.28873E+09,1.29088E+09,1.29301E+09,1.29512E+09,1.29719E+09,1.29924E+09,1.30127E+09,1.30328E+09,1.30523E+09,1.30716E+09,1.30906E+09,1.31094E+09,1.3128E+09,1.31471E+09,1.31649E+09,1.31825E+09,1.31999E+09,1.32171E+09,1.32342E+09,1.3251E+09,1.32678E+09,1.32847E+09,1.3301E+09,1.33172E+09,1.33333E+09,1.33493E+09,1.33652E+09,1.3381E+09,1.33968E+09,1.34125E+09,1.34282E+09,1.34439E+09,1.34596E+09,1.34754E+09,1.34911E+09,1.35069E+09,1.35227E+09,1.35385E+09,1.35544E+09,1.35703E+09,1.35863E+09,1.36023E+09,1.36184E+09,1.36344E+09,1.36506E+09,1.36669E+09,1.36831E+09,1.36995E+09,1.37158E+09,1.37323E+09,1.37488E+09,1.37654E+09,1.37821E+09,1.3799E+09,1.38162E+09,1.38335E+09,1.38509E+09,1.38683E+09,1.38859E+09,1.39035E+09,1.3921E+09,1.39385E+09,1.3956E+09,1.39735E+09,1.39907E+09,1.40079E+09,1.40261E+09,1.4044E+09,1.40619E+09,1.40798E+09,1.40977E+09,1.41156E+09,1.41335E+09,1.41513E+09,1.41691E+09,1.41869E+09,1.42047E+09,1.42225E+09,1.42402E+09,1.4258E+09,1.42757E+09,1.42933E+09,1.4311E+09,1.43286E+09,1.43463E+09,1.43639E+09,1.43814E+09,1.4399E+09,1.44165E+09,1.44341E+09,1.44516E+09
"Cost of Hospitalizations Cumulative[New Hampshire]",0,0,0,0,0,0,0,0,0,0,0,0,0,0,0,0,0,0,0,0,0,0,0,0,0,0,0,0,0,0,0,0,0,0.246801,3.38445,13.1067,33.1118,67.4356,120.777,198.737,308.108,456.928,654.648,913.919,1250.89,1685.46,2241.79,2948.28,3838.52,4953.53,6344.22,8074.13,10223.7,12896.4,16222,20361.3,25517.5,31933.5,39883,49692.8,61792.4,76752,95318.8,118443,147309,183386,228467,284670,354484,440903,547391,677683,835178,1.0211E+06,1.23461E+06,1.47322E+06,1.73322E+06,2.01039E+06,2.30048E+06,2.59963E+06,2.90456E+06,3.2126E+06,3.52171E+06,3.83033E+06,4.13734E+06,4.44193E+06,4.74362E+06,5.04214E+06,5.33741E+06,5.62952E+06,5.91866E+06,6.20512E+06,6.48927E+06,6.77155E+06,7.05242E+06,7.33225E+06,7.6114E+06,7.89005E+06,8.16825E+06,8.44595E+06,8.72302E+06,8.99948E+06,9.27553E+06,9.55131E+06,9.82686E+06,1.01021E+07,1.0377E+07,1.06515E+07,1.09252E+07,1.11982E+07,1.14293E+07,1.16E+07,1.17681E+07,1.19392E+07,1.21049E+07,1.22696E+07,1.24316E+07,1.25938E+07,1.27577E+07,1.29213E+07,1.30848E+07,1.325E+07,1.34174E+07,1.35887E+07,1.37623E+07,1.39377E+07,1.41167E+07,1.42998E+07,1.44869E+07,1.46782E+07,1.48698E+07,1.50594E+07,1.52494E+07,1.54401E+07,1.56331E+07,1.58239E+07,1.60104E+07,1.61926E+07,1.63707E+07,1.65459E+07,1.67176E+07,1.68835E+07,1.70455E+07,1.72034E+07,1.73575E+07,1.75091E+07,1.76571E+07,1.78012E+07,1.79421E+07,1.80798E+07,1.82144E+07,1.8346E+07,1.84736E+07,1.85982E+07,1.872E+07,1.88391E+07,1.89563E+07,1.90724E+07,1.91875E+07,1.93027E+07,1.94177E+07,1.95307E+07,1.96423E+07,1.9753E+07,1.98606E+07,1.99648E+07,2.00652E+07,2.01631E+07,2.0261E+07,2.03571E+07,2.04501E+07,2.05406E+07,2.06282E+07,2.07145E+07,2.07994E+07,2.08812E+07,2.09608E+07,2.10396E+07,2.11179E+07,2.11955E+07,2.12712E+07,2.13462E+07,2.14215E+07,2.14963E+07,2.15701E+07,2.16429E+07,2.17153E+07,2.17871E+07,2.18586E+07,2.19281E+07,2.19958E+07,2.20614E+07,2.21248E+07,2.2186E+07,2.22459E+07,2.23031E+07,2.23586E+07,2.2413E+07,2.24665E+07,2.25193E+07,2.25705E+07,2.26203E+07,2.26699E+07,2.27196E+07,2.27685E+07,2.28164E+07,2.28632E+07,2.29096E+07,2.29549E+07,2.29988E+07,2.30416E+07,2.30838E+07,2.31255E+07,2.31669E+07,2.32076E+07,2.32476E+07,2.32872E+07,2.33258E+07,2.33639E+07,2.34016E+07,2.34383E+07,2.34743E+07,2.35101E+07,2.35461E+07,2.3582E+07,2.36175E+07,2.36529E+07,2.36884E+07,2.37242E+07,2.37598E+07,2.37951E+07,2.38306E+07,2.38661E+07,2.39018E+07,2.39381E+07,2.39747E+07,2.40116E+07,2.40486E+07,2.40856E+07,2.41234E+07,2.4162E+07,2.42014E+07,2.42415E+07,2.42828E+07,2.43258E+07,2.43704E+07,2.44164E+07,2.44631E+07,2.45112E+07,2.45608E+07,2.46117E+07,2.46637E+07,2.47176E+07,2.47734E+07,2.48309E+07,2.48894E+07,2.49496E+07,2.50123E+07,2.5077E+07,2.51428E+07,2.52094E+07,2.52788E+07,2.53515E+07,2.54267E+07,2.55039E+07,2.55828E+07,2.56638E+07,2.57474E+07,2.58327E+07,2.59192E+07,2.60074E+07,2.60972E+07,2.61907E+07,2.62885E+07,2.63893E+07,2.64926E+07,2.65975E+07,2.67039E+07,2.68123E+07,2.69229E+07,2.70356E+07,2.71519E+07,2.72713E+07,2.73941E+07,2.75207E+07,2.76507E+07,2.77842E+07,2.79203E+07,2.80569E+07,2.81942E+07,2.83325E+07,2.84706E+07,2.86088E+07,2.87456E+07,2.88812E+07,2.90184E+07,2.91565E+07,2.9295E+07,2.94324E+07,2.95672E+07,2.96995E+07,2.9829E+07,2.99549E+07,3.00778E+07,3.01979E+07,3.03173E+07,3.04359E+07,3.05532E+07,3.06697E+07,3.07858E+07,3.09006E+07,3.10146E+07,3.11269E+07,3.12367E+07,3.1345E+07,3.14516E+07,3.15562E+07,3.16594E+07,3.17613E+07,3.18621E+07,3.19619E+07,3.20609E+07,3.21592E+07,3.22565E+07,3.2353E+07,3.24485E+07,3.25433E+07,3.26383E+07,3.27336E+07,3.28292E+07,3.29252E+07,3.30217E+07,3.31192E+07,3.32181E+07,3.33186E+07,3.34208E+07,3.35249E+07,3.36311E+07,3.37396E+07,3.38503E+07,3.39631E+07,3.40783E+07,3.41959E+07,3.43162E+07,3.44394E+07,3.45656E+07,3.46949E+07,3.48279E+07,3.49647E+07,3.51056E+07,3.52506E+07,3.53999E+07,3.55538E+07,3.57125E+07,3.58759E+07,3.60447E+07,3.62198E+07,3.64011E+07,3.65894E+07,3.67855E+07,3.69911E+07,3.72063E+07,3.74315E+07,3.76684E+07,3.79192E+07,3.81833E+07,3.84599E+07,3.87495E+07,3.90535E+07,3.93712E+07,3.9701E+07,4.00422E+07,4.03934E+07,4.07565E+07,4.11278E+07,4.15028E+07,4.18823E+07,4.22658E+07,4.26455E+07,4.30184E+07,4.33838E+07,4.3749E+07,4.4117E+07,4.44822E+07,4.48419E+07,4.52002E+07,4.55627E+07,4.59299E+07,4.62933E+07,4.66521E+07,4.70116E+07,4.7373E+07,4.77385E+07,4.81063E+07,4.84719E+07,4.88395E+07,4.921E+07,4.95799E+07,4.99484E+07,5.03175E+07,5.06879E+07,5.10594E+07,5.14296E+07,5.17991E+07,5.21693E+07,5.25429E+07,5.29194E+07,5.32924E+07,5.36582E+07,5.40214E+07,5.43847E+07,5.47469E+07,5.51077E+07,5.54652E+07,5.58236E+07,5.61844E+07,5.65436E+07,5.69004E+07,5.72582E+07,5.76171E+07,5.79786E+07,5.83437E+07,5.87134E+07,5.90838E+07,5.94532E+07,5.9821E+07,6.0188E+07,6.05541E+07,6.09182E+07,6.12808E+07,6.16433E+07,6.20047E+07,6.23661E+07,6.27283E+07,6.30905E+07,6.34523E+07,6.38145E+07,6.41767E+07,6.45381E+07,6.48982E+07,6.52581E+07,6.56162E+07,6.59741E+07,6.63329E+07,6.66897E+07,6.70419E+07,6.73912E+07,6.77361E+07,6.80754E+07,6.8412E+07,6.87432E+07,6.90684E+07,6.93909E+07,6.97102E+07,7.00289E+07,7.03495E+07,7.06632E+07,7.09727E+07,7.1282E+07,7.159E+07,7.18978E+07,7.22018E+07,7.25E+07,7.28008E+07,7.3102E+07,7.34016E+07,7.36991E+07,7.39939E+07,7.42887E+07,7.45838E+07,7.48768E+07,7.5169E+07,7.54596E+07,7.57501E+07,7.60365E+07,7.63135E+07,7.65864E+07,7.68595E+07,7.71324E+07,7.74034E+07,7.76711E+07,7.79404E+07,7.82152E+07,7.84901E+07,7.87625E+07,7.90331E+07,7.9301E+07,7.95668E+07,7.98305E+07,8.00927E+07,8.03538E+07,8.06135E+07,8.08706E+07,8.11263E+07,8.13819E+07,8.16379E+07,8.18943E+07,8.21502E+07,8.2406E+07,8.26627E+07,8.29198E+07,8.31777E+07,8.3437E+07,8.36971E+07,8.39579E+07,8.42187E+07,8.44797E+07,8.47408E+07,8.50016E+07,8.52615E+07,8.55216E+07,8.57816E+07,8.60426E+07,8.63042E+07,8.65661E+07,8.68279E+07,8.70892E+07,8.73495E+07,8.76093E+07,8.7869E+07,8.81287E+07,8.83878E+07,8.86461E+07,8.89036E+07,8.91598E+07,8.94161E+07,8.96724E+07,8.99278E+07,9.01815E+07,9.0434E+07,9.06851E+07,9.09361E+07,9.11861E+07,9.14343E+07,9.16808E+07,9.19273E+07,9.21731E+07,9.24181E+07,9.26621E+07,9.29061E+07,9.31494E+07,9.33919E+07,9.36343E+07,9.38771E+07,9.41199E+07,9.43606E+07,9.45973E+07,9.48315E+07,9.5064E+07,9.52972E+07,9.55307E+07,9.57637E+07,9.59954E+07,9.62246E+07,9.64521E+07,9.66797E+07,9.69066E+07,9.71342E+07,9.73617E+07,9.75868E+07,9.78101E+07,9.80319E+07,9.82498E+07,9.84662E+07,9.86817E+07,9.88912E+07,9.90949E+07,9.93003E+07,9.9504E+07,9.97042E+07,9.99064E+07,1.0011E+08,1.00319E+08,1.00529E+08,1.00734E+08,1.00937E+08,1.01137E+08,1.01333E+08,1.01529E+08,1.01724E+08,1.01915E+08,1.02105E+08,1.02291E+08,1.02476E+08,1.02659E+08,1.02842E+08,1.03024E+08,1.03205E+08,1.03386E+08,1.03567E+08,1.03745E+08,1.03925E+08,1.04105E+08,1.04281E+08,1.04455E+08,1.04625E+08,1.04791E+08,1.04956E+08,1.05115E+08,1.0527E+08,1.05422E+08,1.05572E+08,1.05719E+08,1.05868E+08,1.06017E+08,1.06167E+08,1.06322E+08,1.06479E+08,1.06641E+08,1.06806E+08,1.06975E+08,1.07148E+08,1.07326E+08,1.0751E+08,1.07701E+08,1.07901E+08,1.08113E+08,1.08336E+08,1.08569E+08,1.08818E+08,1.09083E+08,1.09363E+08,1.0966E+08,1.09973E+08,1.1031E+08,1.10673E+08,1.11057E+08,1.11462E+08,1.1189E+08,1.1234E+08,1.12812E+08,1.13301E+08,1.13807E+08,1.14329E+08,1.14865E+08,1.15412E+08,1.15973E+08,1.1654E+08,1.17114E+08,1.17698E+08,1.18281E+08,1.18865E+08,1.19457E+08,1.20054E+08,1.20658E+08,1.21272E+08,1.21892E+08,1.22518E+08,1.23148E+08,1.23785E+08,1.24432E+08,1.25092E+08,1.25758E+08,1.26429E+08,1.27113E+08,1.27806E+08,1.28505E+08,1.29212E+08,1.29927E+08,1.30654E+08,1.3139E+08,1.3213E+08,1.32864E+08,1.33597E+08,1.34332E+08,1.35073E+08,1.3583E+08,1.36598E+08,1.37372E+08,1.38158E+08,1.38958E+08,1.39769E+08,1.40585E+08,1.414E+08,1.42207E+08,1.43004E+08,1.43799E+08,1.44596E+08,1.45398E+08,1.46202E+08,1.4701E+08,1.47826E+08,1.48655E+08,1.49491E+08,1.50328E+08,1.51167E+08,1.52014E+08,1.52862E+08,1.53707E+08,1.54551E+08,1.55396E+08,1.5624E+08,1.57086E+08,1.57936E+08,1.58792E+08,1.59659E+08,1.60529E+08,1.614E+08,1.62273E+08,1.63146E+08,1.64016E+08,1.6489E+08,1.65765E+08,1.66649E+08,1.6754E+08,1.68435E+08,1.69338E+08,1.70252E+08,1.71166E+08,1.72076E+08,1.72981E+08,1.73884E+08,1.74792E+08,1.757E+08,1.76601E+08,1.77497E+08,1.78397E+08,1.793E+08,1.802E+08,1.81102E+08,1.82013E+08,1.82931E+08,1.83856E+08,1.84782E+08,1.85713E+08,1.86647E+08,1.87586E+08,1.88524E+08,1.89458E+08,1.90394E+08,1.91338E+08,1.92282E+08,1.9323E+08,1.94183E+08,1.95142E+08,1.96108E+08,1.97078E+08,1.98047E+08,1.99016E+08,1.99991E+08,2.0097E+08,2.01948E+08,2.02912E+08,2.03845E+08,2.04764E+08,2.0568E+08,2.0659E+08,2.07493E+08,2.08394E+08,2.09311E+08,2.10257E+08,2.11216E+08,2.12172E+08,2.13122E+08,2.14068E+08,2.15014E+08,2.15957E+08,2.16892E+08,2.17821E+08,2.1875E+08,2.1968E+08,2.20605E+08,2.21523E+08,2.22439E+08,2.23354E+08,2.24266E+08,2.25178E+08,2.26087E+08,2.26994E+08,2.27899E+08,2.288E+08,2.29693E+08,2.30573E+08,2.31442E+08,2.32302E+08,2.33159E+08,2.34027E+08,2.34861E+08,2.35695E+08,2.36524E+08,2.37355E+08,2.38196E+08,2.39054E+08,2.3994E+08,2.40813E+08,2.41695E+08,2.42588E+08,2.43482E+08,2.44369E+08,2.45265E+08,2.46184E+08,2.47039E+08,2.47896E+08,2.48748E+08,2.49595E+08,2.50435E+08,2.51258E+08,2.52134E+08,2.53035E+08,2.53812E+08,2.54587E+08,2.5536E+08,2.56132E+08,2.56918E+08,2.5772E+08,2.58467E+08,2.59199E+08,2.59919E+08,2.60622E+08,2.61309E+08,2.6198E+08,2.62657E+08,2.63309E+08,2.63955E+08,2.64592E+08,2.65219E+08,2.65837E+08,2.66445E+08,2.67042E+08,2.67622E+08,2.68186E+08,2.68743E+08,2.69294E+08,2.69836E+08,2.7037E+08,2.70896E+08,2.71433E+08,2.71964E+08,2.72494E+08,2.73021E+08,2.73547E+08,2.74066E+08,2.74573E+08,2.75067E+08,2.7555E+08,2.76025E+08,2.76497E+08,2.76964E+08,2.77426E+08,2.77889E+08,2.7835E+08,2.78806E+08,2.79263E+08,2.79718E+08,2.8017E+08,2.80621E+08,2.81064E+08,2.81498E+08,2.81924E+08,2.82344E+08,2.8276E+08,2.83176E+08,2.83589E+08,2.84006E+08,2.84431E+08,2.84857E+08,2.85283E+08,2.8571E+08,2.8614E+08,2.86571E+08,2.87002E+08,2.87435E+08,2.87874E+08,2.88319E+08,2.8877E+08,2.89225E+08,2.89687E+08,2.90157E+08,2.90635E+08,2.91117E+08,2.91605E+08,2.92098E+08,2.92592E+08,2.93088E+08,2.93589E+08,2.94096E+08,2.94611E+08,2.95133E+08,2.95659E+08,2.96191E+08,2.96729E+08,2.97271E+08,2.97814E+08,2.98361E+08,2.98912E+08,2.99469E+08,3.0003E+08,3.0059E+08,3.01144E+08,3.01692E+08,3.02243E+08,3.02792E+08,3.0334E+08,3.03892E+08,3.04451E+08,3.0502E+08,3.05595E+08,3.06172E+08,3.06752E+08,3.07332E+08,3.07914E+08,3.08494E+08,3.09069E+08,3.09642E+08,3.10211E+08,3.10774E+08,3.11337E+08,3.11895E+08,3.12451E+08,3.13007E+08,3.13561E+08,3.14109E+08,3.14657E+08,3.15204E+08,3.15753E+08,3.16303E+08,3.16862E+08,3.17444E+08,3.18004E+08,3.1857E+08,3.19135E+08,3.19698E+08,3.2026E+08,3.20825E+08,3.2139E+08,3.21951E+08,3.22506E+08,3.23059E+08,3.23609E+08,3.2415E+08,3.24685E+08,3.25215E+08,3.25744E+08,3.26277E+08,3.2681E+08,3.27349E+08,3.27899E+08,3.28451E+08,3.29002E+08,3.29553E+08,3.30106E+08,3.30662E+08,3.3122E+08,3.31777E+08,3.32334E+08,3.3289E+08,3.33448E+08,3.34009E+08,3.34573E+08,3.3514E+08,3.35704E+08,3.36267E+08,3.36833E+08,3.37408E+08,3.37994E+08,3.38589E+08,3.39196E+08,3.39816E+08,3.40441E+08,3.41073E+08,3.41713E+08,3.42361E+08,3.43019E+08,3.43685E+08,3.44362E+08,3.4506E+08,3.45775E+08,3.46498E+08,3.47228E+08,3.47969E+08,3.48721E+08,3.49485E+08,3.50255E+08,3.51032E+08,3.51819E+08,3.52614E+08,3.53416E+08,3.54221E+08,3.55027E+08,3.55837E+08,3.56653E+08,3.57473E+08,3.58299E+08,3.59129E+08,3.59965E+08,3.6081E+08,3.61656E+08,3.62503E+08,3.6334E+08,3.64176E+08,3.6501E+08,3.65841E+08,3.66669E+08,3.67496E+08,3.68323E+08,3.69144E+08,3.69959E+08,3.70767E+08,3.71567E+08,3.72357E+08,3.7314E+08,3.73916E+08,3.74682E+08,3.75438E+08,3.76186E+08,3.76923E+08,3.77651E+08,3.78368E+08,3.79074E+08,3.7977E+08,3.80455E+08,3.81129E+08,3.81793E+08,3.82447E+08,3.8309E+08,3.83722E+08,3.84345E+08,3.84957E+08,3.85558E+08,3.86153E+08,3.86741E+08,3.87321E+08,3.87892E+08,3.8845E+08,3.89E+08,3.89541E+08,3.9007E+08,3.90586E+08,3.91092E+08,3.91591E+08,3.92089E+08,3.92582E+08,3.93069E+08,3.93552E+08,3.94035E+08,3.94516E+08,3.94994E+08,3.9547E+08,3.95942E+08,3.9641E+08,3.96876E+08,3.97337E+08,3.97793E+08,3.98244E+08,3.98686E+08,3.9912E+08,3.99574E+08,4.00025E+08,4.00476E+08,4.00927E+08,4.01379E+08,4.01832E+08,4.02287E+08,4.02743E+08,4.03201E+08,4.03662E+08,4.04126E+08,4.04592E+08,4.05062E+08,4.05536E+08,4.06013E+08,4.06494E+08,4.0698E+08,4.0747E+08,4.07965E+08,4.08466E+08,4.08971E+08,4.09482E+08,4.09998E+08,4.1052E+08,4.11049E+08
"Cost of Hospitalizations Cumulative[New Jersey]",0,0,0,0,0,0,0,0,0,0,0,0,0,0,0,0,0,0,0,0,0,0,0,0,0,0,0,0,0,0,0.0185276,0.625825,2.86203,7.69137,16.0354,28.8199,46.9989,71.5957,103.763,144.807,196.173,259.501,336.761,430.362,543.054,677.888,838.218,1027.57,1249.87,1509.83,1813.09,2166.71,2579.61,3062.64,3628.37,4291.68,5069.92,5981.97,7048.52,8294.1,9748.77,11450.9,13448.4,15798.2,18568.1,21838.1,25700,30256.7,35632.3,41987.6,49509.2,58409.8,68939.1,81395.6,96134.3,113557,134090,158150,186171,218608,255967,298845,347940,404020,467909,540609,623297,717304,824150,945631,1.0839E+06,1.24151E+06,1.42136E+06,1.62686E+06,1.8621E+06,2.13172E+06,2.441E+06,2.79578E+06,3.20236E+06,3.66739E+06,4.1976E+06,4.80025E+06,5.48396E+06,6.2583E+06,7.13355E+06,8.12069E+06,9.23159E+06,1.04791E+07,1.18767E+07,1.34388E+07,1.51807E+07,1.71154E+07,1.92565E+07,2.16223E+07,2.42397E+07,2.71007E+07,3.02124E+07,3.36222E+07,3.72957E+07,4.1275E+07,4.54999E+07,4.99482E+07,5.47223E+07,5.98935E+07,6.54239E+07,7.11466E+07,7.71228E+07,8.34828E+07,8.99469E+07,9.65335E+07,1.03507E+08,1.10683E+08,1.17922E+08,1.25023E+08,1.32526E+08,1.40284E+08,1.47696E+08,1.55065E+08,1.62437E+08,1.69693E+08,1.76786E+08,1.83983E+08,1.91065E+08,1.98104E+08,2.04873E+08,2.11413E+08,2.17833E+08,2.24065E+08,2.30183E+08,2.36231E+08,2.42136E+08,2.47915E+08,2.53508E+08,2.58981E+08,2.64343E+08,2.69507E+08,2.74687E+08,2.79606E+08,2.8445E+08,2.89233E+08,2.93857E+08,2.98361E+08,3.02774E+08,3.07012E+08,3.11032E+08,3.15063E+08,3.18918E+08,3.2258E+08,3.26179E+08,3.29659E+08,3.33114E+08,3.36536E+08,3.39893E+08,3.43191E+08,3.4644E+08,3.49629E+08,3.5274E+08,3.55764E+08,3.58697E+08,3.61542E+08,3.64315E+08,3.67021E+08,3.69665E+08,3.72254E+08,3.74789E+08,3.77263E+08,3.7969E+08,3.82065E+08,3.84389E+08,3.86684E+08,3.88945E+08,3.91154E+08,3.93292E+08,3.95334E+08,3.97281E+08,3.99145E+08,4.00937E+08,4.02682E+08,4.04385E+08,4.06043E+08,4.07694E+08,4.09355E+08,4.11E+08,4.12608E+08,4.14163E+08,4.15663E+08,4.1712E+08,4.18532E+08,4.19902E+08,4.21238E+08,4.22538E+08,4.238E+08,4.25034E+08,4.2624E+08,4.27408E+08,4.28536E+08,4.29621E+08,4.30659E+08,4.3167E+08,4.32654E+08,4.33611E+08,4.34547E+08,4.35467E+08,4.36379E+08,4.37284E+08,4.38168E+08,4.39029E+08,4.39868E+08,4.40691E+08,4.41493E+08,4.42269E+08,4.43015E+08,4.43732E+08,4.44427E+08,4.45104E+08,4.45762E+08,4.4641E+08,4.47054E+08,4.47696E+08,4.48337E+08,4.48973E+08,4.49606E+08,4.50233E+08,4.50851E+08,4.51458E+08,4.52057E+08,4.52646E+08,4.53226E+08,4.53798E+08,4.54364E+08,4.54928E+08,4.55493E+08,4.5606E+08,4.56629E+08,4.57198E+08,4.57766E+08,4.58334E+08,4.58901E+08,4.59468E+08,4.60034E+08,4.60601E+08,4.61171E+08,4.61743E+08,4.62316E+08,4.62889E+08,4.63461E+08,4.64034E+08,4.64608E+08,4.65183E+08,4.6576E+08,4.6634E+08,4.66925E+08,4.67516E+08,4.68112E+08,4.68714E+08,4.6932E+08,4.6993E+08,4.70541E+08,4.71156E+08,4.71776E+08,4.72402E+08,4.73032E+08,4.73668E+08,4.74309E+08,4.74958E+08,4.75614E+08,4.76275E+08,4.76942E+08,4.77615E+08,4.78299E+08,4.78995E+08,4.79702E+08,4.8042E+08,4.81149E+08,4.81888E+08,4.82639E+08,4.83399E+08,4.84167E+08,4.8494E+08,4.85718E+08,4.86514E+08,4.87325E+08,4.88148E+08,4.88988E+08,4.89846E+08,4.90723E+08,4.91618E+08,4.92523E+08,4.93439E+08,4.9437E+08,4.95316E+08,4.9627E+08,4.97236E+08,4.98215E+08,4.99204E+08,5.00205E+08,5.01214E+08,5.0223E+08,5.03255E+08,5.04291E+08,5.05336E+08,5.06391E+08,5.07454E+08,5.08531E+08,5.09627E+08,5.10746E+08,5.11899E+08,5.13089E+08,5.14309E+08,5.15556E+08,5.16828E+08,5.18127E+08,5.19447E+08,5.20786E+08,5.22149E+08,5.2354E+08,5.24967E+08,5.26436E+08,5.27935E+08,5.29471E+08,5.31041E+08,5.32652E+08,5.34308E+08,5.36E+08,5.3773E+08,5.39502E+08,5.41313E+08,5.43164E+08,5.45048E+08,5.46968E+08,5.48926E+08,5.50915E+08,5.52939E+08,5.54997E+08,5.57098E+08,5.59236E+08,5.61409E+08,5.63626E+08,5.65891E+08,5.68203E+08,5.70567E+08,5.72981E+08,5.75455E+08,5.78006E+08,5.80634E+08,5.83341E+08,5.86127E+08,5.88981E+08,5.91931E+08,5.94996E+08,5.98145E+08,6.01368E+08,6.0467E+08,6.08058E+08,6.11527E+08,6.15053E+08,6.18623E+08,6.22256E+08,6.25902E+08,6.29525E+08,6.33153E+08,6.36808E+08,6.40505E+08,6.44239E+08,6.47977E+08,6.51795E+08,6.55712E+08,6.59675E+08,6.63669E+08,6.6769E+08,6.71732E+08,6.75769E+08,6.79797E+08,6.83861E+08,6.87958E+08,6.92085E+08,6.96227E+08,7.00388E+08,7.04641E+08,7.08925E+08,7.13198E+08,7.17529E+08,7.21886E+08,7.26292E+08,7.30763E+08,7.35241E+08,7.39737E+08,7.44168E+08,7.48444E+08,7.52658E+08,7.56826E+08,7.60939E+08,7.65046E+08,7.69161E+08,7.73298E+08,7.77457E+08,7.81627E+08,7.85769E+08,7.89869E+08,7.9394E+08,7.97994E+08,8.02109E+08,8.06316E+08,8.10526E+08,8.14758E+08,8.19041E+08,8.23339E+08,8.27654E+08,8.31975E+08,8.36283E+08,8.40581E+08,8.44849E+08,8.49074E+08,8.53319E+08,8.57592E+08,8.61908E+08,8.66258E+08,8.70645E+08,8.75092E+08,8.79605E+08,8.84131E+08,8.88676E+08,8.93234E+08,8.97797E+08,9.02369E+08,9.0687E+08,9.11183E+08,9.15401E+08,9.19634E+08,9.23893E+08,9.28165E+08,9.32421E+08,9.36718E+08,9.4116E+08,9.45669E+08,9.50141E+08,9.54551E+08,9.58912E+08,9.63248E+08,9.67568E+08,9.71856E+08,9.76123E+08,9.80351E+08,9.84519E+08,9.88686E+08,9.92873E+08,9.97092E+08,1.00135E+09,1.00563E+09,1.00994E+09,1.0143E+09,1.01866E+09,1.023E+09,1.02731E+09,1.0316E+09,1.03584E+09,1.04005E+09,1.04424E+09,1.0484E+09,1.05256E+09,1.0567E+09,1.06084E+09,1.06498E+09,1.0691E+09,1.0732E+09,1.07728E+09,1.08135E+09,1.08539E+09,1.0894E+09,1.09338E+09,1.09734E+09,1.1013E+09,1.10524E+09,1.10916E+09,1.11307E+09,1.11699E+09,1.12091E+09,1.12484E+09,1.12878E+09,1.1327E+09,1.13663E+09,1.14054E+09,1.14444E+09,1.14831E+09,1.15216E+09,1.15598E+09,1.15978E+09,1.16355E+09,1.1673E+09,1.17104E+09,1.17476E+09,1.17847E+09,1.18216E+09,1.18585E+09,1.18951E+09,1.19317E+09,1.1968E+09,1.2004E+09,1.20397E+09,1.20751E+09,1.21102E+09,1.21451E+09,1.21797E+09,1.22142E+09,1.22485E+09,1.22824E+09,1.2316E+09,1.23495E+09,1.23826E+09,1.24155E+09,1.24479E+09,1.248E+09,1.25118E+09,1.25433E+09,1.25746E+09,1.26057E+09,1.26366E+09,1.26674E+09,1.26981E+09,1.27288E+09,1.27593E+09,1.27897E+09,1.282E+09,1.28503E+09,1.28804E+09,1.29103E+09,1.29401E+09,1.29699E+09,1.29995E+09,1.3029E+09,1.30586E+09,1.3088E+09,1.31174E+09,1.31466E+09,1.31756E+09,1.32046E+09,1.32335E+09,1.32621E+09,1.32904E+09,1.33182E+09,1.33457E+09,1.33729E+09,1.33997E+09,1.34265E+09,1.34527E+09,1.3478E+09,1.35036E+09,1.35292E+09,1.35549E+09,1.35806E+09,1.36061E+09,1.36319E+09,1.36581E+09,1.36838E+09,1.37089E+09,1.37338E+09,1.37584E+09,1.37828E+09,1.38072E+09,1.38315E+09,1.38557E+09,1.38799E+09,1.39041E+09,1.39282E+09,1.39524E+09,1.39765E+09,1.40004E+09,1.40243E+09,1.4048E+09,1.40715E+09,1.40949E+09,1.41181E+09,1.4141E+09,1.41635E+09,1.41858E+09,1.4208E+09,1.42301E+09,1.42521E+09,1.42742E+09,1.42961E+09,1.43179E+09,1.43401E+09,1.43627E+09,1.43859E+09,1.44097E+09,1.44341E+09,1.44597E+09,1.44864E+09,1.4514E+09,1.45425E+09,1.45721E+09,1.46027E+09,1.46344E+09,1.46674E+09,1.47017E+09,1.47375E+09,1.4775E+09,1.48141E+09,1.48551E+09,1.4898E+09,1.49428E+09,1.49898E+09,1.5039E+09,1.50904E+09,1.51442E+09,1.52002E+09,1.52584E+09,1.53186E+09,1.53809E+09,1.54451E+09,1.55108E+09,1.55779E+09,1.56462E+09,1.57156E+09,1.5786E+09,1.58571E+09,1.59282E+09,1.59993E+09,1.6071E+09,1.61436E+09,1.62167E+09,1.62899E+09,1.6363E+09,1.64359E+09,1.65094E+09,1.65831E+09,1.66574E+09,1.67322E+09,1.68076E+09,1.68847E+09,1.69635E+09,1.70436E+09,1.71238E+09,1.72034E+09,1.72828E+09,1.73623E+09,1.74418E+09,1.75214E+09,1.76005E+09,1.76791E+09,1.7758E+09,1.7837E+09,1.79149E+09,1.79913E+09,1.80682E+09,1.81457E+09,1.82238E+09,1.8302E+09,1.83797E+09,1.84583E+09,1.8538E+09,1.86172E+09,1.8696E+09,1.87743E+09,1.88525E+09,1.89305E+09,1.90083E+09,1.90861E+09,1.91637E+09,1.92409E+09,1.93175E+09,1.93931E+09,1.94679E+09,1.95419E+09,1.96151E+09,1.96879E+09,1.97604E+09,1.98329E+09,1.99052E+09,1.9977E+09,2.00483E+09,2.01192E+09,2.01895E+09,2.02592E+09,2.03281E+09,2.03965E+09,2.04647E+09,2.05325E+09,2.05999E+09,2.06674E+09,2.07351E+09,2.08029E+09,2.08711E+09,2.09395E+09,2.10085E+09,2.1078E+09,2.11476E+09,2.12175E+09,2.12876E+09,2.13578E+09,2.14282E+09,2.14989E+09,2.15697E+09,2.16406E+09,2.17116E+09,2.17825E+09,2.18532E+09,2.19234E+09,2.19922E+09,2.20599E+09,2.21278E+09,2.21962E+09,2.22652E+09,2.23352E+09,2.24066E+09,2.24803E+09,2.25565E+09,2.26337E+09,2.27112E+09,2.27892E+09,2.28681E+09,2.29476E+09,2.30279E+09,2.31089E+09,2.31906E+09,2.32732E+09,2.33568E+09,2.34409E+09,2.35259E+09,2.36116E+09,2.36981E+09,2.37849E+09,2.38706E+09,2.39544E+09,2.40384E+09,2.41227E+09,2.4207E+09,2.42916E+09,2.43768E+09,2.4464E+09,2.45534E+09,2.46429E+09,2.47318E+09,2.48195E+09,2.49052E+09,2.49893E+09,2.50735E+09,2.51582E+09,2.52433E+09,2.53288E+09,2.54153E+09,2.5504E+09,2.55947E+09,2.56864E+09,2.57789E+09,2.58725E+09,2.5967E+09,2.60629E+09,2.61608E+09,2.62613E+09,2.63639E+09,2.64669E+09,2.65684E+09,2.66692E+09,2.677E+09,2.687E+09,2.69688E+09,2.7067E+09,2.71656E+09,2.72646E+09,2.73638E+09,2.74641E+09,2.75663E+09,2.76688E+09,2.77705E+09,2.78712E+09,2.79716E+09,2.80716E+09,2.81694E+09,2.82641E+09,2.83564E+09,2.84465E+09,2.85343E+09,2.86207E+09,2.87058E+09,2.87894E+09,2.88716E+09,2.89532E+09,2.90339E+09,2.91138E+09,2.91934E+09,2.92723E+09,2.93501E+09,2.94264E+09,2.95003E+09,2.95723E+09,2.96427E+09,2.97111E+09,2.97776E+09,2.98426E+09,2.99067E+09,2.99699E+09,3.00325E+09,3.00943E+09,3.01554E+09,3.02159E+09,3.02753E+09,3.03331E+09,3.03892E+09,3.04436E+09,3.04966E+09,3.05485E+09,3.05997E+09,3.065E+09,3.06999E+09,3.07498E+09,3.07996E+09,3.08489E+09,3.08976E+09,3.09458E+09,3.0993E+09,3.10388E+09,3.10842E+09,3.11293E+09,3.11744E+09,3.12194E+09,3.12645E+09,3.13102E+09,3.13565E+09,3.14025E+09,3.14483E+09,3.14936E+09,3.15387E+09,3.15837E+09,3.16282E+09,3.16721E+09,3.17152E+09,3.17577E+09,3.17999E+09,3.18419E+09,3.18839E+09,3.1926E+09,3.19686E+09,3.20116E+09,3.20551E+09,3.20988E+09,3.21426E+09,3.21866E+09,3.22307E+09,3.2275E+09,3.23196E+09,3.23644E+09,3.24096E+09,3.2455E+09,3.25008E+09,3.25468E+09,3.2593E+09,3.26396E+09,3.26866E+09,3.2734E+09,3.27817E+09,3.28297E+09,3.28781E+09,3.29269E+09,3.29761E+09,3.30256E+09,3.30753E+09,3.31252E+09,3.31755E+09,3.32259E+09,3.32765E+09,3.33272E+09,3.33779E+09,3.34286E+09,3.34794E+09,3.35303E+09,3.35809E+09,3.36305E+09,3.36794E+09,3.37278E+09,3.37758E+09,3.38239E+09,3.38723E+09,3.39217E+09,3.39728E+09,3.40251E+09,3.40785E+09,3.41326E+09,3.4187E+09,3.42412E+09,3.42952E+09,3.43487E+09,3.4402E+09,3.44551E+09,3.45083E+09,3.45617E+09,3.46156E+09,3.467E+09,3.47251E+09,3.47808E+09,3.4837E+09,3.48935E+09,3.49503E+09,3.50075E+09,3.5065E+09,3.51228E+09,3.51812E+09,3.52401E+09,3.52995E+09,3.53591E+09,3.54188E+09,3.54787E+09,3.55389E+09,3.55991E+09,3.56588E+09,3.5718E+09,3.57769E+09,3.58358E+09,3.58937E+09,3.59503E+09,3.60071E+09,3.6064E+09,3.61212E+09,3.61782E+09,3.62349E+09,3.62914E+09,3.63478E+09,3.64038E+09,3.646E+09,3.65164E+09,3.65732E+09,3.66305E+09,3.6689E+09,3.67486E+09,3.68085E+09,3.68685E+09,3.69289E+09,3.69898E+09,3.70514E+09,3.71132E+09,3.7175E+09,3.72377E+09,3.73018E+09,3.73672E+09,3.74339E+09,3.75018E+09,3.75708E+09,3.76406E+09,3.77109E+09,3.77821E+09,3.78544E+09,3.79281E+09,3.80033E+09,3.80797E+09,3.81578E+09,3.82382E+09,3.83198E+09,3.84023E+09,3.84855E+09,3.85692E+09,3.8654E+09,3.87398E+09,3.88253E+09,3.89106E+09,3.89958E+09,3.90807E+09,3.91652E+09,3.92489E+09,3.93318E+09,3.9414E+09,3.94955E+09,3.9576E+09,3.96555E+09,3.97341E+09,3.98116E+09,3.98877E+09,3.99621E+09,4.00351E+09,4.0107E+09,4.01776E+09,4.0247E+09,4.03151E+09,4.03824E+09,4.04488E+09,4.05139E+09,4.05777E+09,4.06402E+09,4.07015E+09,4.07616E+09,4.08205E+09,4.08783E+09,4.0935E+09,4.09908E+09,4.10456E+09,4.10996E+09,4.11528E+09,4.12052E+09,4.12568E+09,4.13076E+09,4.13577E+09,4.14073E+09,4.14562E+09,4.15047E+09,4.15527E+09,4.16002E+09,4.16473E+09,4.16941E+09,4.17405E+09,4.17867E+09,4.18326E+09,4.18783E+09,4.19239E+09,4.19693E+09,4.20146E+09,4.20597E+09,4.21048E+09,4.21495E+09,4.21938E+09,4.22381E+09,4.22824E+09,4.23269E+09,4.23716E+09,4.24165E+09,4.24618E+09,4.25079E+09,4.25542E+09,4.26007E+09,4.26476E+09,4.26948E+09,4.27423E+09,4.27901E+09,4.28383E+09,4.28869E+09,4.29358E+09,4.29846E+09,4.3033E+09,4.30826E+09,4.31326E+09,4.31829E+09,4.32336E+09,4.32847E+09,4.33361E+09,4.3388E+09,4.34402E+09,4.34928E+09,4.35457E+09,4.35991E+09,4.36527E+09,4.37067E+09,4.37611E+09,4.38158E+09,4.38707E+09,4.3926E+09,4.39816E+09,4.40374E+09,4.40936E+09,4.41499E+09,4.42065E+09,4.42633E+09,4.43203E+09,4.43774E+09
"Cost of Hospitalizations Cumulative[New Mexico]",0,0,0,0,0,0,0,0,0,0,0,0,0,0,0,0,0,0,0,0,0,0,0,0,0,0,0,0,0,1.92396,17.418,65.4222,176.117,401.431,833.462,1635.21,3091.04,5700.2,10343,18569.1,33103.9,58649.6,102989,177712,297113,473782,712281,1.00599E+06,1.34089E+06,1.70285E+06,2.08174E+06,2.47091E+06,2.866E+06,3.2642E+06,3.66373E+06,4.06343E+06,4.46255E+06,4.86055E+06,5.25701E+06,5.65165E+06,6.04455E+06,6.43597E+06,6.82628E+06,7.21589E+06,7.6052E+06,7.99461E+06,8.38447E+06,8.77509E+06,9.16668E+06,9.5593E+06,9.95295E+06,1.03476E+07,1.07432E+07,1.11398E+07,1.15373E+07,1.19356E+07,1.23347E+07,1.27342E+07,1.3134E+07,1.35341E+07,1.39344E+07,1.43348E+07,1.47354E+07,1.51361E+07,1.55367E+07,1.59375E+07,1.63387E+07,1.67406E+07,1.71434E+07,1.7547E+07,1.79516E+07,1.83569E+07,1.8763E+07,1.91695E+07,1.95763E+07,1.99831E+07,2.03895E+07,2.07953E+07,2.12006E+07,2.16052E+07,2.20093E+07,2.24125E+07,2.28148E+07,2.3216E+07,2.36159E+07,2.40145E+07,2.44116E+07,2.48072E+07,2.52013E+07,2.5594E+07,2.59853E+07,2.63029E+07,2.65545E+07,2.6808E+07,2.70623E+07,2.73122E+07,2.75539E+07,2.77942E+07,2.80306E+07,2.82717E+07,2.85277E+07,2.87982E+07,2.90781E+07,2.93651E+07,2.96552E+07,2.99466E+07,3.02354E+07,3.05239E+07,3.08109E+07,3.10933E+07,3.13731E+07,3.16528E+07,3.19276E+07,3.21987E+07,3.24694E+07,3.27393E+07,3.30033E+07,3.32594E+07,3.35072E+07,3.37505E+07,3.39903E+07,3.42244E+07,3.44542E+07,3.4686E+07,3.49208E+07,3.51542E+07,3.53872E+07,3.562E+07,3.58516E+07,3.60799E+07,3.63033E+07,3.65213E+07,3.6733E+07,3.69388E+07,3.71402E+07,3.73369E+07,3.75304E+07,3.77218E+07,3.7914E+07,3.81106E+07,3.83107E+07,3.85138E+07,3.87193E+07,3.89284E+07,3.91403E+07,3.93518E+07,3.9564E+07,3.97775E+07,3.99939E+07,4.02147E+07,4.04369E+07,4.0659E+07,4.08777E+07,4.10931E+07,4.13095E+07,4.15267E+07,4.17435E+07,4.19616E+07,4.21817E+07,4.24053E+07,4.26323E+07,4.28598E+07,4.30855E+07,4.33107E+07,4.35336E+07,4.37556E+07,4.39774E+07,4.41977E+07,4.44187E+07,4.46422E+07,4.48667E+07,4.50923E+07,4.53179E+07,4.55422E+07,4.57644E+07,4.5983E+07,4.61994E+07,4.6416E+07,4.66335E+07,4.68492E+07,4.70642E+07,4.72807E+07,4.74985E+07,4.77159E+07,4.79334E+07,4.81504E+07,4.83673E+07,4.85834E+07,4.87967E+07,4.901E+07,4.92235E+07,4.94358E+07,4.96473E+07,4.98599E+07,5.00745E+07,5.02911E+07,5.05091E+07,5.07284E+07,5.09493E+07,5.11726E+07,5.13983E+07,5.16263E+07,5.18571E+07,5.2091E+07,5.23288E+07,5.25707E+07,5.28173E+07,5.30701E+07,5.33281E+07,5.35924E+07,5.38638E+07,5.41429E+07,5.44314E+07,5.47286E+07,5.50311E+07,5.53409E+07,5.56582E+07,5.59815E+07,5.63103E+07,5.66425E+07,5.69798E+07,5.73242E+07,5.76741E+07,5.80303E+07,5.83903E+07,5.87523E+07,5.91162E+07,5.948E+07,5.98433E+07,6.02095E+07,6.05756E+07,6.09407E+07,6.13066E+07,6.16737E+07,6.20411E+07,6.2409E+07,6.27757E+07,6.31434E+07,6.35138E+07,6.38838E+07,6.42526E+07,6.46239E+07,6.49975E+07,6.53731E+07,6.57488E+07,6.61226E+07,6.64973E+07,6.68728E+07,6.72479E+07,6.76243E+07,6.80007E+07,6.83753E+07,6.875E+07,6.91251E+07,6.95E+07,6.98738E+07,7.02427E+07,7.0606E+07,7.09686E+07,7.13336E+07,7.17014E+07,7.20699E+07,7.24373E+07,7.28023E+07,7.31644E+07,7.35236E+07,7.38792E+07,7.42298E+07,7.45765E+07,7.49173E+07,7.52547E+07,7.55915E+07,7.5927E+07,7.62604E+07,7.65918E+07,7.69217E+07,7.72513E+07,7.75803E+07,7.79095E+07,7.8238E+07,7.85646E+07,7.88914E+07,7.92197E+07,7.95545E+07,7.99004E+07,8.02551E+07,8.06164E+07,8.09853E+07,8.13605E+07,8.17386E+07,8.21183E+07,8.24986E+07,8.28794E+07,8.32646E+07,8.36539E+07,8.40451E+07,8.44395E+07,8.48362E+07,8.52357E+07,8.56368E+07,8.60373E+07,8.64394E+07,8.68433E+07,8.72499E+07,8.7659E+07,8.80706E+07,8.84947E+07,8.89336E+07,8.93757E+07,8.98229E+07,9.02779E+07,9.07429E+07,9.12148E+07,9.16886E+07,9.21633E+07,9.26445E+07,9.31337E+07,9.36284E+07,9.41279E+07,9.46335E+07,9.51437E+07,9.56561E+07,9.61731E+07,9.66948E+07,9.72203E+07,9.77489E+07,9.82811E+07,9.88166E+07,9.93567E+07,9.9901E+07,1.00449E+08,1.01001E+08,1.01559E+08,1.02122E+08,1.02692E+08,1.03271E+08,1.03861E+08,1.04451E+08,1.05047E+08,1.05652E+08,1.06263E+08,1.06881E+08,1.07504E+08,1.08124E+08,1.0875E+08,1.09379E+08,1.10008E+08,1.10642E+08,1.11274E+08,1.11906E+08,1.12543E+08,1.13186E+08,1.13835E+08,1.14487E+08,1.15145E+08,1.15811E+08,1.16482E+08,1.17159E+08,1.17849E+08,1.1855E+08,1.19258E+08,1.19972E+08,1.20691E+08,1.21417E+08,1.2215E+08,1.22882E+08,1.23615E+08,1.24355E+08,1.25101E+08,1.2585E+08,1.266E+08,1.27354E+08,1.28111E+08,1.2887E+08,1.29629E+08,1.30385E+08,1.31139E+08,1.31894E+08,1.32651E+08,1.33408E+08,1.34161E+08,1.34911E+08,1.35658E+08,1.36399E+08,1.37138E+08,1.37873E+08,1.38606E+08,1.3934E+08,1.40069E+08,1.40794E+08,1.41519E+08,1.42242E+08,1.42962E+08,1.43681E+08,1.444E+08,1.45129E+08,1.4587E+08,1.46623E+08,1.47387E+08,1.48159E+08,1.48938E+08,1.49725E+08,1.50518E+08,1.51309E+08,1.52092E+08,1.52872E+08,1.53652E+08,1.54429E+08,1.55203E+08,1.55974E+08,1.56745E+08,1.57517E+08,1.58287E+08,1.59049E+08,1.59813E+08,1.6058E+08,1.61347E+08,1.62114E+08,1.62879E+08,1.63643E+08,1.6441E+08,1.65178E+08,1.65941E+08,1.66703E+08,1.67467E+08,1.68233E+08,1.68999E+08,1.69762E+08,1.70522E+08,1.71284E+08,1.72042E+08,1.72795E+08,1.73549E+08,1.74311E+08,1.75077E+08,1.75846E+08,1.76611E+08,1.77369E+08,1.78126E+08,1.78876E+08,1.7962E+08,1.80361E+08,1.81085E+08,1.81804E+08,1.82526E+08,1.83252E+08,1.83985E+08,1.84716E+08,1.85443E+08,1.86172E+08,1.869E+08,1.87626E+08,1.88345E+08,1.89056E+08,1.89759E+08,1.90456E+08,1.91151E+08,1.91841E+08,1.92526E+08,1.93206E+08,1.93879E+08,1.94547E+08,1.95209E+08,1.95866E+08,1.96519E+08,1.97164E+08,1.97805E+08,1.98441E+08,1.99076E+08,1.99708E+08,2.00335E+08,2.00954E+08,2.01569E+08,2.02179E+08,2.02788E+08,2.03393E+08,2.03994E+08,2.04592E+08,2.05191E+08,2.0579E+08,2.06387E+08,2.06982E+08,2.07578E+08,2.08174E+08,2.08771E+08,2.09365E+08,2.09956E+08,2.10544E+08,2.11128E+08,2.1171E+08,2.1229E+08,2.12869E+08,2.13454E+08,2.1404E+08,2.14628E+08,2.15219E+08,2.15811E+08,2.16406E+08,2.17001E+08,2.17594E+08,2.18188E+08,2.18787E+08,2.19389E+08,2.19994E+08,2.20602E+08,2.21211E+08,2.21822E+08,2.22435E+08,2.23049E+08,2.23666E+08,2.24286E+08,2.2491E+08,2.25536E+08,2.26167E+08,2.26802E+08,2.27437E+08,2.28076E+08,2.28715E+08,2.29355E+08,2.29997E+08,2.30636E+08,2.31276E+08,2.31918E+08,2.32557E+08,2.33198E+08,2.3384E+08,2.34484E+08,2.35132E+08,2.35783E+08,2.36439E+08,2.37101E+08,2.37768E+08,2.38439E+08,2.39114E+08,2.39789E+08,2.40465E+08,2.41148E+08,2.41836E+08,2.42524E+08,2.43215E+08,2.43906E+08,2.44596E+08,2.45285E+08,2.4597E+08,2.46657E+08,2.47341E+08,2.48015E+08,2.48678E+08,2.49342E+08,2.50008E+08,2.50673E+08,2.51338E+08,2.52004E+08,2.5267E+08,2.53334E+08,2.53987E+08,2.5463E+08,2.55265E+08,2.55892E+08,2.56517E+08,2.5714E+08,2.57759E+08,2.58381E+08,2.59019E+08,2.59658E+08,2.60299E+08,2.60941E+08,2.61581E+08,2.6222E+08,2.62853E+08,2.63467E+08,2.64076E+08,2.64685E+08,2.65298E+08,2.65915E+08,2.66529E+08,2.67135E+08,2.67744E+08,2.68358E+08,2.6897E+08,2.69574E+08,2.70173E+08,2.70778E+08,2.71395E+08,2.72017E+08,2.72643E+08,2.73278E+08,2.73931E+08,2.746E+08,2.75277E+08,2.75957E+08,2.76642E+08,2.77334E+08,2.78042E+08,2.78774E+08,2.79528E+08,2.80299E+08,2.81093E+08,2.81915E+08,2.82763E+08,2.83632E+08,2.84513E+08,2.8541E+08,2.86336E+08,2.87291E+08,2.88267E+08,2.89263E+08,2.90281E+08,2.91323E+08,2.92389E+08,2.93478E+08,2.9458E+08,2.95699E+08,2.96836E+08,2.97992E+08,2.99166E+08,3.00355E+08,3.01562E+08,3.02793E+08,3.04039E+08,3.05293E+08,3.0656E+08,3.07841E+08,3.09135E+08,3.10435E+08,3.11745E+08,3.13066E+08,3.14395E+08,3.15731E+08,3.17069E+08,3.18406E+08,3.19749E+08,3.21095E+08,3.22442E+08,3.23796E+08,3.2515E+08,3.26502E+08,3.27858E+08,3.29211E+08,3.30561E+08,3.31911E+08,3.33257E+08,3.346E+08,3.35943E+08,3.3728E+08,3.38607E+08,3.39937E+08,3.41272E+08,3.42607E+08,3.43943E+08,3.45279E+08,3.46622E+08,3.47976E+08,3.49327E+08,3.50672E+08,3.52007E+08,3.53331E+08,3.54643E+08,3.55948E+08,3.57245E+08,3.58538E+08,3.59824E+08,3.61103E+08,3.62377E+08,3.63644E+08,3.6491E+08,3.66174E+08,3.67428E+08,3.68677E+08,3.69922E+08,3.71156E+08,3.72387E+08,3.73611E+08,3.74825E+08,3.76034E+08,3.77233E+08,3.78427E+08,3.79616E+08,3.80796E+08,3.81969E+08,3.83127E+08,3.84273E+08,3.85409E+08,3.86536E+08,3.87656E+08,3.88764E+08,3.89862E+08,3.90962E+08,3.92052E+08,3.93135E+08,3.94213E+08,3.9528E+08,3.9634E+08,3.97392E+08,3.98432E+08,3.99468E+08,4.00504E+08,4.01532E+08,4.02556E+08,4.03577E+08,4.04599E+08,4.05626E+08,4.06649E+08,4.07665E+08,4.08681E+08,4.09693E+08,4.107E+08,4.11701E+08,4.12696E+08,4.13689E+08,4.1468E+08,4.15657E+08,4.16628E+08,4.17595E+08,4.18559E+08,4.19522E+08,4.20483E+08,4.21438E+08,4.22396E+08,4.23353E+08,4.24309E+08,4.25264E+08,4.26211E+08,4.27143E+08,4.28065E+08,4.28988E+08,4.2991E+08,4.30841E+08,4.31783E+08,4.32744E+08,4.33728E+08,4.34728E+08,4.35727E+08,4.36734E+08,4.37742E+08,4.38748E+08,4.39744E+08,4.4074E+08,4.41738E+08,4.42739E+08,4.43746E+08,4.44762E+08,4.45786E+08,4.46824E+08,4.47867E+08,4.48917E+08,4.49985E+08,4.51067E+08,4.52154E+08,4.53249E+08,4.54354E+08,4.5547E+08,4.56595E+08,4.57721E+08,4.58845E+08,4.59982E+08,4.61131E+08,4.62297E+08,4.63484E+08,4.64708E+08,4.65981E+08,4.67285E+08,4.68619E+08,4.69986E+08,4.71382E+08,4.72798E+08,4.74223E+08,4.75652E+08,4.7709E+08,4.78536E+08,4.79986E+08,4.81439E+08,4.82895E+08,4.84356E+08,4.85819E+08,4.8728E+08,4.88737E+08,4.90192E+08,4.91647E+08,4.93097E+08,4.94543E+08,4.95985E+08,4.97423E+08,4.98854E+08,5.00279E+08,5.01698E+08,5.0311E+08,5.04515E+08,5.05907E+08,5.07287E+08,5.08659E+08,5.1002E+08,5.11366E+08,5.12684E+08,5.13968E+08,5.1523E+08,5.16476E+08,5.17707E+08,5.18909E+08,5.2007E+08,5.21207E+08,5.22335E+08,5.23453E+08,5.24565E+08,5.25673E+08,5.26769E+08,5.27851E+08,5.28922E+08,5.2998E+08,5.31031E+08,5.32072E+08,5.33099E+08,5.34117E+08,5.35123E+08,5.36122E+08,5.37118E+08,5.38104E+08,5.39089E+08,5.40079E+08,5.41061E+08,5.42032E+08,5.42991E+08,5.43942E+08,5.4489E+08,5.45827E+08,5.4675E+08,5.47666E+08,5.48579E+08,5.49489E+08,5.50388E+08,5.51278E+08,5.52167E+08,5.53052E+08,5.53932E+08,5.54809E+08,5.55677E+08,5.56543E+08,5.5741E+08,5.58276E+08,5.5914E+08,5.60005E+08,5.60867E+08,5.61728E+08,5.6259E+08,5.6345E+08,5.64309E+08,5.6517E+08,5.66031E+08,5.66886E+08,5.67739E+08,5.68602E+08,5.69472E+08,5.70344E+08,5.71217E+08,5.72092E+08,5.72972E+08,5.73857E+08,5.74746E+08,5.75636E+08,5.76528E+08,5.77427E+08,5.78329E+08,5.79239E+08,5.80158E+08,5.81074E+08,5.8199E+08,5.82912E+08,5.83839E+08,5.84771E+08,5.8571E+08,5.86657E+08,5.8761E+08,5.88573E+08,5.89546E+08,5.90532E+08,5.9153E+08,5.92535E+08,5.93547E+08,5.94567E+08,5.95595E+08,5.96628E+08,5.97661E+08,5.98697E+08,5.99743E+08,6.00799E+08,6.01862E+08,6.02929E+08,6.03999E+08,6.0507E+08,6.06145E+08,6.07229E+08,6.08315E+08,6.09402E+08,6.10489E+08,6.11581E+08,6.12681E+08,6.13787E+08,6.14888E+08,6.15992E+08,6.17099E+08,6.18206E+08,6.19312E+08,6.20418E+08,6.21521E+08,6.22621E+08,6.23716E+08,6.24807E+08,6.25898E+08,6.26979E+08,6.28047E+08,6.29106E+08,6.30164E+08,6.31222E+08,6.32281E+08,6.33343E+08,6.34413E+08,6.35484E+08,6.36556E+08,6.37627E+08,6.38693E+08,6.39752E+08,6.40805E+08,6.41856E+08,6.42904E+08,6.43955E+08,6.45004E+08,6.46049E+08,6.47098E+08,6.48143E+08,6.49186E+08,6.50226E+08,6.51266E+08,6.52314E+08,6.53357E+08,6.544E+08,6.55447E+08,6.56499E+08,6.57556E+08,6.58615E+08,6.59668E+08,6.6072E+08,6.61779E+08,6.62843E+08,6.63903E+08,6.64961E+08,6.66018E+08,6.67096E+08,6.6817E+08,6.69246E+08,6.70323E+08,6.71408E+08,6.72502E+08,6.73601E+08,6.74697E+08,6.75789E+08,6.76878E+08,6.77965E+08,6.79054E+08,6.80141E+08,6.81225E+08,6.82307E+08,6.83382E+08,6.84456E+08,6.85529E+08,6.86601E+08,6.87671E+08,6.88737E+08,6.89799E+08,6.9086E+08,6.91918E+08,6.9297E+08,6.94019E+08,6.95062E+08,6.96099E+08,6.97133E+08,6.98163E+08,6.99187E+08,7.00207E+08,7.01224E+08,7.02236E+08,7.03246E+08,7.04249E+08,7.05247E+08,7.06246E+08,7.07238E+08,7.08225E+08,7.09211E+08,7.1019E+08,7.11165E+08,7.12133E+08,7.13092E+08,7.1405E+08,7.15006E+08,7.15957E+08,7.16906E+08,7.17854E+08,7.18799E+08,7.19743E+08,7.20681E+08,7.21614E+08,7.22545E+08,7.23474E+08,7.24397E+08,7.25314E+08,7.26223E+08,7.2713E+08,7.28033E+08,7.28924E+08,7.29807E+08,7.30685E+08,7.31563E+08,7.32446E+08,7.3333E+08,7.34213E+08,7.35103E+08,7.35997E+08,7.36895E+08,7.37789E+08,7.38677E+08,7.39563E+08,7.40451E+08,7.41337E+08,7.42219E+08,7.43095E+08,7.43912E+08,7.44701E+08,7.45635E+08,7.46543E+08,7.47446E+08,7.48348E+08,7.4925E+08,7.50153E+08,7.51057E+08,7.51963E+08,7.5287E+08,7.53778E+08,7.54689E+08,7.55601E+08,7.56515E+08,7.57432E+08,7.5835E+08,7.59271E+08,7.60194E+08,7.61119E+08,7.62046E+08,7.62975E+08,7.63907E+08,7.64841E+08,7.65777E+08,7.66715E+08,7.67656E+08
"Cost of Hospitalizations Cumulative[New York]",0,0,0,0,0,0,0,0,0,0,0,0,0,0,0,0,0,0,0,0,0,0,0,0,0,0,0,0,0,0,0,0,0,0,0,1.0724,6.32161,18.9943,42.5349,80.7952,138.225,220.102,332.965,485.323,687.783,953.33,1297.77,1739.73,2301.74,3011.98,3906.31,5031.49,6449.73,8242.26,10512.2,13391.4,17047.4,21683.2,27542,34932.8,44261.1,56071.5,71093.1,90269.3,114817,146305,186726,238548,304950,389979,498431,636263,811117,1.03299E+06,1.31473E+06,1.67179E+06,2.12187E+06,2.68515E+06,3.38469E+06,4.24632E+06,5.29963E+06,6.57824E+06,8.11963E+06,9.96281E+06,1.21459E+07,1.47092E+07,1.76927E+07,2.11329E+07,2.50625E+07,2.95107E+07,3.45023E+07,4.00544E+07,4.61737E+07,5.28589E+07,6.01007E+07,6.78786E+07,7.61641E+07,8.49207E+07,9.41083E+07,1.03722E+08,1.13762E+08,1.24047E+08,1.34567E+08,1.45287E+08,1.56171E+08,1.67185E+08,1.78299E+08,1.89483E+08,2.00714E+08,2.11966E+08,2.23171E+08,2.34299E+08,2.45443E+08,2.56548E+08,2.67601E+08,2.78597E+08,2.89522E+08,3.00369E+08,3.11131E+08,3.21795E+08,3.32367E+08,3.42856E+08,3.5325E+08,3.63575E+08,3.73906E+08,3.84282E+08,3.94657E+08,4.05022E+08,4.15399E+08,4.2571E+08,4.35859E+08,4.45815E+08,4.55586E+08,4.65171E+08,4.74563E+08,4.83704E+08,4.9259E+08,5.01252E+08,5.09716E+08,5.17985E+08,5.26064E+08,5.33944E+08,5.4162E+08,5.4908E+08,5.56345E+08,5.6343E+08,5.70335E+08,5.77052E+08,5.83569E+08,5.89891E+08,5.96016E+08,6.01915E+08,6.07572E+08,6.12988E+08,6.18184E+08,6.2319E+08,6.28005E+08,6.32631E+08,6.37077E+08,6.41365E+08,6.45512E+08,6.49524E+08,6.53389E+08,6.57104E+08,6.60693E+08,6.64221E+08,6.67664E+08,6.70953E+08,6.74105E+08,6.77142E+08,6.80062E+08,6.82823E+08,6.85393E+08,6.87793E+08,6.9009E+08,6.92275E+08,6.94331E+08,6.9628E+08,6.9815E+08,6.99933E+08,7.01642E+08,7.03284E+08,7.04861E+08,7.06376E+08,7.07821E+08,7.09198E+08,7.10513E+08,7.11773E+08,7.12981E+08,7.14144E+08,7.15266E+08,7.16356E+08,7.17412E+08,7.18435E+08,7.19426E+08,7.20391E+08,7.21334E+08,7.22253E+08,7.23148E+08,7.2402E+08,7.24873E+08,7.25708E+08,7.26523E+08,7.2732E+08,7.28101E+08,7.28868E+08,7.29622E+08,7.30365E+08,7.31098E+08,7.31823E+08,7.32542E+08,7.33254E+08,7.33963E+08,7.34669E+08,7.35371E+08,7.36072E+08,7.36771E+08,7.3747E+08,7.38168E+08,7.38865E+08,7.39562E+08,7.40257E+08,7.40951E+08,7.41644E+08,7.42335E+08,7.43024E+08,7.4371E+08,7.44394E+08,7.45076E+08,7.45757E+08,7.46437E+08,7.47112E+08,7.4778E+08,7.48443E+08,7.49104E+08,7.49763E+08,7.5042E+08,7.51073E+08,7.51729E+08,7.52389E+08,7.53052E+08,7.53715E+08,7.54379E+08,7.55045E+08,7.55714E+08,7.56385E+08,7.57058E+08,7.57732E+08,7.58409E+08,7.5909E+08,7.59775E+08,7.60463E+08,7.61158E+08,7.61859E+08,7.62568E+08,7.63284E+08,7.64008E+08,7.64741E+08,7.65483E+08,7.66232E+08,7.66991E+08,7.67759E+08,7.68538E+08,7.69325E+08,7.70121E+08,7.70925E+08,7.71737E+08,7.72555E+08,7.7338E+08,7.74213E+08,7.75052E+08,7.75898E+08,7.76751E+08,7.77612E+08,7.78482E+08,7.7936E+08,7.80247E+08,7.81143E+08,7.82048E+08,7.82961E+08,7.83885E+08,7.84821E+08,7.85769E+08,7.86731E+08,7.87709E+08,7.88705E+08,7.89719E+08,7.90752E+08,7.91807E+08,7.92883E+08,7.93983E+08,7.95109E+08,7.96259E+08,7.97436E+08,7.98639E+08,7.99868E+08,8.01124E+08,8.02406E+08,8.03715E+08,8.05051E+08,8.06415E+08,8.07808E+08,8.09231E+08,8.10683E+08,8.12165E+08,8.13674E+08,8.15213E+08,8.16779E+08,8.18373E+08,8.19994E+08,8.21644E+08,8.23321E+08,8.25026E+08,8.26757E+08,8.28515E+08,8.303E+08,8.32111E+08,8.33947E+08,8.3581E+08,8.37699E+08,8.39616E+08,8.41562E+08,8.43538E+08,8.45546E+08,8.47585E+08,8.4966E+08,8.51773E+08,8.53926E+08,8.56122E+08,8.58364E+08,8.60651E+08,8.62987E+08,8.65371E+08,8.6781E+08,8.70308E+08,8.72869E+08,8.75496E+08,8.78193E+08,8.8096E+08,8.83798E+08,8.86707E+08,8.89687E+08,8.92736E+08,8.95853E+08,8.9904E+08,9.02297E+08,9.05625E+08,9.09022E+08,9.12487E+08,9.16018E+08,9.19612E+08,9.23269E+08,9.26989E+08,9.30773E+08,9.34626E+08,9.38546E+08,9.42535E+08,9.46603E+08,9.50754E+08,9.54988E+08,9.59309E+08,9.63723E+08,9.6824E+08,9.72866E+08,9.77601E+08,9.82447E+08,9.87406E+08,9.92479E+08,9.97665E+08,1.00296E+09,1.00837E+09,1.01387E+09,1.01948E+09,1.02519E+09,1.031E+09,1.03689E+09,1.04285E+09,1.04889E+09,1.05499E+09,1.06115E+09,1.06735E+09,1.0736E+09,1.0799E+09,1.08623E+09,1.0926E+09,1.09901E+09,1.10546E+09,1.11196E+09,1.11849E+09,1.12506E+09,1.13167E+09,1.13832E+09,1.145E+09,1.15173E+09,1.1585E+09,1.1653E+09,1.17213E+09,1.179E+09,1.1859E+09,1.19284E+09,1.19981E+09,1.20681E+09,1.21385E+09,1.22091E+09,1.22799E+09,1.2351E+09,1.24222E+09,1.24933E+09,1.25642E+09,1.26349E+09,1.27053E+09,1.27754E+09,1.28451E+09,1.29144E+09,1.29835E+09,1.30521E+09,1.31204E+09,1.31881E+09,1.32551E+09,1.33216E+09,1.33881E+09,1.3455E+09,1.35222E+09,1.35892E+09,1.36562E+09,1.3723E+09,1.37898E+09,1.38564E+09,1.3923E+09,1.39897E+09,1.40567E+09,1.41239E+09,1.41914E+09,1.42593E+09,1.4328E+09,1.43971E+09,1.44667E+09,1.45369E+09,1.46077E+09,1.46791E+09,1.47512E+09,1.48238E+09,1.48969E+09,1.49704E+09,1.50443E+09,1.51184E+09,1.51925E+09,1.52665E+09,1.53402E+09,1.5414E+09,1.54878E+09,1.55617E+09,1.56358E+09,1.57103E+09,1.57851E+09,1.58594E+09,1.5933E+09,1.60067E+09,1.60804E+09,1.61543E+09,1.62282E+09,1.63024E+09,1.63779E+09,1.64542E+09,1.65304E+09,1.66067E+09,1.66833E+09,1.67604E+09,1.6838E+09,1.6916E+09,1.69945E+09,1.70734E+09,1.71525E+09,1.72315E+09,1.73104E+09,1.73892E+09,1.74677E+09,1.75459E+09,1.76237E+09,1.7701E+09,1.7778E+09,1.78547E+09,1.7931E+09,1.80069E+09,1.80823E+09,1.81574E+09,1.82322E+09,1.83067E+09,1.83809E+09,1.84547E+09,1.85282E+09,1.86015E+09,1.86745E+09,1.87471E+09,1.88196E+09,1.88918E+09,1.89638E+09,1.90356E+09,1.91071E+09,1.91784E+09,1.92494E+09,1.93201E+09,1.93904E+09,1.94602E+09,1.95296E+09,1.95987E+09,1.96673E+09,1.97355E+09,1.98033E+09,1.98708E+09,1.9938E+09,2.00048E+09,2.00712E+09,2.01373E+09,2.0203E+09,2.02683E+09,2.03333E+09,2.0398E+09,2.04624E+09,2.05264E+09,2.05901E+09,2.06535E+09,2.07165E+09,2.07792E+09,2.08415E+09,2.09036E+09,2.09653E+09,2.10267E+09,2.10879E+09,2.11487E+09,2.12093E+09,2.12696E+09,2.13296E+09,2.13893E+09,2.14488E+09,2.15081E+09,2.15671E+09,2.1626E+09,2.16846E+09,2.17432E+09,2.18017E+09,2.18601E+09,2.19185E+09,2.1977E+09,2.20356E+09,2.20942E+09,2.21527E+09,2.22113E+09,2.22698E+09,2.23283E+09,2.23868E+09,2.24452E+09,2.25035E+09,2.25617E+09,2.26197E+09,2.26778E+09,2.27358E+09,2.27936E+09,2.28514E+09,2.2909E+09,2.29664E+09,2.30235E+09,2.30804E+09,2.3137E+09,2.31933E+09,2.32487E+09,2.33034E+09,2.33581E+09,2.34129E+09,2.34673E+09,2.35217E+09,2.35762E+09,2.36312E+09,2.36863E+09,2.37408E+09,2.3795E+09,2.38492E+09,2.39032E+09,2.39571E+09,2.40107E+09,2.40641E+09,2.41171E+09,2.41698E+09,2.42221E+09,2.42741E+09,2.4326E+09,2.43776E+09,2.44289E+09,2.448E+09,2.45308E+09,2.45815E+09,2.4632E+09,2.46822E+09,2.47317E+09,2.47803E+09,2.4828E+09,2.48747E+09,2.49204E+09,2.49655E+09,2.50101E+09,2.5054E+09,2.50979E+09,2.51423E+09,2.51874E+09,2.52331E+09,2.52795E+09,2.53271E+09,2.53766E+09,2.54274E+09,2.54792E+09,2.55323E+09,2.5587E+09,2.56435E+09,2.57018E+09,2.57623E+09,2.58253E+09,2.58912E+09,2.59601E+09,2.60323E+09,2.61076E+09,2.61864E+09,2.62687E+09,2.63546E+09,2.6444E+09,2.65369E+09,2.66334E+09,2.67333E+09,2.68366E+09,2.69432E+09,2.70529E+09,2.71656E+09,2.7281E+09,2.73986E+09,2.7518E+09,2.76391E+09,2.77619E+09,2.78861E+09,2.80115E+09,2.81379E+09,2.82653E+09,2.83932E+09,2.85214E+09,2.86497E+09,2.87782E+09,2.89069E+09,2.90356E+09,2.91642E+09,2.92924E+09,2.94199E+09,2.95468E+09,2.96733E+09,2.97993E+09,2.99246E+09,3.00491E+09,3.01729E+09,3.02964E+09,3.04197E+09,3.05423E+09,3.06644E+09,3.07856E+09,3.09062E+09,3.1026E+09,3.11445E+09,3.1261E+09,3.13761E+09,3.14906E+09,3.16046E+09,3.17182E+09,3.18308E+09,3.19428E+09,3.20547E+09,3.21662E+09,3.22771E+09,3.23871E+09,3.24961E+09,3.26045E+09,3.27125E+09,3.28203E+09,3.2928E+09,3.30354E+09,3.31427E+09,3.32499E+09,3.3357E+09,3.34641E+09,3.35714E+09,3.36792E+09,3.37875E+09,3.38963E+09,3.40059E+09,3.41163E+09,3.42276E+09,3.43399E+09,3.44533E+09,3.45682E+09,3.46846E+09,3.48025E+09,3.49219E+09,3.50424E+09,3.51638E+09,3.52865E+09,3.54109E+09,3.55369E+09,3.56646E+09,3.57938E+09,3.59247E+09,3.60578E+09,3.61926E+09,3.63285E+09,3.64653E+09,3.66033E+09,3.67423E+09,3.68821E+09,3.70228E+09,3.71641E+09,3.73062E+09,3.74488E+09,3.75918E+09,3.77353E+09,3.78793E+09,3.80237E+09,3.81683E+09,3.8313E+09,3.84582E+09,3.86038E+09,3.87497E+09,3.88959E+09,3.90425E+09,3.91894E+09,3.93366E+09,3.94838E+09,3.96308E+09,3.97777E+09,3.99245E+09,4.00713E+09,4.02178E+09,4.03642E+09,4.05106E+09,4.0657E+09,4.08033E+09,4.09493E+09,4.10949E+09,4.12402E+09,4.13845E+09,4.15265E+09,4.16669E+09,4.18068E+09,4.19465E+09,4.20864E+09,4.22264E+09,4.2367E+09,4.25095E+09,4.26529E+09,4.27962E+09,4.29391E+09,4.30817E+09,4.32242E+09,4.33667E+09,4.3509E+09,4.36513E+09,4.37939E+09,4.39368E+09,4.40803E+09,4.42245E+09,4.43697E+09,4.4516E+09,4.46636E+09,4.48121E+09,4.49618E+09,4.51124E+09,4.5264E+09,4.54163E+09,4.5569E+09,4.57218E+09,4.58747E+09,4.60279E+09,4.61813E+09,4.63343E+09,4.64858E+09,4.66363E+09,4.67871E+09,4.69382E+09,4.70894E+09,4.72414E+09,4.73946E+09,4.75495E+09,4.77054E+09,4.78613E+09,4.80173E+09,4.81725E+09,4.83265E+09,4.84796E+09,4.86319E+09,4.8784E+09,4.89352E+09,4.90854E+09,4.92351E+09,4.93847E+09,4.95337E+09,4.96818E+09,4.98283E+09,4.9974E+09,5.01191E+09,5.02637E+09,5.04077E+09,5.05502E+09,5.06906E+09,5.08293E+09,5.09666E+09,5.11019E+09,5.12357E+09,5.13683E+09,5.14998E+09,5.16304E+09,5.176E+09,5.18889E+09,5.20169E+09,5.21435E+09,5.22683E+09,5.23912E+09,5.2512E+09,5.26305E+09,5.2747E+09,5.2862E+09,5.29759E+09,5.30886E+09,5.32004E+09,5.33121E+09,5.34241E+09,5.35355E+09,5.36463E+09,5.37559E+09,5.38637E+09,5.39694E+09,5.40725E+09,5.41734E+09,5.42731E+09,5.4372E+09,5.44711E+09,5.4571E+09,5.46719E+09,5.47734E+09,5.4875E+09,5.49762E+09,5.50768E+09,5.51765E+09,5.52754E+09,5.53731E+09,5.54692E+09,5.55642E+09,5.56583E+09,5.57518E+09,5.58454E+09,5.59391E+09,5.60335E+09,5.61285E+09,5.6224E+09,5.63197E+09,5.64156E+09,5.65116E+09,5.66075E+09,5.67036E+09,5.67999E+09,5.68965E+09,5.69939E+09,5.70918E+09,5.71898E+09,5.72879E+09,5.7386E+09,5.74841E+09,5.75827E+09,5.76815E+09,5.77809E+09,5.78807E+09,5.79811E+09,5.80821E+09,5.81838E+09,5.82859E+09,5.83881E+09,5.84907E+09,5.8594E+09,5.86979E+09,5.88023E+09,5.89073E+09,5.90128E+09,5.91184E+09,5.92241E+09,5.93302E+09,5.94352E+09,5.95384E+09,5.96396E+09,5.97392E+09,5.98382E+09,5.99376E+09,6.00382E+09,6.01418E+09,6.02485E+09,6.03575E+09,6.04688E+09,6.05818E+09,6.06953E+09,6.08084E+09,6.09206E+09,6.10325E+09,6.11446E+09,6.1257E+09,6.13698E+09,6.14831E+09,6.15967E+09,6.17107E+09,6.18251E+09,6.19394E+09,6.20533E+09,6.21669E+09,6.22808E+09,6.2395E+09,6.25091E+09,6.26232E+09,6.27375E+09,6.28527E+09,6.29686E+09,6.30849E+09,6.32014E+09,6.33187E+09,6.34367E+09,6.35546E+09,6.36711E+09,6.3786E+09,6.38998E+09,6.40127E+09,6.41235E+09,6.42323E+09,6.43407E+09,6.44495E+09,6.45592E+09,6.4669E+09,6.47793E+09,6.48907E+09,6.50021E+09,6.51106E+09,6.5215E+09,6.53169E+09,6.54186E+09,6.55209E+09,6.56233E+09,6.57266E+09,6.5833E+09,6.59433E+09,6.60556E+09,6.61682E+09,6.62802E+09,6.63905E+09,6.65E+09,6.66103E+09,6.67215E+09,6.68333E+09,6.69458E+09,6.70594E+09,6.71738E+09,6.72879E+09,6.74017E+09,6.75161E+09,6.76315E+09,6.77481E+09,6.78656E+09,6.79846E+09,6.81064E+09,6.823E+09,6.83542E+09,6.84791E+09,6.86047E+09,6.87312E+09,6.88588E+09,6.89867E+09,6.91146E+09,6.92427E+09,6.93709E+09,6.9499E+09,6.96268E+09,6.9754E+09,6.98809E+09,7.00078E+09,7.01344E+09,7.02604E+09,7.03861E+09,7.05114E+09,7.06365E+09,7.07603E+09,7.08826E+09,7.10042E+09,7.11251E+09,7.12452E+09,7.13643E+09,7.1483E+09,7.16021E+09,7.17211E+09,7.18391E+09,7.19561E+09,7.20722E+09,7.21875E+09,7.23015E+09,7.24142E+09,7.25259E+09,7.26365E+09,7.2746E+09,7.28546E+09,7.29624E+09,7.30691E+09,7.31747E+09,7.32791E+09,7.33822E+09,7.34841E+09,7.35847E+09,7.36842E+09,7.37829E+09,7.3881E+09,7.39785E+09,7.40757E+09,7.41728E+09,7.42698E+09,7.43662E+09,7.4462E+09,7.45571E+09,7.46512E+09,7.47446E+09,7.48367E+09,7.4928E+09,7.50192E+09,7.51094E+09,7.51992E+09,7.52895E+09,7.53803E+09,7.54719E+09,7.5564E+09,7.56562E+09,7.57496E+09,7.58439E+09,7.5938E+09,7.60322E+09,7.61262E+09,7.62204E+09,7.63147E+09,7.64091E+09,7.65037E+09,7.65987E+09,7.66936E+09,7.67875E+09,7.68839E+09,7.69803E+09,7.70771E+09,7.71743E+09,7.7272E+09,7.73701E+09,7.74687E+09,7.75678E+09,7.76673E+09,7.77673E+09,7.78678E+09,7.79688E+09,7.80702E+09,7.81721E+09,7.82745E+09,7.83773E+09,7.84805E+09,7.85842E+09,7.86883E+09,7.87928E+09,7.88977E+09,7.9003E+09,7.91086E+09,7.92145E+09,7.93208E+09
"Cost of Hospitalizations Cumulative[North Carolina]",0,0,0,0,0,0,0,0,0,0,0,0,0,0,0,0,0,0,0,0,0,0.235389,3.19634,12.2841,30.8737,62.6885,112.172,184.592,286.253,424.852,610.267,855.311,1176.65,1595.79,2140.38,2845.93,3758.06,4935.02,6450.44,8394.54,10874.6,14017,17979.5,22966,29230.9,37075.5,46864.3,59044,74163.1,92899.4,116071,144654,179886,223343,276985,343228,425074,526299,651474,805984,996388,1.23084E+06,1.51929E+06,1.87384E+06,2.30925E+06,2.84345E+06,3.49708E+06,4.29348E+06,5.2589E+06,6.42166E+06,7.81058E+06,9.45302E+06,1.13733E+07,1.35924E+07,1.61291E+07,1.89962E+07,2.21955E+07,2.57187E+07,2.95475E+07,3.36534E+07,3.80043E+07,4.25703E+07,4.73222E+07,5.22299E+07,5.72639E+07,6.23971E+07,6.7605E+07,7.28659E+07,7.81613E+07,8.34758E+07,8.87966E+07,9.4113E+07,9.94157E+07,1.04697E+08,1.09951E+08,1.15173E+08,1.20358E+08,1.25501E+08,1.30599E+08,1.35647E+08,1.40643E+08,1.45583E+08,1.50465E+08,1.55289E+08,1.60052E+08,1.64754E+08,1.69394E+08,1.7397E+08,1.78482E+08,1.82033E+08,1.84883E+08,1.87791E+08,1.90673E+08,1.93483E+08,1.96225E+08,1.989E+08,2.01523E+08,2.04111E+08,2.06646E+08,2.09133E+08,2.11601E+08,2.14042E+08,2.16449E+08,2.18807E+08,2.21116E+08,2.23449E+08,2.25794E+08,2.28144E+08,2.30476E+08,2.32732E+08,2.34929E+08,2.37073E+08,2.39148E+08,2.4117E+08,2.43135E+08,2.45024E+08,2.46848E+08,2.48611E+08,2.50333E+08,2.52025E+08,2.53674E+08,2.55278E+08,2.56848E+08,2.58389E+08,2.59887E+08,2.61328E+08,2.62716E+08,2.6406E+08,2.65363E+08,2.66627E+08,2.67848E+08,2.69025E+08,2.70169E+08,2.71286E+08,2.72374E+08,2.73435E+08,2.74471E+08,2.75484E+08,2.76481E+08,2.77466E+08,2.78443E+08,2.7941E+08,2.80366E+08,2.81313E+08,2.8225E+08,2.83175E+08,2.84089E+08,2.84992E+08,2.85886E+08,2.86768E+08,2.87638E+08,2.88493E+08,2.8933E+08,2.90157E+08,2.90981E+08,2.91797E+08,2.92602E+08,2.93398E+08,2.94186E+08,2.94973E+08,2.95755E+08,2.9653E+08,2.97303E+08,2.98077E+08,2.98852E+08,2.99632E+08,3.00414E+08,3.01198E+08,3.01987E+08,3.02779E+08,3.03572E+08,3.04363E+08,3.05149E+08,3.05937E+08,3.06723E+08,3.07501E+08,3.08284E+08,3.09071E+08,3.09867E+08,3.10669E+08,3.11468E+08,3.12267E+08,3.13066E+08,3.13873E+08,3.14682E+08,3.15492E+08,3.1631E+08,3.17141E+08,3.17992E+08,3.18874E+08,3.19778E+08,3.20706E+08,3.21659E+08,3.22624E+08,3.23591E+08,3.24571E+08,3.25567E+08,3.26583E+08,3.27613E+08,3.2865E+08,3.29713E+08,3.30818E+08,3.31953E+08,3.33106E+08,3.34271E+08,3.35463E+08,3.36694E+08,3.3795E+08,3.39227E+08,3.40525E+08,3.41836E+08,3.43152E+08,3.44474E+08,3.45797E+08,3.47127E+08,3.4846E+08,3.49794E+08,3.51149E+08,3.52525E+08,3.53915E+08,3.55333E+08,3.56772E+08,3.58231E+08,3.59716E+08,3.61209E+08,3.62718E+08,3.64253E+08,3.65793E+08,3.67346E+08,3.68912E+08,3.70488E+08,3.72089E+08,3.7371E+08,3.75344E+08,3.77006E+08,3.78695E+08,3.80407E+08,3.82153E+08,3.83941E+08,3.85775E+08,3.87655E+08,3.89572E+08,3.9153E+08,3.93524E+08,3.95535E+08,3.97565E+08,3.99612E+08,4.01671E+08,4.03744E+08,4.05831E+08,4.07924E+08,4.10035E+08,4.12163E+08,4.14307E+08,4.16465E+08,4.18635E+08,4.20808E+08,4.22967E+08,4.25115E+08,4.27262E+08,4.29419E+08,4.31585E+08,4.33755E+08,4.35923E+08,4.38101E+08,4.40293E+08,4.42502E+08,4.44731E+08,4.46978E+08,4.49236E+08,4.51511E+08,4.53806E+08,4.56109E+08,4.58423E+08,4.60755E+08,4.63097E+08,4.65445E+08,4.67788E+08,4.70115E+08,4.72414E+08,4.74672E+08,4.76921E+08,4.79182E+08,4.81446E+08,4.83707E+08,4.85974E+08,4.88267E+08,4.90569E+08,4.9281E+08,4.94999E+08,4.97174E+08,4.99341E+08,5.01499E+08,5.03648E+08,5.05825E+08,5.08061E+08,5.1032E+08,5.12571E+08,5.14805E+08,5.17016E+08,5.19215E+08,5.21405E+08,5.23569E+08,5.25693E+08,5.27804E+08,5.29913E+08,5.32028E+08,5.3415E+08,5.36278E+08,5.3842E+08,5.40597E+08,5.42784E+08,5.44981E+08,5.47185E+08,5.49395E+08,5.51606E+08,5.53822E+08,5.56045E+08,5.58278E+08,5.60529E+08,5.62797E+08,5.65072E+08,5.67369E+08,5.69699E+08,5.72052E+08,5.7443E+08,5.76829E+08,5.79259E+08,5.81728E+08,5.8422E+08,5.86711E+08,5.89212E+08,5.91739E+08,5.94293E+08,5.96871E+08,5.99475E+08,6.02117E+08,6.04811E+08,6.07554E+08,6.10334E+08,6.13157E+08,6.16032E+08,6.18971E+08,6.21965E+08,6.25024E+08,6.28159E+08,6.31366E+08,6.34652E+08,6.38023E+08,6.41482E+08,6.45022E+08,6.48637E+08,6.52357E+08,6.56172E+08,6.60075E+08,6.64075E+08,6.68147E+08,6.72279E+08,6.76461E+08,6.80618E+08,6.84754E+08,6.88847E+08,6.92874E+08,6.96842E+08,7.0078E+08,7.04751E+08,7.08816E+08,7.1296E+08,7.17192E+08,7.21493E+08,7.25864E+08,7.30298E+08,7.34757E+08,7.39224E+08,7.4368E+08,7.48111E+08,7.52527E+08,7.56933E+08,7.61353E+08,7.65803E+08,7.70287E+08,7.74805E+08,7.7935E+08,7.83905E+08,7.88483E+08,7.93068E+08,7.97631E+08,8.02105E+08,8.06457E+08,8.10697E+08,8.14875E+08,8.18995E+08,8.23083E+08,8.27154E+08,8.31227E+08,8.35326E+08,8.39441E+08,8.43545E+08,8.4766E+08,8.51762E+08,8.5583E+08,8.59913E+08,8.6403E+08,8.68148E+08,8.72231E+08,8.76278E+08,8.80292E+08,8.84267E+08,8.88206E+08,8.92111E+08,8.95981E+08,8.99827E+08,9.03637E+08,9.07408E+08,9.11156E+08,9.14869E+08,9.1855E+08,9.22212E+08,9.25848E+08,9.29455E+08,9.33047E+08,9.36634E+08,9.40216E+08,9.43782E+08,9.4732E+08,9.50831E+08,9.54328E+08,9.57814E+08,9.61266E+08,9.64689E+08,9.6808E+08,9.71447E+08,9.74799E+08,9.78127E+08,9.81426E+08,9.84683E+08,9.87882E+08,9.91039E+08,9.94159E+08,9.97251E+08,1.0003E+09,1.0033E+09,1.00626E+09,1.00921E+09,1.01212E+09,1.01503E+09,1.01793E+09,1.02083E+09,1.02373E+09,1.02664E+09,1.02954E+09,1.03242E+09,1.03526E+09,1.03806E+09,1.04084E+09,1.04358E+09,1.04628E+09,1.04896E+09,1.05161E+09,1.05425E+09,1.05687E+09,1.05948E+09,1.06206E+09,1.06463E+09,1.06718E+09,1.06971E+09,1.07221E+09,1.07471E+09,1.07717E+09,1.07957E+09,1.08195E+09,1.08431E+09,1.08665E+09,1.08898E+09,1.09129E+09,1.09363E+09,1.09599E+09,1.09834E+09,1.10069E+09,1.10303E+09,1.10536E+09,1.10769E+09,1.11001E+09,1.11232E+09,1.11461E+09,1.1169E+09,1.11918E+09,1.12144E+09,1.12371E+09,1.12596E+09,1.12821E+09,1.13046E+09,1.13273E+09,1.13501E+09,1.13731E+09,1.13963E+09,1.14196E+09,1.14431E+09,1.14667E+09,1.14905E+09,1.15143E+09,1.15383E+09,1.15624E+09,1.15867E+09,1.16111E+09,1.16357E+09,1.16605E+09,1.16853E+09,1.17104E+09,1.17356E+09,1.1761E+09,1.17864E+09,1.1812E+09,1.18378E+09,1.18636E+09,1.18894E+09,1.19154E+09,1.19412E+09,1.19667E+09,1.19922E+09,1.20178E+09,1.20437E+09,1.20698E+09,1.20962E+09,1.21229E+09,1.21502E+09,1.21775E+09,1.22049E+09,1.22324E+09,1.22601E+09,1.22882E+09,1.23165E+09,1.23451E+09,1.2374E+09,1.24031E+09,1.24324E+09,1.24619E+09,1.24917E+09,1.25214E+09,1.2551E+09,1.25805E+09,1.26098E+09,1.26391E+09,1.26683E+09,1.26972E+09,1.27255E+09,1.27533E+09,1.27813E+09,1.28095E+09,1.28377E+09,1.2866E+09,1.28944E+09,1.29235E+09,1.29528E+09,1.29818E+09,1.30107E+09,1.30396E+09,1.30686E+09,1.30976E+09,1.31268E+09,1.31559E+09,1.31852E+09,1.32145E+09,1.32438E+09,1.32731E+09,1.33025E+09,1.33318E+09,1.33608E+09,1.33898E+09,1.34186E+09,1.34471E+09,1.34754E+09,1.35035E+09,1.35314E+09,1.3559E+09,1.35864E+09,1.36135E+09,1.36402E+09,1.36667E+09,1.36927E+09,1.3718E+09,1.37429E+09,1.37676E+09,1.37922E+09,1.38166E+09,1.3841E+09,1.38654E+09,1.38901E+09,1.3915E+09,1.39399E+09,1.39649E+09,1.39902E+09,1.40157E+09,1.40416E+09,1.40681E+09,1.40954E+09,1.41235E+09,1.41528E+09,1.41832E+09,1.42148E+09,1.42477E+09,1.42822E+09,1.43186E+09,1.43572E+09,1.43977E+09,1.44405E+09,1.44854E+09,1.45324E+09,1.45816E+09,1.46331E+09,1.46868E+09,1.47425E+09,1.48002E+09,1.48594E+09,1.49199E+09,1.49819E+09,1.50455E+09,1.51102E+09,1.51758E+09,1.52422E+09,1.53094E+09,1.53771E+09,1.54453E+09,1.55138E+09,1.55827E+09,1.56519E+09,1.57215E+09,1.57916E+09,1.58619E+09,1.59326E+09,1.60039E+09,1.60757E+09,1.6148E+09,1.62205E+09,1.62933E+09,1.63662E+09,1.64394E+09,1.65127E+09,1.65863E+09,1.666E+09,1.67338E+09,1.68074E+09,1.68805E+09,1.69523E+09,1.70235E+09,1.70943E+09,1.71647E+09,1.7235E+09,1.73048E+09,1.73749E+09,1.74458E+09,1.75167E+09,1.75869E+09,1.76565E+09,1.77254E+09,1.77937E+09,1.78614E+09,1.79283E+09,1.79945E+09,1.80602E+09,1.81254E+09,1.81901E+09,1.82542E+09,1.83176E+09,1.83801E+09,1.84421E+09,1.85034E+09,1.85639E+09,1.86237E+09,1.86826E+09,1.87409E+09,1.87984E+09,1.88548E+09,1.89103E+09,1.8965E+09,1.90191E+09,1.90727E+09,1.9126E+09,1.91792E+09,1.92321E+09,1.92846E+09,1.93367E+09,1.93882E+09,1.94393E+09,1.949E+09,1.95403E+09,1.95902E+09,1.964E+09,1.96894E+09,1.97385E+09,1.97874E+09,1.98361E+09,1.98846E+09,1.9933E+09,1.99809E+09,2.00287E+09,2.00762E+09,2.01235E+09,2.01706E+09,2.02174E+09,2.02635E+09,2.03096E+09,2.03557E+09,2.04017E+09,2.04477E+09,2.04937E+09,2.054E+09,2.05866E+09,2.06333E+09,2.068E+09,2.07269E+09,2.07743E+09,2.08221E+09,2.08704E+09,2.09191E+09,2.09684E+09,2.10184E+09,2.1069E+09,2.112E+09,2.11715E+09,2.12233E+09,2.12755E+09,2.13273E+09,2.13779E+09,2.14278E+09,2.14778E+09,2.15283E+09,2.15794E+09,2.16311E+09,2.16843E+09,2.17396E+09,2.17963E+09,2.18535E+09,2.19109E+09,2.19686E+09,2.20266E+09,2.20847E+09,2.21431E+09,2.22018E+09,2.22612E+09,2.2321E+09,2.23815E+09,2.24426E+09,2.25045E+09,2.25671E+09,2.26307E+09,2.26952E+09,2.27608E+09,2.28272E+09,2.28947E+09,2.29637E+09,2.30344E+09,2.31053E+09,2.31763E+09,2.32478E+09,2.33202E+09,2.33939E+09,2.3468E+09,2.35422E+09,2.36169E+09,2.36924E+09,2.37685E+09,2.38451E+09,2.39224E+09,2.40006E+09,2.408E+09,2.41603E+09,2.42412E+09,2.43225E+09,2.44042E+09,2.44858E+09,2.45667E+09,2.46471E+09,2.47281E+09,2.48087E+09,2.48889E+09,2.49677E+09,2.50462E+09,2.51255E+09,2.52048E+09,2.52846E+09,2.53642E+09,2.5441E+09,2.55167E+09,2.55901E+09,2.56607E+09,2.5733E+09,2.5805E+09,2.58744E+09,2.59401E+09,2.60038E+09,2.60687E+09,2.61343E+09,2.62E+09,2.62656E+09,2.63305E+09,2.63941E+09,2.6456E+09,2.65154E+09,2.65724E+09,2.66281E+09,2.66826E+09,2.67358E+09,2.67885E+09,2.68416E+09,2.6896E+09,2.69515E+09,2.70067E+09,2.70609E+09,2.71141E+09,2.71664E+09,2.72178E+09,2.72678E+09,2.73164E+09,2.73639E+09,2.74106E+09,2.74566E+09,2.75021E+09,2.75469E+09,2.75911E+09,2.76349E+09,2.76779E+09,2.77201E+09,2.77617E+09,2.78026E+09,2.78427E+09,2.7882E+09,2.79203E+09,2.79579E+09,2.79948E+09,2.80313E+09,2.80674E+09,2.81032E+09,2.81387E+09,2.8174E+09,2.82092E+09,2.82442E+09,2.82789E+09,2.83132E+09,2.83471E+09,2.83807E+09,2.8414E+09,2.8447E+09,2.84799E+09,2.85127E+09,2.85453E+09,2.85776E+09,2.86098E+09,2.8642E+09,2.86741E+09,2.87061E+09,2.87383E+09,2.87706E+09,2.88031E+09,2.88357E+09,2.88686E+09,2.8902E+09,2.89359E+09,2.89702E+09,2.90049E+09,2.90398E+09,2.9075E+09,2.91108E+09,2.91468E+09,2.91828E+09,2.9219E+09,2.92557E+09,2.92925E+09,2.93293E+09,2.93662E+09,2.9403E+09,2.94403E+09,2.94781E+09,2.95167E+09,2.95566E+09,2.9598E+09,2.96406E+09,2.96842E+09,2.97287E+09,2.97741E+09,2.98202E+09,2.98668E+09,2.99137E+09,2.99609E+09,3.00087E+09,3.00572E+09,3.01064E+09,3.01563E+09,3.02068E+09,3.02583E+09,3.03107E+09,3.0364E+09,3.0418E+09,3.04726E+09,3.05277E+09,3.05836E+09,3.064E+09,3.06971E+09,3.0755E+09,3.08138E+09,3.0873E+09,3.09324E+09,3.09921E+09,3.10519E+09,3.1112E+09,3.11719E+09,3.12312E+09,3.12902E+09,3.1349E+09,3.14071E+09,3.14648E+09,3.15222E+09,3.15794E+09,3.16366E+09,3.16938E+09,3.17512E+09,3.18088E+09,3.18663E+09,3.19225E+09,3.19774E+09,3.20314E+09,3.20849E+09,3.21386E+09,3.2192E+09,3.22454E+09,3.22995E+09,3.23546E+09,3.24106E+09,3.24665E+09,3.25221E+09,3.25768E+09,3.26309E+09,3.26849E+09,3.2739E+09,3.27931E+09,3.28472E+09,3.29014E+09,3.29557E+09,3.30097E+09,3.30635E+09,3.31173E+09,3.31713E+09,3.32255E+09,3.32797E+09,3.33342E+09,3.33897E+09,3.3446E+09,3.35023E+09,3.35587E+09,3.36151E+09,3.3672E+09,3.37291E+09,3.37864E+09,3.38435E+09,3.39007E+09,3.3958E+09,3.40152E+09,3.40724E+09,3.41294E+09,3.41863E+09,3.42434E+09,3.43006E+09,3.43577E+09,3.44149E+09,3.44721E+09,3.45295E+09,3.45865E+09,3.46428E+09,3.46991E+09,3.47552E+09,3.48111E+09,3.48669E+09,3.49226E+09,3.49786E+09,3.50348E+09,3.50907E+09,3.51463E+09,3.52016E+09,3.52566E+09,3.53113E+09,3.53654E+09,3.54193E+09,3.54729E+09,3.55262E+09,3.55791E+09,3.56318E+09,3.56842E+09,3.57363E+09,3.57882E+09,3.58397E+09,3.58909E+09,3.59419E+09,3.59927E+09,3.60434E+09,3.60939E+09,3.61442E+09,3.61942E+09,3.6244E+09,3.62937E+09,3.63432E+09,3.63925E+09,3.64416E+09,3.64906E+09,3.65394E+09,3.65881E+09,3.66366E+09,3.66848E+09,3.67327E+09,3.67804E+09,3.68283E+09,3.68762E+09,3.69241E+09,3.6972E+09,3.702E+09,3.70683E+09,3.71166E+09,3.71648E+09,3.72128E+09,3.72608E+09,3.73086E+09,3.73565E+09,3.74043E+09,3.7452E+09,3.74997E+09,3.75473E+09,3.75946E+09,3.76427E+09,3.76907E+09,3.77388E+09,3.7787E+09,3.78352E+09,3.78834E+09,3.79318E+09,3.79803E+09,3.80288E+09,3.80775E+09,3.81262E+09,3.81751E+09,3.8224E+09,3.82731E+09,3.83223E+09,3.83715E+09,3.84209E+09,3.84704E+09,3.852E+09,3.85697E+09,3.86196E+09,3.86695E+09,3.87195E+09,3.87697E+09,3.88199E+09
"Cost of Hospitalizations Cumulative[North Dakota]",0,0,0,0,0,0,0,0,0,0,0,0,0,0,0,0,0,0,0,0,0,0,0,0,0,0,0,0,0,0,0.0566564,1.9273,8.88759,24.1124,50.8086,92.3795,152.438,234.918,344.353,486.132,666.726,894.171,1178.82,1533.42,1972.71,2513.21,3174.14,3978.99,4956.42,6142.27,7581.36,9330.53,11461.3,14061.5,17239.2,21126,25874.7,31657.6,38687.3,47243,57696.2,70527.2,86344,105906,130139,160129,197091,242404,297646,364543,444982,541057,655047,789232,945718,1.12637E+06,1.33268E+06,1.56571E+06,1.82638E+06,2.11536E+06,2.43246E+06,2.77661E+06,3.14595E+06,3.53798E+06,3.94982E+06,4.37835E+06,4.82045E+06,5.27325E+06,5.73395E+06,6.19988E+06,6.66853E+06,7.13764E+06,7.60521E+06,8.06944E+06,8.52877E+06,8.98183E+06,9.42739E+06,9.86432E+06,1.02917E+07,1.07089E+07,1.11155E+07,1.15111E+07,1.18956E+07,1.2269E+07,1.2631E+07,1.29818E+07,1.33215E+07,1.36502E+07,1.39679E+07,1.4275E+07,1.45715E+07,1.48577E+07,1.51339E+07,1.54002E+07,1.56205E+07,1.57802E+07,1.59258E+07,1.60651E+07,1.61994E+07,1.63327E+07,1.64625E+07,1.65882E+07,1.67118E+07,1.68343E+07,1.69599E+07,1.70894E+07,1.72236E+07,1.73575E+07,1.74848E+07,1.76041E+07,1.77168E+07,1.78244E+07,1.79282E+07,1.80283E+07,1.81268E+07,1.82248E+07,1.83206E+07,1.84126E+07,1.85018E+07,1.85894E+07,1.86742E+07,1.87541E+07,1.88303E+07,1.89046E+07,1.89777E+07,1.90487E+07,1.91166E+07,1.91817E+07,1.92448E+07,1.9306E+07,1.9365E+07,1.94212E+07,1.94754E+07,1.95286E+07,1.95811E+07,1.96342E+07,1.96883E+07,1.97413E+07,1.97935E+07,1.98451E+07,1.98969E+07,1.99494E+07,2.00035E+07,2.00595E+07,2.01166E+07,2.01743E+07,2.02336E+07,2.02942E+07,2.03549E+07,2.0415E+07,2.04747E+07,2.05347E+07,2.05952E+07,2.06553E+07,2.07139E+07,2.07713E+07,2.08278E+07,2.08834E+07,2.09381E+07,2.09911E+07,2.10426E+07,2.1095E+07,2.11482E+07,2.12022E+07,2.12559E+07,2.13092E+07,2.1363E+07,2.14168E+07,2.14707E+07,2.15245E+07,2.15779E+07,2.16311E+07,2.16841E+07,2.17362E+07,2.17874E+07,2.18385E+07,2.18907E+07,2.19436E+07,2.19966E+07,2.20494E+07,2.21025E+07,2.21567E+07,2.22115E+07,2.22662E+07,2.23209E+07,2.23758E+07,2.24309E+07,2.24861E+07,2.25416E+07,2.25975E+07,2.26536E+07,2.27106E+07,2.27681E+07,2.2826E+07,2.28842E+07,2.29427E+07,2.3002E+07,2.3062E+07,2.31227E+07,2.31838E+07,2.32454E+07,2.33079E+07,2.3371E+07,2.34347E+07,2.34989E+07,2.35631E+07,2.36277E+07,2.36935E+07,2.37605E+07,2.38281E+07,2.38961E+07,2.39652E+07,2.40361E+07,2.41084E+07,2.41818E+07,2.42562E+07,2.43321E+07,2.44097E+07,2.4489E+07,2.45699E+07,2.46524E+07,2.47366E+07,2.48224E+07,2.49098E+07,2.4999E+07,2.50894E+07,2.51809E+07,2.52738E+07,2.53686E+07,2.54658E+07,2.55653E+07,2.56669E+07,2.57706E+07,2.58763E+07,2.5984E+07,2.6094E+07,2.62061E+07,2.63205E+07,2.64376E+07,2.65571E+07,2.66791E+07,2.68039E+07,2.69315E+07,2.7062E+07,2.71954E+07,2.73318E+07,2.7471E+07,2.76134E+07,2.77588E+07,2.7907E+07,2.80579E+07,2.8212E+07,2.83693E+07,2.85299E+07,2.8694E+07,2.88614E+07,2.90331E+07,2.92088E+07,2.93875E+07,2.95707E+07,2.97596E+07,2.99534E+07,3.01515E+07,3.03539E+07,3.05613E+07,3.07738E+07,3.099E+07,3.12107E+07,3.14378E+07,3.16704E+07,3.19068E+07,3.21473E+07,3.23944E+07,3.26514E+07,3.29167E+07,3.31857E+07,3.34599E+07,3.37411E+07,3.40261E+07,3.43131E+07,3.4599E+07,3.48863E+07,3.51837E+07,3.54889E+07,3.58003E+07,3.61177E+07,3.64428E+07,3.67735E+07,3.71074E+07,3.74427E+07,3.7779E+07,3.81154E+07,3.84537E+07,3.87962E+07,3.91428E+07,3.94889E+07,3.9832E+07,4.01746E+07,4.05193E+07,4.08643E+07,4.12077E+07,4.1551E+07,4.18982E+07,4.22504E+07,4.26049E+07,4.29594E+07,4.33175E+07,4.36789E+07,4.40416E+07,4.44066E+07,4.47783E+07,4.51573E+07,4.55426E+07,4.59318E+07,4.6325E+07,4.67179E+07,4.71091E+07,4.74977E+07,4.78856E+07,4.82767E+07,4.86722E+07,4.90693E+07,4.94715E+07,4.98819E+07,5.02952E+07,5.07103E+07,5.11299E+07,5.1552E+07,5.19772E+07,5.24067E+07,5.28389E+07,5.32744E+07,5.37126E+07,5.4153E+07,5.4601E+07,5.5054E+07,5.55112E+07,5.59717E+07,5.64379E+07,5.69098E+07,5.73853E+07,5.78604E+07,5.83358E+07,5.88145E+07,5.93033E+07,5.97995E+07,6.02986E+07,6.07988E+07,6.13032E+07,6.1811E+07,6.23192E+07,6.28231E+07,6.33218E+07,6.38226E+07,6.43287E+07,6.4834E+07,6.53368E+07,6.58383E+07,6.63336E+07,6.68203E+07,6.7304E+07,6.77854E+07,6.82603E+07,6.87294E+07,6.91951E+07,6.96657E+07,7.01412E+07,7.06126E+07,7.1077E+07,7.15412E+07,7.20094E+07,7.2477E+07,7.29425E+07,7.34091E+07,7.38756E+07,7.43441E+07,7.48144E+07,7.52849E+07,7.57539E+07,7.62204E+07,7.66849E+07,7.71472E+07,7.7606E+07,7.80575E+07,7.85043E+07,7.89544E+07,7.94012E+07,7.9835E+07,8.02504E+07,8.06547E+07,8.10561E+07,8.14553E+07,8.1845E+07,8.22271E+07,8.2607E+07,8.2987E+07,8.33624E+07,8.37345E+07,8.41007E+07,8.44634E+07,8.48229E+07,8.51775E+07,8.55338E+07,8.58863E+07,8.62359E+07,8.65896E+07,8.694E+07,8.72841E+07,8.76288E+07,8.79728E+07,8.83164E+07,8.86597E+07,8.8998E+07,8.9332E+07,8.96631E+07,8.9989E+07,9.03113E+07,9.06345E+07,9.09568E+07,9.12786E+07,9.16012E+07,9.19258E+07,9.22475E+07,9.25629E+07,9.28705E+07,9.31771E+07,9.34818E+07,9.37808E+07,9.40744E+07,9.43636E+07,9.46509E+07,9.4936E+07,9.52166E+07,9.54944E+07,9.57731E+07,9.60524E+07,9.63325E+07,9.66106E+07,9.68887E+07,9.71684E+07,9.74465E+07,9.77228E+07,9.79966E+07,9.82706E+07,9.85455E+07,9.88201E+07,9.90943E+07,9.93732E+07,9.96573E+07,9.9944E+07,1.00232E+08,1.00519E+08,1.00805E+08,1.01088E+08,1.01368E+08,1.01641E+08,1.01906E+08,1.02165E+08,1.0242E+08,1.02675E+08,1.02929E+08,1.03181E+08,1.03428E+08,1.03672E+08,1.0392E+08,1.04168E+08,1.04412E+08,1.04653E+08,1.04886E+08,1.05113E+08,1.05339E+08,1.05556E+08,1.05769E+08,1.05982E+08,1.06196E+08,1.06414E+08,1.06636E+08,1.06858E+08,1.0708E+08,1.07302E+08,1.07524E+08,1.07746E+08,1.0797E+08,1.08189E+08,1.08407E+08,1.08622E+08,1.08834E+08,1.09045E+08,1.09251E+08,1.09451E+08,1.09648E+08,1.09846E+08,1.10047E+08,1.10251E+08,1.10456E+08,1.1066E+08,1.10864E+08,1.11069E+08,1.11274E+08,1.11477E+08,1.11678E+08,1.11877E+08,1.12078E+08,1.12283E+08,1.12488E+08,1.12692E+08,1.12896E+08,1.131E+08,1.13304E+08,1.13508E+08,1.13708E+08,1.13909E+08,1.14114E+08,1.14318E+08,1.14521E+08,1.14724E+08,1.14928E+08,1.15133E+08,1.15337E+08,1.1554E+08,1.15741E+08,1.15944E+08,1.16147E+08,1.16348E+08,1.16547E+08,1.16743E+08,1.16936E+08,1.17129E+08,1.17323E+08,1.17517E+08,1.17712E+08,1.1791E+08,1.18108E+08,1.18304E+08,1.185E+08,1.18698E+08,1.18898E+08,1.19098E+08,1.19297E+08,1.1949E+08,1.19685E+08,1.19881E+08,1.20078E+08,1.20276E+08,1.20468E+08,1.20655E+08,1.2085E+08,1.21044E+08,1.21239E+08,1.21435E+08,1.21632E+08,1.21834E+08,1.22038E+08,1.22234E+08,1.22431E+08,1.22629E+08,1.22827E+08,1.23026E+08,1.23227E+08,1.23432E+08,1.2364E+08,1.23847E+08,1.24053E+08,1.2426E+08,1.24469E+08,1.24676E+08,1.24877E+08,1.25077E+08,1.25278E+08,1.2548E+08,1.25683E+08,1.25887E+08,1.26094E+08,1.26305E+08,1.26519E+08,1.26734E+08,1.2695E+08,1.27167E+08,1.27385E+08,1.27601E+08,1.2781E+08,1.28017E+08,1.28229E+08,1.28444E+08,1.2866E+08,1.28877E+08,1.29099E+08,1.29327E+08,1.29557E+08,1.29785E+08,1.30014E+08,1.30242E+08,1.30472E+08,1.30703E+08,1.30934E+08,1.31167E+08,1.31403E+08,1.31644E+08,1.3189E+08,1.32142E+08,1.32403E+08,1.32678E+08,1.32968E+08,1.33268E+08,1.33579E+08,1.33902E+08,1.34236E+08,1.34582E+08,1.34937E+08,1.35295E+08,1.35663E+08,1.36045E+08,1.36439E+08,1.36841E+08,1.37254E+08,1.37687E+08,1.38141E+08,1.3861E+08,1.39088E+08,1.39573E+08,1.40063E+08,1.4056E+08,1.41065E+08,1.41578E+08,1.42093E+08,1.42613E+08,1.43139E+08,1.43664E+08,1.44192E+08,1.44724E+08,1.45255E+08,1.45783E+08,1.46314E+08,1.46844E+08,1.47368E+08,1.47888E+08,1.48409E+08,1.48933E+08,1.49463E+08,1.49993E+08,1.50515E+08,1.51034E+08,1.51544E+08,1.52043E+08,1.52547E+08,1.53053E+08,1.53559E+08,1.54068E+08,1.54575E+08,1.55087E+08,1.5561E+08,1.56127E+08,1.5664E+08,1.57148E+08,1.5765E+08,1.58151E+08,1.58648E+08,1.59139E+08,1.59627E+08,1.60119E+08,1.60609E+08,1.61095E+08,1.61578E+08,1.62061E+08,1.62548E+08,1.63038E+08,1.63521E+08,1.64005E+08,1.64492E+08,1.64979E+08,1.65466E+08,1.65955E+08,1.6645E+08,1.66949E+08,1.67454E+08,1.67965E+08,1.6848E+08,1.68997E+08,1.69518E+08,1.70039E+08,1.70555E+08,1.71074E+08,1.71597E+08,1.72126E+08,1.72659E+08,1.73194E+08,1.73729E+08,1.74268E+08,1.74807E+08,1.7535E+08,1.75896E+08,1.76445E+08,1.76996E+08,1.77547E+08,1.78101E+08,1.7866E+08,1.79219E+08,1.79778E+08,1.80334E+08,1.8089E+08,1.81452E+08,1.82017E+08,1.82581E+08,1.83147E+08,1.83712E+08,1.84283E+08,1.84857E+08,1.85427E+08,1.85991E+08,1.86547E+08,1.871E+08,1.87653E+08,1.88203E+08,1.88749E+08,1.89294E+08,1.89838E+08,1.90382E+08,1.90923E+08,1.91461E+08,1.91995E+08,1.92527E+08,1.93056E+08,1.93574E+08,1.94077E+08,1.94578E+08,1.95076E+08,1.95575E+08,1.96073E+08,1.96568E+08,1.97068E+08,1.97576E+08,1.98082E+08,1.98593E+08,1.99099E+08,1.996E+08,2.00101E+08,2.00604E+08,2.0111E+08,2.01617E+08,2.02121E+08,2.0263E+08,2.03142E+08,2.03654E+08,2.04167E+08,2.04684E+08,2.05207E+08,2.05731E+08,2.06257E+08,2.06786E+08,2.07319E+08,2.07858E+08,2.08396E+08,2.08924E+08,2.09455E+08,2.09981E+08,2.10497E+08,2.11017E+08,2.11544E+08,2.12079E+08,2.12617E+08,2.13158E+08,2.13717E+08,2.14295E+08,2.14882E+08,2.1547E+08,2.16069E+08,2.1668E+08,2.17294E+08,2.17909E+08,2.18531E+08,2.19175E+08,2.19838E+08,2.20527E+08,2.21174E+08,2.21819E+08,2.22476E+08,2.23135E+08,2.23806E+08,2.24535E+08,2.2526E+08,2.25968E+08,2.26656E+08,2.27321E+08,2.27983E+08,2.28636E+08,2.29319E+08,2.29985E+08,2.30635E+08,2.31269E+08,2.31893E+08,2.3251E+08,2.33122E+08,2.3372E+08,2.34294E+08,2.34858E+08,2.35417E+08,2.35967E+08,2.36507E+08,2.37041E+08,2.37566E+08,2.38083E+08,2.3859E+08,2.39092E+08,2.39586E+08,2.40073E+08,2.4055E+08,2.41017E+08,2.41477E+08,2.41931E+08,2.42381E+08,2.42821E+08,2.43242E+08,2.43659E+08,2.44072E+08,2.44478E+08,2.4488E+08,2.45277E+08,2.45673E+08,2.46071E+08,2.46461E+08,2.46839E+08,2.47211E+08,2.47576E+08,2.47934E+08,2.48285E+08,2.48626E+08,2.48959E+08,2.49285E+08,2.49606E+08,2.49924E+08,2.50238E+08,2.50547E+08,2.5085E+08,2.51153E+08,2.51452E+08,2.51748E+08,2.5204E+08,2.5233E+08,2.5262E+08,2.52907E+08,2.53189E+08,2.53469E+08,2.5375E+08,2.54031E+08,2.54311E+08,2.54589E+08,2.54864E+08,2.55135E+08,2.55405E+08,2.55673E+08,2.55941E+08,2.56208E+08,2.56474E+08,2.56738E+08,2.57003E+08,2.57267E+08,2.57531E+08,2.57797E+08,2.58064E+08,2.58334E+08,2.58605E+08,2.58873E+08,2.59138E+08,2.59402E+08,2.59668E+08,2.59937E+08,2.6021E+08,2.60486E+08,2.6077E+08,2.61061E+08,2.6136E+08,2.61663E+08,2.61968E+08,2.62277E+08,2.62592E+08,2.62912E+08,2.63235E+08,2.63563E+08,2.63896E+08,2.64234E+08,2.64576E+08,2.64922E+08,2.65273E+08,2.65629E+08,2.65992E+08,2.66361E+08,2.66734E+08,2.67113E+08,2.67498E+08,2.67887E+08,2.68281E+08,2.68681E+08,2.69086E+08,2.69497E+08,2.69914E+08,2.70338E+08,2.70765E+08,2.71198E+08,2.71636E+08,2.7208E+08,2.72528E+08,2.7298E+08,2.73436E+08,2.73895E+08,2.74364E+08,2.74833E+08,2.75307E+08,2.75783E+08,2.76257E+08,2.7673E+08,2.77208E+08,2.77689E+08,2.78169E+08,2.78648E+08,2.79127E+08,2.79608E+08,2.80092E+08,2.80574E+08,2.81052E+08,2.81527E+08,2.82002E+08,2.82474E+08,2.82946E+08,2.83418E+08,2.83891E+08,2.84373E+08,2.84867E+08,2.85335E+08,2.85806E+08,2.86277E+08,2.86746E+08,2.87215E+08,2.87684E+08,2.88153E+08,2.88621E+08,2.89093E+08,2.89562E+08,2.90034E+08,2.90509E+08,2.90983E+08,2.91456E+08,2.91928E+08,2.92401E+08,2.92872E+08,2.9334E+08,2.93812E+08,2.94299E+08,2.94777E+08,2.95247E+08,2.95716E+08,2.96189E+08,2.96664E+08,2.97136E+08,2.97605E+08,2.98072E+08,2.98537E+08,2.99E+08,2.99461E+08,2.99919E+08,3.00377E+08,3.00832E+08,3.01284E+08,3.01734E+08,3.02181E+08,3.02626E+08,3.03067E+08,3.03506E+08,3.03941E+08,3.04374E+08,3.04806E+08,3.05235E+08,3.05661E+08,3.06085E+08,3.06513E+08,3.06931E+08,3.07346E+08,3.0776E+08,3.08171E+08,3.08581E+08,3.08987E+08,3.09399E+08,3.09802E+08,3.10204E+08,3.10604E+08,3.11004E+08,3.11403E+08,3.11801E+08,3.12197E+08,3.12589E+08,3.1298E+08,3.13369E+08,3.13757E+08,3.14145E+08,3.14531E+08,3.14916E+08,3.153E+08,3.15691E+08,3.16092E+08,3.16471E+08,3.16852E+08,3.17233E+08,3.17616E+08,3.17999E+08,3.18381E+08,3.18767E+08,3.19159E+08,3.19539E+08,3.1992E+08,3.20304E+08,3.20689E+08,3.21076E+08,3.21483E+08,3.21897E+08,3.22284E+08,3.22677E+08,3.23067E+08,3.23459E+08,3.23871E+08,3.24292E+08,3.2468E+08,3.25072E+08,3.25466E+08,3.25864E+08,3.26263E+08,3.26662E+08,3.27083E+08,3.27488E+08,3.27896E+08,3.28305E+08,3.28716E+08,3.29128E+08,3.2954E+08,3.29954E+08,3.30368E+08,3.30783E+08,3.31199E+08,3.31616E+08,3.32034E+08,3.32452E+08,3.32871E+08,3.33291E+08,3.33711E+08,3.34132E+08,3.34554E+08,3.34975E+08,3.35398E+08,3.3582E+08,3.36243E+08,3.36667E+08,3.3709E+08,3.37514E+08
"Cost of Hospitalizations Cumulative[Ohio]",0,0,0,0,0,0,0,0,0,0,0,0,0,0,0,0,0,0,0,0,0,0.323989,4.42139,17.076,43.0907,87.6228,156.511,256.647,396.384,586.172,839.72,1175.26,1617.03,2196.83,2955.76,3946.06,5231.79,6889.65,9012.38,11711.1,15121.3,19417.2,24837,31692.8,40374.2,51347.9,65163.3,82478,104097,131013,164464,206039,257828,322562,403820,506194,635399,798284,1.00305E+06,1.2598E+06,1.5816E+06,1.98552E+06,2.49376E+06,3.13453E+06,3.94326E+06,4.96411E+06,6.25074E+06,7.86664E+06,9.8857E+06,1.23909E+07,1.54734E+07,1.92333E+07,2.37809E+07,2.92355E+07,3.57173E+07,4.33323E+07,5.21589E+07,6.21757E+07,7.32144E+07,8.50645E+07,9.7532E+07,1.10453E+08,1.23693E+08,1.37147E+08,1.50733E+08,1.64387E+08,1.78059E+08,1.91709E+08,2.05309E+08,2.1884E+08,2.32285E+08,2.45635E+08,2.5888E+08,2.72017E+08,2.8504E+08,2.9795E+08,3.10749E+08,3.23439E+08,3.36023E+08,3.48497E+08,3.60861E+08,3.73113E+08,3.85254E+08,3.97283E+08,4.09199E+08,4.20997E+08,4.32676E+08,4.44234E+08,4.55667E+08,4.66971E+08,4.78143E+08,4.86854E+08,4.93504E+08,5.00177E+08,5.06776E+08,5.13287E+08,5.19753E+08,5.26194E+08,5.32587E+08,5.38921E+08,5.45235E+08,5.51538E+08,5.57856E+08,5.64283E+08,5.70746E+08,5.77112E+08,5.83304E+08,5.89309E+08,5.95145E+08,6.00826E+08,6.06307E+08,6.1155E+08,6.16632E+08,6.21644E+08,6.26624E+08,6.31532E+08,6.36319E+08,6.41007E+08,6.45628E+08,6.50156E+08,6.54573E+08,6.58878E+08,6.63065E+08,6.67146E+08,6.71111E+08,6.74953E+08,6.78681E+08,6.82283E+08,6.8575E+08,6.89099E+08,6.92336E+08,6.95464E+08,6.98504E+08,7.01468E+08,7.0436E+08,7.07185E+08,7.09952E+08,7.12664E+08,7.15316E+08,7.17899E+08,7.20413E+08,7.2287E+08,7.25272E+08,7.27609E+08,7.29874E+08,7.32081E+08,7.34244E+08,7.36361E+08,7.38435E+08,7.40467E+08,7.42459E+08,7.44418E+08,7.46336E+08,7.48217E+08,7.50068E+08,7.51883E+08,7.5366E+08,7.55396E+08,7.57086E+08,7.58727E+08,7.6032E+08,7.61874E+08,7.6339E+08,7.64862E+08,7.66296E+08,7.67694E+08,7.69061E+08,7.70402E+08,7.71714E+08,7.72991E+08,7.74236E+08,7.75449E+08,7.76638E+08,7.77803E+08,7.78939E+08,7.80049E+08,7.81146E+08,7.82233E+08,7.8331E+08,7.84375E+08,7.85427E+08,7.86474E+08,7.87512E+08,7.88535E+08,7.89542E+08,7.9053E+08,7.91502E+08,7.92458E+08,7.934E+08,7.94331E+08,7.95252E+08,7.96162E+08,7.97067E+08,7.97967E+08,7.98865E+08,7.99764E+08,8.00669E+08,8.01581E+08,8.02499E+08,8.03425E+08,8.04361E+08,8.05304E+08,8.06252E+08,8.07213E+08,8.08197E+08,8.09205E+08,8.10234E+08,8.11279E+08,8.12346E+08,8.13442E+08,8.14561E+08,8.15701E+08,8.16865E+08,8.18049E+08,8.19252E+08,8.20485E+08,8.21745E+08,8.23035E+08,8.2436E+08,8.25722E+08,8.27131E+08,8.28588E+08,8.30082E+08,8.31618E+08,8.33207E+08,8.34839E+08,8.36503E+08,8.38203E+08,8.39939E+08,8.41713E+08,8.43517E+08,8.45336E+08,8.47179E+08,8.49062E+08,8.50972E+08,8.52909E+08,8.54876E+08,8.56872E+08,8.58897E+08,8.60936E+08,8.62986E+08,8.6505E+08,8.67118E+08,8.69176E+08,8.71219E+08,8.73251E+08,8.75279E+08,8.77296E+08,8.79307E+08,8.8131E+08,8.83303E+08,8.85286E+08,8.87264E+08,8.8923E+08,8.91174E+08,8.93093E+08,8.94992E+08,8.96871E+08,8.9873E+08,9.00574E+08,9.02405E+08,9.04231E+08,9.06047E+08,9.07868E+08,9.09687E+08,9.11492E+08,9.13286E+08,9.1508E+08,9.16875E+08,9.18674E+08,9.20468E+08,9.22252E+08,9.24033E+08,9.25809E+08,9.27573E+08,9.29324E+08,9.31058E+08,9.32776E+08,9.34485E+08,9.36172E+08,9.3784E+08,9.39516E+08,9.41206E+08,9.42911E+08,9.44639E+08,9.46389E+08,9.48161E+08,9.49953E+08,9.51756E+08,9.53568E+08,9.55398E+08,9.57234E+08,9.59074E+08,9.60915E+08,9.62762E+08,9.64623E+08,9.66502E+08,9.68397E+08,9.70311E+08,9.72248E+08,9.74212E+08,9.76204E+08,9.78218E+08,9.8026E+08,9.82326E+08,9.84413E+08,9.86525E+08,9.88662E+08,9.90833E+08,9.93045E+08,9.95291E+08,9.97576E+08,9.99904E+08,1.00228E+09,1.00469E+09,1.00716E+09,1.00968E+09,1.01226E+09,1.01491E+09,1.01763E+09,1.02041E+09,1.02327E+09,1.0262E+09,1.02921E+09,1.03228E+09,1.03543E+09,1.03864E+09,1.04192E+09,1.04527E+09,1.0487E+09,1.0522E+09,1.05578E+09,1.05944E+09,1.06316E+09,1.06696E+09,1.07084E+09,1.0748E+09,1.07885E+09,1.08299E+09,1.08723E+09,1.09159E+09,1.09608E+09,1.1007E+09,1.10547E+09,1.11038E+09,1.11542E+09,1.1206E+09,1.12591E+09,1.13131E+09,1.13682E+09,1.14243E+09,1.14812E+09,1.1539E+09,1.15975E+09,1.16569E+09,1.17171E+09,1.17777E+09,1.18385E+09,1.18994E+09,1.19595E+09,1.20189E+09,1.20777E+09,1.21362E+09,1.2194E+09,1.22513E+09,1.23089E+09,1.23673E+09,1.24264E+09,1.24856E+09,1.25451E+09,1.26051E+09,1.26655E+09,1.27262E+09,1.27868E+09,1.28476E+09,1.29083E+09,1.29688E+09,1.30292E+09,1.30898E+09,1.31508E+09,1.32119E+09,1.32729E+09,1.33336E+09,1.33942E+09,1.34548E+09,1.35153E+09,1.35752E+09,1.3634E+09,1.36912E+09,1.37476E+09,1.38034E+09,1.38589E+09,1.39144E+09,1.39698E+09,1.4025E+09,1.40803E+09,1.41353E+09,1.419E+09,1.42444E+09,1.42987E+09,1.43533E+09,1.44086E+09,1.44647E+09,1.45211E+09,1.45775E+09,1.46335E+09,1.46892E+09,1.47443E+09,1.4799E+09,1.48535E+09,1.49079E+09,1.49622E+09,1.50162E+09,1.507E+09,1.51237E+09,1.51773E+09,1.52308E+09,1.5284E+09,1.53369E+09,1.53897E+09,1.54426E+09,1.54951E+09,1.55471E+09,1.55987E+09,1.56499E+09,1.57009E+09,1.57512E+09,1.58008E+09,1.58495E+09,1.58973E+09,1.59442E+09,1.59902E+09,1.60355E+09,1.60803E+09,1.61246E+09,1.61681E+09,1.62107E+09,1.62527E+09,1.62945E+09,1.63361E+09,1.63765E+09,1.64153E+09,1.64528E+09,1.649E+09,1.65271E+09,1.65633E+09,1.65989E+09,1.66349E+09,1.66721E+09,1.67099E+09,1.67482E+09,1.67863E+09,1.6824E+09,1.68613E+09,1.68981E+09,1.69344E+09,1.69701E+09,1.70047E+09,1.70388E+09,1.70724E+09,1.71057E+09,1.71386E+09,1.71712E+09,1.72035E+09,1.72355E+09,1.72671E+09,1.72983E+09,1.73293E+09,1.73599E+09,1.73903E+09,1.74202E+09,1.74499E+09,1.74794E+09,1.75086E+09,1.75377E+09,1.75664E+09,1.75949E+09,1.76232E+09,1.76512E+09,1.7679E+09,1.77065E+09,1.77339E+09,1.7761E+09,1.7788E+09,1.78148E+09,1.78414E+09,1.78677E+09,1.78937E+09,1.79154E+09,1.79307E+09,1.79511E+09,1.79782E+09,1.80049E+09,1.8031E+09,1.80564E+09,1.80813E+09,1.81062E+09,1.81314E+09,1.81563E+09,1.8181E+09,1.82055E+09,1.82299E+09,1.82541E+09,1.82782E+09,1.83023E+09,1.83263E+09,1.83504E+09,1.83744E+09,1.83984E+09,1.84225E+09,1.84468E+09,1.84712E+09,1.84956E+09,1.85201E+09,1.85449E+09,1.85698E+09,1.85949E+09,1.86202E+09,1.86456E+09,1.86713E+09,1.86972E+09,1.87232E+09,1.87493E+09,1.87755E+09,1.88019E+09,1.88283E+09,1.88544E+09,1.88803E+09,1.89063E+09,1.89326E+09,1.8959E+09,1.89856E+09,1.90122E+09,1.90389E+09,1.90656E+09,1.90924E+09,1.91193E+09,1.91463E+09,1.91734E+09,1.92003E+09,1.92273E+09,1.92542E+09,1.9281E+09,1.93078E+09,1.93345E+09,1.93605E+09,1.9386E+09,1.94117E+09,1.94376E+09,1.94633E+09,1.94888E+09,1.95143E+09,1.95401E+09,1.95659E+09,1.9591E+09,1.96154E+09,1.96395E+09,1.96634E+09,1.9687E+09,1.97105E+09,1.97337E+09,1.97568E+09,1.97796E+09,1.98021E+09,1.98243E+09,1.98463E+09,1.98678E+09,1.9889E+09,1.99097E+09,1.99301E+09,1.99503E+09,1.99702E+09,1.99899E+09,2.00094E+09,2.00288E+09,2.00479E+09,2.00668E+09,2.00855E+09,2.0104E+09,2.01222E+09,2.014E+09,2.01575E+09,2.01749E+09,2.01922E+09,2.02096E+09,2.0227E+09,2.02444E+09,2.02619E+09,2.02794E+09,2.02967E+09,2.0314E+09,2.03312E+09,2.03482E+09,2.03653E+09,2.03824E+09,2.03995E+09,2.04167E+09,2.04338E+09,2.04511E+09,2.04686E+09,2.04863E+09,2.05043E+09,2.05227E+09,2.05417E+09,2.05614E+09,2.0582E+09,2.06036E+09,2.06261E+09,2.06498E+09,2.0675E+09,2.07018E+09,2.07304E+09,2.07609E+09,2.07936E+09,2.08284E+09,2.08658E+09,2.09062E+09,2.09494E+09,2.09957E+09,2.10449E+09,2.10971E+09,2.11525E+09,2.12113E+09,2.12739E+09,2.13402E+09,2.14105E+09,2.14845E+09,2.15623E+09,2.16437E+09,2.17287E+09,2.18176E+09,2.19095E+09,2.20043E+09,2.21017E+09,2.22015E+09,2.23038E+09,2.24085E+09,2.25151E+09,2.26238E+09,2.27344E+09,2.28469E+09,2.29613E+09,2.30767E+09,2.31915E+09,2.33069E+09,2.34245E+09,2.35446E+09,2.36666E+09,2.37898E+09,2.39147E+09,2.40427E+09,2.4173E+09,2.43038E+09,2.44351E+09,2.45671E+09,2.47E+09,2.48337E+09,2.49684E+09,2.51041E+09,2.52411E+09,2.53784E+09,2.55159E+09,2.56542E+09,2.57928E+09,2.59318E+09,2.60709E+09,2.621E+09,2.63497E+09,2.64897E+09,2.66302E+09,2.67717E+09,2.69138E+09,2.70565E+09,2.71998E+09,2.7344E+09,2.74893E+09,2.76351E+09,2.77814E+09,2.79283E+09,2.8076E+09,2.82248E+09,2.83741E+09,2.85239E+09,2.86748E+09,2.88268E+09,2.89799E+09,2.91336E+09,2.92875E+09,2.94424E+09,2.95982E+09,2.97546E+09,2.99115E+09,3.00691E+09,3.02273E+09,3.03856E+09,3.0544E+09,3.07028E+09,3.08624E+09,3.10224E+09,3.11825E+09,3.13435E+09,3.15053E+09,3.1668E+09,3.18313E+09,3.19955E+09,3.21605E+09,3.23263E+09,3.24926E+09,3.26595E+09,3.28271E+09,3.29952E+09,3.31638E+09,3.33327E+09,3.35018E+09,3.36716E+09,3.38418E+09,3.4012E+09,3.41817E+09,3.43508E+09,3.45194E+09,3.46872E+09,3.4854E+09,3.5018E+09,3.51781E+09,3.53361E+09,3.5493E+09,3.56487E+09,3.58038E+09,3.59583E+09,3.61136E+09,3.62708E+09,3.64279E+09,3.65833E+09,3.6737E+09,3.68887E+09,3.70385E+09,3.71866E+09,3.73329E+09,3.7478E+09,3.7622E+09,3.7765E+09,3.79071E+09,3.80485E+09,3.81895E+09,3.83304E+09,3.84709E+09,3.86112E+09,3.87512E+09,3.8891E+09,3.90304E+09,3.91694E+09,3.93076E+09,3.94437E+09,3.95775E+09,3.97098E+09,3.98418E+09,3.9973E+09,4.01029E+09,4.02315E+09,4.03587E+09,4.04852E+09,4.06135E+09,4.07496E+09,4.0873E+09,4.09969E+09,4.11217E+09,4.12473E+09,4.13728E+09,4.14973E+09,4.16204E+09,4.17418E+09,4.18613E+09,4.19791E+09,4.21008E+09,4.22383E+09,4.23678E+09,4.24753E+09,4.25817E+09,4.26879E+09,4.2793E+09,4.28969E+09,4.29988E+09,4.30999E+09,4.32001E+09,4.32981E+09,4.33935E+09,4.34889E+09,4.35799E+09,4.36692E+09,4.37572E+09,4.38438E+09,4.39289E+09,4.40122E+09,4.40925E+09,4.41706E+09,4.42473E+09,4.43226E+09,4.43965E+09,4.44689E+09,4.45397E+09,4.461E+09,4.46799E+09,4.47489E+09,4.48165E+09,4.48825E+09,4.49472E+09,4.50117E+09,4.50761E+09,4.51405E+09,4.52045E+09,4.52681E+09,4.53313E+09,4.53938E+09,4.54552E+09,4.55155E+09,4.55752E+09,4.56345E+09,4.56934E+09,4.57518E+09,4.58099E+09,4.5868E+09,4.59256E+09,4.59827E+09,4.60393E+09,4.60953E+09,4.61508E+09,4.62055E+09,4.62591E+09,4.63118E+09,4.63638E+09,4.64153E+09,4.64664E+09,4.65172E+09,4.65677E+09,4.66184E+09,4.66692E+09,4.672E+09,4.67708E+09,4.68216E+09,4.68724E+09,4.69231E+09,4.69736E+09,4.70241E+09,4.70745E+09,4.71249E+09,4.71749E+09,4.72247E+09,4.72742E+09,4.73236E+09,4.73729E+09,4.7422E+09,4.74709E+09,4.75198E+09,4.75688E+09,4.76176E+09,4.76664E+09,4.7715E+09,4.77637E+09,4.78124E+09,4.78612E+09,4.791E+09,4.79588E+09,4.80078E+09,4.80569E+09,4.81059E+09,4.8155E+09,4.82042E+09,4.82532E+09,4.83017E+09,4.83499E+09,4.83982E+09,4.84473E+09,4.84955E+09,4.85441E+09,4.85937E+09,4.86446E+09,4.86967E+09,4.87504E+09,4.88061E+09,4.88612E+09,4.89171E+09,4.89734E+09,4.90301E+09,4.9087E+09,4.91453E+09,4.92059E+09,4.92638E+09,4.93226E+09,4.93822E+09,4.94429E+09,4.95046E+09,4.9571E+09,4.96414E+09,4.9705E+09,4.97699E+09,4.98359E+09,4.9903E+09,4.99712E+09,5.00459E+09,5.01257E+09,5.01962E+09,5.02684E+09,5.03419E+09,5.04168E+09,5.04927E+09,5.05744E+09,5.06607E+09,5.0737E+09,5.08148E+09,5.08932E+09,5.09722E+09,5.10523E+09,5.11398E+09,5.12323E+09,5.13149E+09,5.13999E+09,5.14872E+09,5.15762E+09,5.1666E+09,5.17624E+09,5.18634E+09,5.19526E+09,5.20446E+09,5.21384E+09,5.2234E+09,5.2332E+09,5.24393E+09,5.25522E+09,5.26571E+09,5.27648E+09,5.28739E+09,5.29843E+09,5.30965E+09,5.3217E+09,5.33424E+09,5.34593E+09,5.35795E+09,5.37021E+09,5.38266E+09,5.39528E+09,5.40878E+09,5.42269E+09,5.43567E+09,5.44896E+09,5.46248E+09,5.47631E+09,5.49037E+09,5.5053E+09,5.52058E+09,5.53485E+09,5.54943E+09,5.56418E+09,5.57903E+09,5.59397E+09,5.60992E+09,5.62613E+09,5.64084E+09,5.6558E+09,5.67077E+09,5.68573E+09,5.70069E+09,5.71671E+09,5.73289E+09,5.74735E+09,5.76197E+09,5.7766E+09,5.79114E+09,5.80551E+09,5.82098E+09,5.83659E+09,5.85014E+09,5.86382E+09,5.8774E+09,5.89088E+09,5.90426E+09,5.91841E+09,5.93268E+09,5.94518E+09,5.95769E+09,5.97005E+09,5.98223E+09,5.99422E+09,6.00685E+09,6.01961E+09,6.03073E+09,6.04183E+09,6.05277E+09,6.06354E+09,6.07413E+09,6.08524E+09,6.0965E+09,6.1063E+09,6.11606E+09,6.12568E+09,6.13516E+09,6.14449E+09,6.15432E+09,6.16431E+09,6.17302E+09,6.1817E+09,6.1903E+09,6.1988E+09,6.20718E+09,6.21609E+09,6.22522E+09,6.2331E+09,6.24096E+09,6.24872E+09,6.2564E+09,6.26404E+09,6.27215E+09,6.28051E+09,6.2879E+09,6.29534E+09,6.30281E+09,6.3103E+09,6.31775E+09,6.32561E+09,6.33376E+09,6.34108E+09,6.34849E+09,6.35596E+09,6.36348E+09,6.37104E+09,6.37889E+09,6.38698E+09,6.39493E+09,6.40297E+09,6.4111E+09,6.41932E+09,6.42764E+09,6.43607E+09,6.44461E+09,6.45326E+09,6.46203E+09,6.47092E+09,6.47994E+09,6.48907E+09,6.49832E+09,6.50769E+09,6.51717E+09,6.52676E+09,6.53646E+09,6.54625E+09,6.55614E+09,6.56611E+09,6.57616E+09,6.58628E+09,6.59646E+09,6.6067E+09,6.61698E+09
"Cost of Hospitalizations Cumulative[Oklahoma]",0,0,0,0,0,0,0,0,0,0,0,0,0,0,0,0,0,0,0,0,0,0,0,0,0,0,1.06666,8.66006,28.7003,67.0132,129.885,224.581,359.907,546.695,798.135,1130.55,1564.33,2124.51,2841.33,3751.3,4902.17,6360.8,8213.8,10571.5,13571,17376.9,22185.1,28234.1,35822,45324.1,57221.5,72136,90860.3,114408,144126,181746,229377,289622,365615,461229,581708,734300,928243,1.17513E+06,1.4897E+06,1.89047E+06,2.40012E+06,3.0458E+06,3.85996E+06,4.87897E+06,6.14064E+06,7.68632E+06,9.56371E+06,1.18232E+07,1.45125E+07,1.76687E+07,2.13142E+07,2.5459E+07,3.0101E+07,3.52284E+07,4.08202E+07,4.68439E+07,5.32609E+07,6.00285E+07,6.71026E+07,7.44395E+07,8.06439E+07,8.62222E+07,9.22358E+07,9.83683E+07,1.0458E+08,1.10841E+08,1.17121E+08,1.23398E+08,1.29649E+08,1.35854E+08,1.41932E+08,1.47915E+08,1.53845E+08,1.59622E+08,1.65304E+08,1.70866E+08,1.76306E+08,1.81684E+08,1.86817E+08,1.91799E+08,1.96607E+08,2.01264E+08,2.05761E+08,2.10078E+08,2.14231E+08,2.18221E+08,2.22017E+08,2.25668E+08,2.29143E+08,2.32451E+08,2.35644E+08,2.38664E+08,2.41543E+08,2.44266E+08,2.46826E+08,2.49291E+08,2.51684E+08,2.53922E+08,2.56047E+08,2.58098E+08,2.60041E+08,2.61858E+08,2.6362E+08,2.65356E+08,2.67039E+08,2.687E+08,2.70287E+08,2.71775E+08,2.73181E+08,2.74501E+08,2.75754E+08,2.76957E+08,2.7811E+08,2.79214E+08,2.80287E+08,2.81322E+08,2.82315E+08,2.83273E+08,2.84196E+08,2.85074E+08,2.85924E+08,2.86761E+08,2.87593E+08,2.88409E+08,2.89208E+08,2.89984E+08,2.90739E+08,2.91477E+08,2.922E+08,2.92899E+08,2.93581E+08,2.94247E+08,2.949E+08,2.95544E+08,2.9618E+08,2.96805E+08,2.97424E+08,2.98041E+08,2.98653E+08,2.99256E+08,2.99852E+08,3.00445E+08,3.0104E+08,3.01642E+08,3.02243E+08,3.02843E+08,3.03446E+08,3.04049E+08,3.0465E+08,3.05247E+08,3.05837E+08,3.06426E+08,3.07017E+08,3.07612E+08,3.08214E+08,3.08829E+08,3.09459E+08,3.10099E+08,3.10746E+08,3.11392E+08,3.12045E+08,3.12711E+08,3.13382E+08,3.1406E+08,3.14757E+08,3.15471E+08,3.162E+08,3.1693E+08,3.17655E+08,3.18386E+08,3.19123E+08,3.19855E+08,3.20587E+08,3.21324E+08,3.22075E+08,3.22842E+08,3.2362E+08,3.24411E+08,3.25217E+08,3.26029E+08,3.26845E+08,3.27669E+08,3.28505E+08,3.29341E+08,3.30169E+08,3.30991E+08,3.31816E+08,3.32646E+08,3.33477E+08,3.34304E+08,3.35143E+08,3.35999E+08,3.36872E+08,3.37757E+08,3.38657E+08,3.39568E+08,3.40499E+08,3.41447E+08,3.42398E+08,3.43356E+08,3.44327E+08,3.45309E+08,3.463E+08,3.47295E+08,3.48298E+08,3.49316E+08,3.50352E+08,3.51398E+08,3.52456E+08,3.53521E+08,3.54588E+08,3.5566E+08,3.56746E+08,3.57849E+08,3.58966E+08,3.60094E+08,3.61235E+08,3.62391E+08,3.63551E+08,3.64709E+08,3.65861E+08,3.67007E+08,3.68151E+08,3.69295E+08,3.70449E+08,3.7162E+08,3.72807E+08,3.73999E+08,3.75195E+08,3.76393E+08,3.77595E+08,3.78806E+08,3.80026E+08,3.81254E+08,3.82496E+08,3.83765E+08,3.85072E+08,3.86426E+08,3.87827E+08,3.89239E+08,3.90658E+08,3.92078E+08,3.9349E+08,3.9489E+08,3.96267E+08,3.97627E+08,3.99014E+08,4.00438E+08,4.01895E+08,4.03379E+08,4.04873E+08,4.06341E+08,4.07764E+08,4.09135E+08,4.10455E+08,4.11728E+08,4.1296E+08,4.14153E+08,4.15336E+08,4.16528E+08,4.17732E+08,4.18954E+08,4.20196E+08,4.21454E+08,4.2274E+08,4.24053E+08,4.25388E+08,4.26749E+08,4.28134E+08,4.29546E+08,4.30987E+08,4.32449E+08,4.33931E+08,4.35424E+08,4.36933E+08,4.38485E+08,4.40056E+08,4.41628E+08,4.43205E+08,4.44795E+08,4.4642E+08,4.48075E+08,4.49712E+08,4.51358E+08,4.5304E+08,4.54761E+08,4.56527E+08,4.58324E+08,4.60145E+08,4.6204E+08,4.64007E+08,4.66043E+08,4.68119E+08,4.70223E+08,4.72367E+08,4.74568E+08,4.76815E+08,4.79105E+08,4.81433E+08,4.83805E+08,4.86206E+08,4.88644E+08,4.91123E+08,4.9364E+08,4.96199E+08,4.98804E+08,5.01475E+08,5.04237E+08,5.07101E+08,5.10066E+08,5.13152E+08,5.16349E+08,5.19611E+08,5.22946E+08,5.26371E+08,5.29919E+08,5.33612E+08,5.37414E+08,5.41318E+08,5.45355E+08,5.4952E+08,5.53802E+08,5.58178E+08,5.62613E+08,5.67116E+08,5.71713E+08,5.76435E+08,5.81281E+08,5.86251E+08,5.91345E+08,5.96583E+08,6.01953E+08,6.0745E+08,6.13074E+08,6.1882E+08,6.24691E+08,6.30696E+08,6.36791E+08,6.4298E+08,6.49274E+08,6.55645E+08,6.6207E+08,6.68545E+08,6.75065E+08,6.81649E+08,6.88303E+08,6.95021E+08,7.01767E+08,7.08509E+08,7.1523E+08,7.21873E+08,7.28419E+08,7.34864E+08,7.41113E+08,7.47192E+08,7.53168E+08,7.59029E+08,7.64742E+08,7.70493E+08,7.76503E+08,7.82158E+08,7.87627E+08,7.93013E+08,7.98223E+08,8.03537E+08,8.09032E+08,8.14646E+08,8.20294E+08,8.25878E+08,8.31346E+08,8.3671E+08,8.4199E+08,8.47187E+08,8.5232E+08,8.57427E+08,8.62503E+08,8.67526E+08,8.72528E+08,8.77495E+08,8.82411E+08,8.87245E+08,8.91934E+08,8.96448E+08,9.00884E+08,9.05285E+08,9.09641E+08,9.13974E+08,9.18466E+08,9.22668E+08,9.26774E+08,9.30864E+08,9.34887E+08,9.38848E+08,9.42867E+08,9.47048E+08,9.51149E+08,9.55291E+08,9.59443E+08,9.6357E+08,9.6767E+08,9.71736E+08,9.7575E+08,9.79725E+08,9.83667E+08,9.87579E+08,9.91468E+08,9.95316E+08,9.99125E+08,1.00291E+09,1.00668E+09,1.01044E+09,1.01418E+09,1.0179E+09,1.02162E+09,1.02533E+09,1.029E+09,1.03262E+09,1.0362E+09,1.03971E+09,1.04311E+09,1.04636E+09,1.04941E+09,1.05239E+09,1.05526E+09,1.05805E+09,1.06083E+09,1.06366E+09,1.06659E+09,1.06961E+09,1.07266E+09,1.0757E+09,1.07867E+09,1.08156E+09,1.08436E+09,1.08705E+09,1.08965E+09,1.09217E+09,1.09464E+09,1.09708E+09,1.0995E+09,1.10193E+09,1.10442E+09,1.10695E+09,1.10951E+09,1.11207E+09,1.1146E+09,1.1171E+09,1.11957E+09,1.12199E+09,1.12437E+09,1.12673E+09,1.12905E+09,1.13135E+09,1.13362E+09,1.13587E+09,1.1381E+09,1.14031E+09,1.14249E+09,1.14465E+09,1.14678E+09,1.1489E+09,1.15098E+09,1.15303E+09,1.15506E+09,1.15706E+09,1.15903E+09,1.161E+09,1.16294E+09,1.16488E+09,1.16682E+09,1.16875E+09,1.17068E+09,1.1726E+09,1.1745E+09,1.17639E+09,1.17827E+09,1.18013E+09,1.18196E+09,1.18377E+09,1.18557E+09,1.18734E+09,1.18911E+09,1.19087E+09,1.19261E+09,1.19435E+09,1.1961E+09,1.19784E+09,1.19958E+09,1.20132E+09,1.20306E+09,1.2048E+09,1.20653E+09,1.20827E+09,1.21001E+09,1.21174E+09,1.21347E+09,1.21521E+09,1.21695E+09,1.21869E+09,1.22043E+09,1.22218E+09,1.22394E+09,1.2257E+09,1.22748E+09,1.22926E+09,1.23106E+09,1.23287E+09,1.23468E+09,1.2365E+09,1.23834E+09,1.24018E+09,1.24204E+09,1.2439E+09,1.24577E+09,1.24767E+09,1.24959E+09,1.25152E+09,1.25347E+09,1.25545E+09,1.25744E+09,1.25944E+09,1.26146E+09,1.2635E+09,1.26555E+09,1.26764E+09,1.26975E+09,1.27188E+09,1.27405E+09,1.27625E+09,1.27848E+09,1.28076E+09,1.28307E+09,1.28542E+09,1.2878E+09,1.29022E+09,1.29268E+09,1.29517E+09,1.29769E+09,1.30024E+09,1.30281E+09,1.30541E+09,1.30804E+09,1.3107E+09,1.31339E+09,1.31612E+09,1.31889E+09,1.32169E+09,1.32453E+09,1.32739E+09,1.33027E+09,1.33316E+09,1.33607E+09,1.33902E+09,1.342E+09,1.34501E+09,1.34808E+09,1.35121E+09,1.35441E+09,1.3577E+09,1.36109E+09,1.3646E+09,1.36824E+09,1.372E+09,1.3759E+09,1.37992E+09,1.38409E+09,1.38839E+09,1.39284E+09,1.39745E+09,1.40221E+09,1.40715E+09,1.41228E+09,1.41759E+09,1.42306E+09,1.42871E+09,1.43454E+09,1.44057E+09,1.4468E+09,1.45322E+09,1.45983E+09,1.46662E+09,1.47359E+09,1.4807E+09,1.48793E+09,1.49527E+09,1.50269E+09,1.51017E+09,1.51771E+09,1.52531E+09,1.53294E+09,1.54062E+09,1.54831E+09,1.55601E+09,1.5637E+09,1.57139E+09,1.57905E+09,1.58669E+09,1.5943E+09,1.60187E+09,1.60941E+09,1.61689E+09,1.6243E+09,1.63163E+09,1.63886E+09,1.64598E+09,1.65301E+09,1.65994E+09,1.66672E+09,1.67338E+09,1.67991E+09,1.68633E+09,1.69261E+09,1.69872E+09,1.70464E+09,1.71038E+09,1.71594E+09,1.72133E+09,1.72657E+09,1.73166E+09,1.73662E+09,1.74145E+09,1.74616E+09,1.75073E+09,1.75518E+09,1.75954E+09,1.76381E+09,1.768E+09,1.77212E+09,1.77616E+09,1.78011E+09,1.78399E+09,1.7878E+09,1.79153E+09,1.79517E+09,1.79873E+09,1.80219E+09,1.80555E+09,1.80877E+09,1.81186E+09,1.81487E+09,1.81783E+09,1.82071E+09,1.82353E+09,1.82631E+09,1.82907E+09,1.83178E+09,1.83441E+09,1.83695E+09,1.83942E+09,1.84185E+09,1.84423E+09,1.84657E+09,1.84888E+09,1.85115E+09,1.85339E+09,1.85559E+09,1.85776E+09,1.85991E+09,1.86202E+09,1.86411E+09,1.86618E+09,1.86824E+09,1.87029E+09,1.87233E+09,1.87436E+09,1.8764E+09,1.87843E+09,1.88046E+09,1.88249E+09,1.88452E+09,1.88657E+09,1.88862E+09,1.89069E+09,1.89277E+09,1.89486E+09,1.89696E+09,1.89908E+09,1.90121E+09,1.90337E+09,1.90555E+09,1.90776E+09,1.91001E+09,1.9123E+09,1.91463E+09,1.91701E+09,1.91943E+09,1.92191E+09,1.92445E+09,1.92706E+09,1.92971E+09,1.93241E+09,1.93519E+09,1.93804E+09,1.94095E+09,1.94396E+09,1.94706E+09,1.95027E+09,1.95359E+09,1.95703E+09,1.96059E+09,1.96428E+09,1.96811E+09,1.97206E+09,1.97612E+09,1.98031E+09,1.98462E+09,1.98905E+09,1.99361E+09,1.99829E+09,2.00312E+09,2.00806E+09,2.01311E+09,2.01826E+09,2.02351E+09,2.02883E+09,2.03423E+09,2.03968E+09,2.04513E+09,2.05064E+09,2.05624E+09,2.06194E+09,2.06774E+09,2.07366E+09,2.07972E+09,2.08592E+09,2.09221E+09,2.09856E+09,2.10496E+09,2.1114E+09,2.11787E+09,2.12436E+09,2.13088E+09,2.13742E+09,2.14398E+09,2.15054E+09,2.15712E+09,2.16372E+09,2.17033E+09,2.17703E+09,2.1836E+09,2.19017E+09,2.19673E+09,2.20327E+09,2.20985E+09,2.21633E+09,2.22276E+09,2.2291E+09,2.23539E+09,2.24165E+09,2.24791E+09,2.25416E+09,2.26031E+09,2.26656E+09,2.27261E+09,2.27864E+09,2.28465E+09,2.29109E+09,2.29798E+09,2.30394E+09,2.31014E+09,2.31656E+09,2.32286E+09,2.32904E+09,2.3358E+09,2.34302E+09,2.34904E+09,2.35546E+09,2.36207E+09,2.36836E+09,2.37447E+09,2.38129E+09,2.38879E+09,2.39479E+09,2.40121E+09,2.40762E+09,2.41351E+09,2.41923E+09,2.42562E+09,2.43271E+09,2.4384E+09,2.44438E+09,2.45003E+09,2.45534E+09,2.46038E+09,2.46584E+09,2.47181E+09,2.47652E+09,2.48132E+09,2.48602E+09,2.49042E+09,2.49481E+09,2.49915E+09,2.50356E+09,2.50779E+09,2.51205E+09,2.51653E+09,2.52112E+09,2.5252E+09,2.52926E+09,2.53334E+09,2.53732E+09,2.54127E+09,2.54518E+09,2.54907E+09,2.55292E+09,2.55675E+09,2.56054E+09,2.56428E+09,2.56797E+09,2.57162E+09,2.57525E+09,2.57887E+09,2.58245E+09,2.58604E+09,2.58961E+09,2.59318E+09,2.59673E+09,2.60026E+09,2.60377E+09,2.60725E+09,2.61073E+09,2.61418E+09,2.61762E+09,2.62104E+09,2.62445E+09,2.62786E+09,2.63126E+09,2.63465E+09,2.63805E+09,2.64147E+09,2.64487E+09,2.6483E+09,2.65174E+09,2.65519E+09,2.65865E+09,2.66214E+09,2.66563E+09,2.66915E+09,2.67268E+09,2.67622E+09,2.67978E+09,2.68336E+09,2.68697E+09,2.6906E+09,2.69426E+09,2.69793E+09,2.70162E+09,2.70531E+09,2.70902E+09,2.71274E+09,2.71646E+09,2.72021E+09,2.72399E+09,2.7278E+09,2.73164E+09,2.73551E+09,2.73942E+09,2.74335E+09,2.74733E+09,2.75137E+09,2.75541E+09,2.75948E+09,2.76359E+09,2.76775E+09,2.77196E+09,2.77622E+09,2.78052E+09,2.78487E+09,2.78927E+09,2.79372E+09,2.79821E+09,2.80273E+09,2.8073E+09,2.81192E+09,2.81658E+09,2.82127E+09,2.82599E+09,2.83075E+09,2.83555E+09,2.84037E+09,2.84522E+09,2.85011E+09,2.85502E+09,2.85997E+09,2.86492E+09,2.8699E+09,2.8749E+09,2.87991E+09,2.88492E+09,2.88995E+09,2.89499E+09,2.90008E+09,2.90521E+09,2.91026E+09,2.91531E+09,2.92037E+09,2.92542E+09,2.93047E+09,2.9355E+09,2.94054E+09,2.94556E+09,2.95056E+09,2.95555E+09,2.96051E+09,2.96547E+09,2.97052E+09,2.97561E+09,2.98048E+09,2.98539E+09,2.99023E+09,2.99507E+09,2.99992E+09,3.00474E+09,3.0096E+09,3.01436E+09,3.01916E+09,3.02388E+09,3.02863E+09,3.0334E+09,3.03815E+09,3.04294E+09,3.04767E+09,3.05245E+09,3.05712E+09,3.0618E+09,3.06649E+09,3.07144E+09,3.07648E+09,3.08116E+09,3.08595E+09,3.09061E+09,3.09529E+09,3.09998E+09,3.10499E+09,3.11011E+09,3.11479E+09,3.11961E+09,3.12426E+09,3.12901E+09,3.13385E+09,3.13855E+09,3.14333E+09,3.148E+09,3.15269E+09,3.15739E+09,3.16258E+09,3.16788E+09,3.17257E+09,3.1774E+09,3.18209E+09,3.18688E+09,3.19145E+09,3.19613E+09,3.20088E+09,3.20558E+09,3.21038E+09,3.21501E+09,3.21974E+09,3.22423E+09,3.22883E+09,3.23349E+09,3.23808E+09,3.24277E+09,3.24727E+09,3.25187E+09,3.25624E+09,3.26072E+09,3.26526E+09,3.26976E+09,3.27436E+09,3.27882E+09,3.2834E+09,3.28767E+09,3.29204E+09,3.29648E+09,3.30085E+09,3.30533E+09,3.30964E+09,3.31404E+09,3.31826E+09,3.32257E+09,3.32695E+09,3.33128E+09,3.3357E+09,3.34001E+09,3.3444E+09,3.34862E+09,3.35295E+09,3.35735E+09,3.36174E+09,3.36623E+09,3.37058E+09,3.37503E+09,3.37928E+09,3.38366E+09,3.38811E+09,3.39252E+09,3.39702E+09,3.40138E+09,3.40583E+09,3.41011E+09,3.41446E+09,3.41888E+09,3.4232E+09,3.42759E+09,3.43196E+09,3.43641E+09,3.44074E+09,3.44513E+09,3.44956E+09,3.45397E+09,3.45844E+09,3.4628E+09,3.46723E+09,3.4716E+09,3.47599E+09,3.48041E+09,3.48482E+09,3.48926E+09,3.49366E+09,3.4982E+09,3.50272E+09,3.50724E+09,3.51176E+09,3.51629E+09,3.52082E+09,3.52536E+09,3.5299E+09,3.53445E+09,3.53899E+09,3.54355E+09,3.5481E+09,3.55266E+09,3.55722E+09,3.56179E+09,3.56635E+09,3.57092E+09,3.5755E+09,3.58007E+09,3.58465E+09,3.58922E+09,3.5938E+09,3.59838E+09,3.60296E+09,3.60754E+09
"Cost of Hospitalizations Cumulative[Oregon]",0,0,0,0,0,0,0,0,0,0,0,0,0,0,0,0,0,0,0,0,0,0.452477,6.46831,26.308,70.4693,153.625,296.884,530.971,900.992,1474.1,2352.61,3697.13,5765.73,8967.08,13939.9,21672.6,33705.9,52417.6,81443.6,126256,194860,298777,454123,682238,1.00966E+06,1.46563E+06,2.07555E+06,2.84404E+06,3.73726E+06,4.71655E+06,5.75488E+06,6.83411E+06,7.94168E+06,9.06858E+06,1.02082E+07,1.13558E+07,1.25078E+07,1.36612E+07,1.48142E+07,1.59649E+07,1.71122E+07,1.82549E+07,1.93924E+07,2.05238E+07,2.16486E+07,2.2766E+07,2.38758E+07,2.49777E+07,2.60714E+07,2.71566E+07,2.82332E+07,2.93009E+07,3.03595E+07,3.1409E+07,3.24491E+07,3.34797E+07,3.45007E+07,3.5512E+07,3.65139E+07,3.75064E+07,3.84896E+07,3.94636E+07,4.04281E+07,4.13832E+07,4.23289E+07,4.32652E+07,4.4192E+07,4.51091E+07,4.60162E+07,4.69134E+07,4.78007E+07,4.86782E+07,4.95459E+07,5.04037E+07,5.12515E+07,5.20892E+07,5.29167E+07,5.3734E+07,5.4541E+07,5.53374E+07,5.61234E+07,5.68986E+07,5.76629E+07,5.84162E+07,5.91584E+07,5.98891E+07,6.0608E+07,6.13147E+07,6.18768E+07,6.23044E+07,6.274E+07,6.31648E+07,6.35678E+07,6.39622E+07,6.43489E+07,6.47313E+07,6.51214E+07,6.54867E+07,6.58278E+07,6.61666E+07,6.65037E+07,6.68365E+07,6.71669E+07,6.74962E+07,6.78207E+07,6.81427E+07,6.84562E+07,6.87581E+07,6.90598E+07,6.9367E+07,6.96699E+07,6.99725E+07,7.0275E+07,7.05786E+07,7.08769E+07,7.11688E+07,7.14525E+07,7.17246E+07,7.19866E+07,7.22379E+07,7.24802E+07,7.27147E+07,7.29396E+07,7.31525E+07,7.33562E+07,7.35506E+07,7.37372E+07,7.39162E+07,7.40873E+07,7.42511E+07,7.44089E+07,7.45605E+07,7.47068E+07,7.48478E+07,7.49833E+07,7.51146E+07,7.52422E+07,7.53656E+07,7.54843E+07,7.55992E+07,7.57116E+07,7.58213E+07,7.59274E+07,7.60304E+07,7.61303E+07,7.62284E+07,7.6325E+07,7.64189E+07,7.65097E+07,7.65982E+07,7.6684E+07,7.67665E+07,7.68455E+07,7.69214E+07,7.69954E+07,7.70677E+07,7.71379E+07,7.72064E+07,7.72733E+07,7.73379E+07,7.73999E+07,7.74602E+07,7.75195E+07,7.75781E+07,7.76364E+07,7.76949E+07,7.77546E+07,7.78152E+07,7.7876E+07,7.79363E+07,7.79961E+07,7.80556E+07,7.81145E+07,7.81731E+07,7.8231E+07,7.82889E+07,7.83475E+07,7.84067E+07,7.84667E+07,7.85276E+07,7.85898E+07,7.86537E+07,7.87193E+07,7.87865E+07,7.88551E+07,7.89257E+07,7.8999E+07,7.90749E+07,7.91534E+07,7.92354E+07,7.93213E+07,7.94119E+07,7.95069E+07,7.96058E+07,7.97091E+07,7.98183E+07,7.9934E+07,8.00558E+07,8.01836E+07,8.03177E+07,8.04581E+07,8.06053E+07,8.07597E+07,8.09219E+07,8.10937E+07,8.12754E+07,8.14683E+07,8.1674E+07,8.18932E+07,8.21265E+07,8.23749E+07,8.26383E+07,8.29168E+07,8.32087E+07,8.35113E+07,8.38275E+07,8.41621E+07,8.45153E+07,8.48868E+07,8.52804E+07,8.5697E+07,8.61391E+07,8.66035E+07,8.70858E+07,8.7583E+07,8.80931E+07,8.86148E+07,8.91433E+07,8.96763E+07,9.0209E+07,9.07435E+07,9.12816E+07,9.18115E+07,9.233E+07,9.28382E+07,9.3334E+07,9.3818E+07,9.42808E+07,9.4712E+07,9.5122E+07,9.55215E+07,9.59107E+07,9.62881E+07,9.66539E+07,9.70121E+07,9.73667E+07,9.77166E+07,9.80549E+07,9.83826E+07,9.87012E+07,9.90107E+07,9.93102E+07,9.96033E+07,9.98917E+07,1.00173E+08,1.00447E+08,1.00714E+08,1.00974E+08,1.01228E+08,1.01475E+08,1.01714E+08,1.01947E+08,1.02175E+08,1.02399E+08,1.02619E+08,1.02836E+08,1.03049E+08,1.03259E+08,1.03466E+08,1.0367E+08,1.03872E+08,1.04071E+08,1.04267E+08,1.0446E+08,1.04649E+08,1.04833E+08,1.05014E+08,1.05192E+08,1.05366E+08,1.05536E+08,1.057E+08,1.05862E+08,1.06024E+08,1.06186E+08,1.06345E+08,1.06503E+08,1.06663E+08,1.06824E+08,1.06985E+08,1.07145E+08,1.07303E+08,1.07463E+08,1.07622E+08,1.07782E+08,1.07946E+08,1.08111E+08,1.08279E+08,1.08449E+08,1.0862E+08,1.08795E+08,1.08971E+08,1.09148E+08,1.09328E+08,1.0951E+08,1.09696E+08,1.09885E+08,1.10077E+08,1.10275E+08,1.10479E+08,1.10692E+08,1.10921E+08,1.11159E+08,1.11406E+08,1.11661E+08,1.1193E+08,1.12212E+08,1.12502E+08,1.128E+08,1.13114E+08,1.13445E+08,1.13791E+08,1.1415E+08,1.14528E+08,1.14927E+08,1.15349E+08,1.15791E+08,1.16254E+08,1.16742E+08,1.17258E+08,1.17798E+08,1.18359E+08,1.18945E+08,1.19552E+08,1.20185E+08,1.20843E+08,1.21519E+08,1.22208E+08,1.22911E+08,1.23618E+08,1.24321E+08,1.25013E+08,1.257E+08,1.26391E+08,1.27093E+08,1.27807E+08,1.28531E+08,1.2926E+08,1.29997E+08,1.30738E+08,1.3148E+08,1.32226E+08,1.32979E+08,1.33741E+08,1.34515E+08,1.35292E+08,1.3607E+08,1.36853E+08,1.37638E+08,1.38427E+08,1.39209E+08,1.39987E+08,1.40767E+08,1.4155E+08,1.42329E+08,1.43105E+08,1.43881E+08,1.4467E+08,1.45466E+08,1.46261E+08,1.47055E+08,1.4785E+08,1.48646E+08,1.4944E+08,1.50229E+08,1.51009E+08,1.5178E+08,1.52548E+08,1.53311E+08,1.54072E+08,1.5483E+08,1.55586E+08,1.56344E+08,1.57102E+08,1.57857E+08,1.58607E+08,1.5935E+08,1.60089E+08,1.60818E+08,1.61527E+08,1.62226E+08,1.6292E+08,1.63609E+08,1.64295E+08,1.64972E+08,1.65637E+08,1.663E+08,1.66967E+08,1.67634E+08,1.68304E+08,1.68978E+08,1.69659E+08,1.70347E+08,1.71048E+08,1.71755E+08,1.72463E+08,1.73171E+08,1.73877E+08,1.7458E+08,1.75282E+08,1.75982E+08,1.76678E+08,1.77373E+08,1.78063E+08,1.78744E+08,1.79423E+08,1.80097E+08,1.80764E+08,1.81425E+08,1.82078E+08,1.82727E+08,1.83375E+08,1.8402E+08,1.84661E+08,1.85299E+08,1.85932E+08,1.86565E+08,1.87198E+08,1.87829E+08,1.88456E+08,1.89082E+08,1.8971E+08,1.90338E+08,1.9096E+08,1.91577E+08,1.92189E+08,1.9279E+08,1.93374E+08,1.93945E+08,1.94504E+08,1.95056E+08,1.95599E+08,1.96133E+08,1.96665E+08,1.97204E+08,1.97748E+08,1.98297E+08,1.98854E+08,1.99432E+08,2.00041E+08,2.0067E+08,2.01302E+08,2.01931E+08,2.02547E+08,2.03152E+08,2.03753E+08,2.04362E+08,2.04974E+08,2.05576E+08,2.06171E+08,2.06763E+08,2.07348E+08,2.07919E+08,2.08459E+08,2.08967E+08,2.09471E+08,2.09968E+08,2.10459E+08,2.10953E+08,2.11455E+08,2.11952E+08,2.12443E+08,2.12928E+08,2.13409E+08,2.13885E+08,2.14348E+08,2.14792E+08,2.15225E+08,2.1565E+08,2.16068E+08,2.16481E+08,2.1689E+08,2.17297E+08,2.17703E+08,2.18107E+08,2.18511E+08,2.18911E+08,2.19309E+08,2.19707E+08,2.20103E+08,2.20499E+08,2.20889E+08,2.21276E+08,2.21665E+08,2.22051E+08,2.22436E+08,2.2282E+08,2.23206E+08,2.23598E+08,2.23996E+08,2.24396E+08,2.24801E+08,2.25208E+08,2.25615E+08,2.26023E+08,2.26431E+08,2.26837E+08,2.27243E+08,2.27646E+08,2.28049E+08,2.28452E+08,2.28854E+08,2.29256E+08,2.29659E+08,2.30063E+08,2.30466E+08,2.30871E+08,2.31277E+08,2.31684E+08,2.32092E+08,2.325E+08,2.32912E+08,2.33327E+08,2.33744E+08,2.34162E+08,2.34581E+08,2.35002E+08,2.35423E+08,2.35843E+08,2.36265E+08,2.3669E+08,2.37119E+08,2.3755E+08,2.37982E+08,2.38418E+08,2.38856E+08,2.39295E+08,2.3974E+08,2.4019E+08,2.40647E+08,2.4111E+08,2.41575E+08,2.42044E+08,2.42516E+08,2.4299E+08,2.43466E+08,2.43939E+08,2.4441E+08,2.44887E+08,2.4537E+08,2.45862E+08,2.46358E+08,2.46863E+08,2.4738E+08,2.47903E+08,2.48425E+08,2.48945E+08,2.49468E+08,2.49995E+08,2.50523E+08,2.51056E+08,2.51592E+08,2.52132E+08,2.52673E+08,2.53212E+08,2.53748E+08,2.54282E+08,2.54809E+08,2.55332E+08,2.55845E+08,2.56353E+08,2.56858E+08,2.57359E+08,2.57854E+08,2.58345E+08,2.58832E+08,2.59312E+08,2.59785E+08,2.6025E+08,2.60709E+08,2.61161E+08,2.61601E+08,2.62032E+08,2.62461E+08,2.62885E+08,2.63305E+08,2.6372E+08,2.64133E+08,2.64544E+08,2.64952E+08,2.65381E+08,2.65841E+08,2.66293E+08,2.66736E+08,2.67174E+08,2.67608E+08,2.68039E+08,2.68447E+08,2.6882E+08,2.69196E+08,2.69575E+08,2.69958E+08,2.70345E+08,2.70737E+08,2.71138E+08,2.71549E+08,2.71971E+08,2.72404E+08,2.7285E+08,2.73309E+08,2.73785E+08,2.74307E+08,2.74879E+08,2.75471E+08,2.76087E+08,2.76731E+08,2.77404E+08,2.7811E+08,2.7883E+08,2.7955E+08,2.8031E+08,2.81104E+08,2.81931E+08,2.82798E+08,2.83706E+08,2.84652E+08,2.85633E+08,2.86654E+08,2.87711E+08,2.88795E+08,2.89904E+08,2.91032E+08,2.92174E+08,2.93332E+08,2.94498E+08,2.95667E+08,2.96838E+08,2.98007E+08,2.99175E+08,3.00338E+08,3.01493E+08,3.02642E+08,3.03777E+08,3.049E+08,3.06E+08,3.07081E+08,3.08153E+08,3.09214E+08,3.10271E+08,3.11327E+08,3.12385E+08,3.13453E+08,3.14536E+08,3.15623E+08,3.16715E+08,3.17807E+08,3.18902E+08,3.20001E+08,3.21105E+08,3.22211E+08,3.23319E+08,3.24427E+08,3.25531E+08,3.26631E+08,3.2773E+08,3.28828E+08,3.29929E+08,3.31029E+08,3.32129E+08,3.33231E+08,3.34335E+08,3.35438E+08,3.36541E+08,3.37645E+08,3.3875E+08,3.39857E+08,3.40968E+08,3.42081E+08,3.43197E+08,3.44321E+08,3.45444E+08,3.46567E+08,3.47707E+08,3.48868E+08,3.50033E+08,3.51202E+08,3.52376E+08,3.5356E+08,3.54751E+08,3.55935E+08,3.57117E+08,3.58313E+08,3.5952E+08,3.60731E+08,3.61947E+08,3.63177E+08,3.6442E+08,3.65668E+08,3.6692E+08,3.68176E+08,3.69441E+08,3.70713E+08,3.71992E+08,3.73277E+08,3.74568E+08,3.75856E+08,3.77148E+08,3.78445E+08,3.79746E+08,3.81044E+08,3.82336E+08,3.83626E+08,3.84919E+08,3.86211E+08,3.87505E+08,3.88803E+08,3.90104E+08,3.91416E+08,3.92734E+08,3.94061E+08,3.95398E+08,3.96743E+08,3.98092E+08,3.99437E+08,4.00759E+08,4.02073E+08,4.03397E+08,4.04731E+08,4.06076E+08,4.07443E+08,4.08839E+08,4.10271E+08,4.11723E+08,4.13183E+08,4.14649E+08,4.16117E+08,4.17587E+08,4.19057E+08,4.20529E+08,4.22E+08,4.23467E+08,4.24938E+08,4.2641E+08,4.27882E+08,4.29365E+08,4.30858E+08,4.32366E+08,4.33887E+08,4.35413E+08,4.3695E+08,4.38491E+08,4.40033E+08,4.41571E+08,4.431E+08,4.44625E+08,4.46149E+08,4.47676E+08,4.49209E+08,4.5075E+08,4.52301E+08,4.53859E+08,4.55423E+08,4.57E+08,4.5859E+08,4.60204E+08,4.61824E+08,4.63468E+08,4.65134E+08,4.6681E+08,4.68491E+08,4.70176E+08,4.71875E+08,4.73564E+08,4.75255E+08,4.76945E+08,4.78634E+08,4.80321E+08,4.82003E+08,4.83694E+08,4.8541E+08,4.87073E+08,4.88738E+08,4.90405E+08,4.92068E+08,4.9373E+08,4.95407E+08,4.97064E+08,4.98718E+08,5.00362E+08,5.01994E+08,5.03624E+08,5.05251E+08,5.06874E+08,5.08485E+08,5.10082E+08,5.11668E+08,5.13251E+08,5.14831E+08,5.16404E+08,5.17971E+08,5.19532E+08,5.21087E+08,5.22639E+08,5.24183E+08,5.25719E+08,5.27246E+08,5.28765E+08,5.30272E+08,5.31769E+08,5.33256E+08,5.34739E+08,5.36212E+08,5.37671E+08,5.3912E+08,5.40563E+08,5.41997E+08,5.43423E+08,5.44841E+08,5.46252E+08,5.47664E+08,5.49071E+08,5.50463E+08,5.51842E+08,5.53203E+08,5.54548E+08,5.5588E+08,5.5719E+08,5.58483E+08,5.59761E+08,5.61017E+08,5.62263E+08,5.63496E+08,5.64719E+08,5.6593E+08,5.67126E+08,5.68304E+08,5.69467E+08,5.7061E+08,5.71741E+08,5.72854E+08,5.73943E+08,5.74999E+08,5.76021E+08,5.77015E+08,5.77991E+08,5.78953E+08,5.79909E+08,5.80864E+08,5.81821E+08,5.82779E+08,5.83735E+08,5.84682E+08,5.85619E+08,5.86541E+08,5.87445E+08,5.88337E+08,5.89218E+08,5.90087E+08,5.90942E+08,5.91782E+08,5.92612E+08,5.93427E+08,5.9423E+08,5.95026E+08,5.95817E+08,5.96599E+08,5.97372E+08,5.98136E+08,5.98896E+08,5.9965E+08,6.00396E+08,6.01132E+08,6.01861E+08,6.02581E+08,6.03291E+08,6.03995E+08,6.04691E+08,6.05377E+08,6.06058E+08,6.06729E+08,6.07391E+08,6.08044E+08,6.0869E+08,6.09329E+08,6.09962E+08,6.10588E+08,6.1121E+08,6.11826E+08,6.12436E+08,6.13039E+08,6.13634E+08,6.14224E+08,6.1481E+08,6.15392E+08,6.15971E+08,6.16547E+08,6.17123E+08,6.17701E+08,6.18281E+08,6.18861E+08,6.1944E+08,6.20018E+08,6.20596E+08,6.21175E+08,6.21755E+08,6.22338E+08,6.22921E+08,6.23507E+08,6.24097E+08,6.24685E+08,6.25267E+08,6.25853E+08,6.26437E+08,6.27012E+08,6.27589E+08,6.28176E+08,6.28782E+08,6.29412E+08,6.30054E+08,6.30711E+08,6.31393E+08,6.32089E+08,6.32796E+08,6.33517E+08,6.34256E+08,6.35008E+08,6.35772E+08,6.36559E+08,6.37371E+08,6.38212E+08,6.3908E+08,6.39972E+08,6.40894E+08,6.4185E+08,6.42834E+08,6.43849E+08,6.449E+08,6.45984E+08,6.47105E+08,6.48261E+08,6.49454E+08,6.50684E+08,6.51947E+08,6.53246E+08,6.54575E+08,6.55928E+08,6.57315E+08,6.58744E+08,6.60193E+08,6.61674E+08,6.63181E+08,6.64714E+08,6.6627E+08,6.67834E+08,6.69402E+08,6.70971E+08,6.7254E+08,6.74107E+08,6.75672E+08,6.77236E+08,6.78799E+08,6.80356E+08,6.8191E+08,6.83457E+08,6.84997E+08,6.86531E+08,6.88053E+08,6.89563E+08,6.9106E+08,6.92544E+08,6.9402E+08,6.95486E+08,6.96943E+08,6.98389E+08,6.99822E+08,7.01245E+08,7.02658E+08,7.04057E+08,7.05445E+08,7.0682E+08,7.08182E+08,7.0953E+08,7.10864E+08,7.12184E+08,7.13492E+08,7.14786E+08,7.16067E+08,7.17334E+08,7.18591E+08,7.19835E+08,7.21066E+08,7.22282E+08,7.23485E+08,7.24674E+08,7.2585E+08,7.27012E+08,7.28158E+08,7.29289E+08,7.30407E+08,7.31511E+08,7.32601E+08,7.33677E+08,7.34738E+08,7.35785E+08,7.36821E+08,7.37843E+08,7.38851E+08,7.39842E+08,7.40811E+08,7.41773E+08,7.4273E+08,7.43677E+08,7.44618E+08,7.4555E+08,7.46479E+08,7.4741E+08,7.48329E+08,7.49234E+08,7.5013E+08,7.51019E+08,7.51902E+08,7.52778E+08,7.53648E+08,7.54514E+08,7.55383E+08,7.5626E+08,7.57098E+08,7.57954E+08,7.58807E+08,7.59656E+08,7.60505E+08,7.61353E+08,7.622E+08,7.63049E+08,7.63898E+08,7.6475E+08,7.65603E+08,7.6646E+08,7.67321E+08,7.68187E+08,7.69057E+08,7.69933E+08,7.70816E+08,7.71706E+08,7.72604E+08,7.73511E+08,7.74426E+08,7.75352E+08,7.76288E+08,7.77235E+08,7.78194E+08,7.79166E+08
"Cost of Hospitalizations Cumulative[Pennsylvania]",0,0,0,0,0,0,0,0,0,0,0,0,0,0,0,0,0,0,0,0,0,0,0,0,0,0,0,0.0964699,3.33974,15.7171,43.7179,95.049,179.655,310.79,506.354,790.569,1195.8,1764.8,2554.1,3637.42,5110.49,7100.06,9778.82,13379.5,18209.6,24665.2,33244.2,44573.1,59456.4,78947.9,104448,137859,181777,239686,316220,417589,552013,729912,964727,1.27405E+06,1.68148E+06,2.21951E+06,2.93253E+06,3.8791E+06,5.13589E+06,6.80121E+06,8.99597E+06,1.18646E+07,1.55826E+07,2.03644E+07,2.64439E+07,3.39222E+07,4.24455E+07,5.16303E+07,6.12339E+07,7.11016E+07,8.11284E+07,9.12416E+07,1.01391E+08,1.1154E+08,1.21665E+08,1.31751E+08,1.41791E+08,1.51779E+08,1.61712E+08,1.71589E+08,1.81413E+08,1.91185E+08,2.00909E+08,2.10592E+08,2.2024E+08,2.2986E+08,2.3946E+08,2.49047E+08,2.5863E+08,2.68215E+08,2.77809E+08,2.87416E+08,2.97035E+08,3.06663E+08,3.16293E+08,3.2592E+08,3.35542E+08,3.45158E+08,3.54764E+08,3.64356E+08,3.73931E+08,3.83483E+08,3.93008E+08,4.00497E+08,4.06061E+08,4.11626E+08,4.17174E+08,4.22719E+08,4.28255E+08,4.33749E+08,4.39209E+08,4.4464E+08,4.50052E+08,4.5546E+08,4.60873E+08,4.66273E+08,4.71629E+08,4.76971E+08,4.82382E+08,4.87862E+08,4.9341E+08,4.99036E+08,5.04725E+08,5.1048E+08,5.16144E+08,5.21779E+08,5.27516E+08,5.33283E+08,5.38937E+08,5.44472E+08,5.4988E+08,5.55189E+08,5.60412E+08,5.65516E+08,5.70516E+08,5.75462E+08,5.8033E+08,5.85106E+08,5.89806E+08,5.94397E+08,5.98876E+08,6.03258E+08,6.07517E+08,6.11655E+08,6.15677E+08,6.19571E+08,6.23354E+08,6.27049E+08,6.30658E+08,6.34195E+08,6.37669E+08,6.41072E+08,6.44417E+08,6.47723E+08,6.50981E+08,6.54179E+08,6.57323E+08,6.6042E+08,6.63476E+08,6.66485E+08,6.69439E+08,6.72341E+08,6.75197E+08,6.78005E+08,6.80763E+08,6.8347E+08,6.8613E+08,6.88745E+08,6.91326E+08,6.93876E+08,6.96396E+08,6.98884E+08,7.0134E+08,7.03765E+08,7.06168E+08,7.08544E+08,7.10889E+08,7.13206E+08,7.15503E+08,7.17779E+08,7.20039E+08,7.22272E+08,7.24475E+08,7.26657E+08,7.28828E+08,7.30975E+08,7.33102E+08,7.35211E+08,7.373E+08,7.39368E+08,7.41414E+08,7.43435E+08,7.45437E+08,7.47422E+08,7.49388E+08,7.5134E+08,7.53283E+08,7.55211E+08,7.57119E+08,7.59002E+08,7.60857E+08,7.62687E+08,7.64498E+08,7.66294E+08,7.6807E+08,7.69822E+08,7.71561E+08,7.7329E+08,7.74996E+08,7.76683E+08,7.78353E+08,7.80013E+08,7.81666E+08,7.83308E+08,7.84935E+08,7.86544E+08,7.88142E+08,7.89728E+08,7.91299E+08,7.92854E+08,7.94386E+08,7.959E+08,7.97406E+08,7.98892E+08,8.00356E+08,8.01795E+08,8.03217E+08,8.04622E+08,8.06001E+08,8.07357E+08,8.08701E+08,8.10038E+08,8.1137E+08,8.12694E+08,8.14008E+08,8.15308E+08,8.16594E+08,8.17865E+08,8.19119E+08,8.20357E+08,8.21577E+08,8.22783E+08,8.23981E+08,8.25157E+08,8.26314E+08,8.2746E+08,8.28599E+08,8.29741E+08,8.3088E+08,8.32017E+08,8.33155E+08,8.34289E+08,8.35415E+08,8.36533E+08,8.3764E+08,8.38739E+08,8.39831E+08,8.40923E+08,8.42017E+08,8.43116E+08,8.44222E+08,8.4534E+08,8.46476E+08,8.4763E+08,8.48803E+08,8.49999E+08,8.51223E+08,8.52473E+08,8.53744E+08,8.55035E+08,8.56344E+08,8.57673E+08,8.59024E+08,8.60398E+08,8.61799E+08,8.63232E+08,8.64697E+08,8.66191E+08,8.67699E+08,8.6922E+08,8.70755E+08,8.72307E+08,8.73867E+08,8.75429E+08,8.76991E+08,8.78551E+08,8.80108E+08,8.81662E+08,8.83202E+08,8.84726E+08,8.86241E+08,8.87753E+08,8.89258E+08,8.90737E+08,8.92183E+08,8.93616E+08,8.95052E+08,8.96491E+08,8.97933E+08,8.99383E+08,9.00843E+08,9.02317E+08,9.03793E+08,9.05265E+08,9.0674E+08,9.08211E+08,9.09672E+08,9.11131E+08,9.12598E+08,9.14076E+08,9.15566E+08,9.17058E+08,9.18553E+08,9.20056E+08,9.21567E+08,9.23087E+08,9.24619E+08,9.26169E+08,9.27739E+08,9.29326E+08,9.30934E+08,9.32575E+08,9.34254E+08,9.35972E+08,9.37725E+08,9.39518E+08,9.41355E+08,9.43235E+08,9.45148E+08,9.47103E+08,9.49104E+08,9.5115E+08,9.53237E+08,9.5536E+08,9.57512E+08,9.59694E+08,9.61907E+08,9.64148E+08,9.66432E+08,9.68762E+08,9.7113E+08,9.73548E+08,9.76018E+08,9.78535E+08,9.81105E+08,9.83715E+08,9.86363E+08,9.89068E+08,9.91836E+08,9.94676E+08,9.97597E+08,1.00061E+09,1.00372E+09,1.00695E+09,1.01031E+09,1.01378E+09,1.01739E+09,1.02116E+09,1.02508E+09,1.02918E+09,1.03345E+09,1.0379E+09,1.04253E+09,1.04736E+09,1.05237E+09,1.05758E+09,1.06299E+09,1.0686E+09,1.07439E+09,1.08033E+09,1.08638E+09,1.0925E+09,1.09865E+09,1.10477E+09,1.11084E+09,1.11685E+09,1.12281E+09,1.12876E+09,1.13471E+09,1.14069E+09,1.14674E+09,1.15282E+09,1.15892E+09,1.16506E+09,1.17123E+09,1.17742E+09,1.18366E+09,1.18995E+09,1.19627E+09,1.20263E+09,1.20903E+09,1.21546E+09,1.22192E+09,1.22837E+09,1.23477E+09,1.24118E+09,1.24762E+09,1.25409E+09,1.26057E+09,1.26704E+09,1.27355E+09,1.28007E+09,1.28651E+09,1.29287E+09,1.29918E+09,1.30543E+09,1.31167E+09,1.31793E+09,1.32419E+09,1.33044E+09,1.33668E+09,1.34294E+09,1.34925E+09,1.35558E+09,1.36194E+09,1.36834E+09,1.37485E+09,1.3814E+09,1.38796E+09,1.3945E+09,1.40102E+09,1.40751E+09,1.41401E+09,1.42051E+09,1.42702E+09,1.43354E+09,1.44004E+09,1.44656E+09,1.45307E+09,1.45957E+09,1.46605E+09,1.47256E+09,1.47907E+09,1.48557E+09,1.49206E+09,1.49855E+09,1.50504E+09,1.51149E+09,1.51786E+09,1.52414E+09,1.53029E+09,1.53628E+09,1.54215E+09,1.548E+09,1.55381E+09,1.55958E+09,1.56531E+09,1.57108E+09,1.57691E+09,1.58272E+09,1.58841E+09,1.59399E+09,1.59949E+09,1.60496E+09,1.61035E+09,1.61563E+09,1.62082E+09,1.62592E+09,1.63093E+09,1.63587E+09,1.64074E+09,1.64561E+09,1.65053E+09,1.65549E+09,1.66046E+09,1.66541E+09,1.67032E+09,1.67518E+09,1.67999E+09,1.68473E+09,1.68937E+09,1.69393E+09,1.69841E+09,1.70283E+09,1.70719E+09,1.71149E+09,1.71571E+09,1.71988E+09,1.72399E+09,1.72803E+09,1.73199E+09,1.7359E+09,1.73977E+09,1.74358E+09,1.74733E+09,1.751E+09,1.75457E+09,1.75806E+09,1.76152E+09,1.76494E+09,1.76833E+09,1.77168E+09,1.77502E+09,1.77839E+09,1.78176E+09,1.7851E+09,1.78841E+09,1.79169E+09,1.79496E+09,1.7982E+09,1.80142E+09,1.80461E+09,1.80778E+09,1.81094E+09,1.8141E+09,1.81728E+09,1.8205E+09,1.82373E+09,1.82699E+09,1.83028E+09,1.83361E+09,1.83698E+09,1.8404E+09,1.84386E+09,1.84737E+09,1.85093E+09,1.85455E+09,1.85823E+09,1.86197E+09,1.86576E+09,1.8696E+09,1.87348E+09,1.87741E+09,1.88136E+09,1.88533E+09,1.88929E+09,1.89322E+09,1.89712E+09,1.90098E+09,1.90478E+09,1.90852E+09,1.9122E+09,1.9158E+09,1.91933E+09,1.92279E+09,1.92617E+09,1.92949E+09,1.93276E+09,1.93597E+09,1.93911E+09,1.94217E+09,1.94516E+09,1.94811E+09,1.951E+09,1.95385E+09,1.95665E+09,1.9594E+09,1.96209E+09,1.96473E+09,1.96733E+09,1.96988E+09,1.97241E+09,1.97489E+09,1.97733E+09,1.97972E+09,1.98208E+09,1.98442E+09,1.98675E+09,1.98905E+09,1.99128E+09,1.99347E+09,1.99568E+09,1.99789E+09,2.0001E+09,2.0023E+09,2.00451E+09,2.00676E+09,2.009E+09,2.0112E+09,2.01337E+09,2.01554E+09,2.01771E+09,2.01989E+09,2.02207E+09,2.02427E+09,2.02647E+09,2.02868E+09,2.03092E+09,2.03317E+09,2.03544E+09,2.03772E+09,2.04E+09,2.04229E+09,2.04458E+09,2.04687E+09,2.04915E+09,2.05144E+09,2.0537E+09,2.05594E+09,2.05816E+09,2.06035E+09,2.06252E+09,2.06467E+09,2.06679E+09,2.06885E+09,2.07089E+09,2.07292E+09,2.07492E+09,2.07687E+09,2.07877E+09,2.08067E+09,2.08257E+09,2.08446E+09,2.08632E+09,2.08816E+09,2.09002E+09,2.09189E+09,2.09374E+09,2.09558E+09,2.09741E+09,2.09925E+09,2.1011E+09,2.10296E+09,2.10484E+09,2.10676E+09,2.1087E+09,2.11064E+09,2.11263E+09,2.11472E+09,2.11694E+09,2.11929E+09,2.1218E+09,2.12452E+09,2.12752E+09,2.13082E+09,2.13438E+09,2.1382E+09,2.14229E+09,2.14664E+09,2.15124E+09,2.15605E+09,2.16104E+09,2.16615E+09,2.17137E+09,2.17669E+09,2.18208E+09,2.18755E+09,2.19313E+09,2.19882E+09,2.20465E+09,2.21065E+09,2.21682E+09,2.22317E+09,2.22975E+09,2.23656E+09,2.24361E+09,2.25092E+09,2.25845E+09,2.26619E+09,2.27417E+09,2.28243E+09,2.29098E+09,2.29975E+09,2.30875E+09,2.31803E+09,2.32756E+09,2.33733E+09,2.34717E+09,2.35719E+09,2.36762E+09,2.37845E+09,2.38961E+09,2.40105E+09,2.41278E+09,2.42494E+09,2.43748E+09,2.45026E+09,2.46326E+09,2.47652E+09,2.49005E+09,2.50388E+09,2.51796E+09,2.53231E+09,2.54689E+09,2.56161E+09,2.57646E+09,2.59149E+09,2.60665E+09,2.62199E+09,2.63749E+09,2.65313E+09,2.66903E+09,2.68513E+09,2.70138E+09,2.71783E+09,2.73447E+09,2.75129E+09,2.7683E+09,2.78546E+09,2.80279E+09,2.82028E+09,2.83791E+09,2.85568E+09,2.87359E+09,2.89168E+09,2.90993E+09,2.92832E+09,2.94686E+09,2.96555E+09,2.98437E+09,3.00334E+09,3.02244E+09,3.04165E+09,3.06098E+09,3.08039E+09,3.09988E+09,3.11943E+09,3.13896E+09,3.15846E+09,3.17795E+09,3.19746E+09,3.21698E+09,3.2365E+09,3.25608E+09,3.2757E+09,3.29529E+09,3.31489E+09,3.33451E+09,3.35415E+09,3.37381E+09,3.39345E+09,3.41307E+09,3.43271E+09,3.45233E+09,3.47191E+09,3.49139E+09,3.51077E+09,3.53006E+09,3.54926E+09,3.56834E+09,3.58725E+09,3.60598E+09,3.62454E+09,3.6429E+09,3.66104E+09,3.67896E+09,3.69645E+09,3.71338E+09,3.7299E+09,3.74616E+09,3.76217E+09,3.77792E+09,3.79345E+09,3.80893E+09,3.82453E+09,3.84003E+09,3.85526E+09,3.8702E+09,3.88483E+09,3.89918E+09,3.91327E+09,3.92709E+09,3.94065E+09,3.95396E+09,3.96702E+09,3.97986E+09,3.99246E+09,4.00483E+09,4.017E+09,4.02901E+09,4.0409E+09,4.05265E+09,4.06429E+09,4.07584E+09,4.0873E+09,4.09862E+09,4.10971E+09,4.12054E+09,4.13118E+09,4.14167E+09,4.15198E+09,4.1621E+09,4.17208E+09,4.18191E+09,4.19166E+09,4.20138E+09,4.21111E+09,4.22085E+09,4.23059E+09,4.24032E+09,4.25007E+09,4.25982E+09,4.26944E+09,4.27886E+09,4.28808E+09,4.29713E+09,4.30596E+09,4.31451E+09,4.32285E+09,4.33126E+09,4.33962E+09,4.34758E+09,4.35547E+09,4.36335E+09,4.37128E+09,4.37921E+09,4.38711E+09,4.39496E+09,4.40272E+09,4.41035E+09,4.41785E+09,4.42523E+09,4.43252E+09,4.43972E+09,4.44686E+09,4.45392E+09,4.46089E+09,4.46777E+09,4.47455E+09,4.48127E+09,4.48793E+09,4.49452E+09,4.50101E+09,4.50739E+09,4.51371E+09,4.51997E+09,4.52618E+09,4.53234E+09,4.53845E+09,4.54452E+09,4.55064E+09,4.55681E+09,4.56303E+09,4.56927E+09,4.57549E+09,4.58159E+09,4.58757E+09,4.59352E+09,4.59942E+09,4.6053E+09,4.61122E+09,4.61722E+09,4.62337E+09,4.62966E+09,4.63599E+09,4.64233E+09,4.64868E+09,4.65504E+09,4.6614E+09,4.66774E+09,4.67403E+09,4.68026E+09,4.68645E+09,4.69261E+09,4.69879E+09,4.70501E+09,4.71128E+09,4.71764E+09,4.72409E+09,4.73062E+09,4.73722E+09,4.74387E+09,4.75057E+09,4.7573E+09,4.76405E+09,4.77085E+09,4.77768E+09,4.78456E+09,4.79151E+09,4.7985E+09,4.80553E+09,4.81261E+09,4.8197E+09,4.82675E+09,4.83374E+09,4.84077E+09,4.84787E+09,4.85505E+09,4.8623E+09,4.86966E+09,4.87722E+09,4.88499E+09,4.89286E+09,4.90078E+09,4.90877E+09,4.91685E+09,4.925E+09,4.93322E+09,4.94153E+09,4.94988E+09,4.95829E+09,4.96671E+09,4.97509E+09,4.98349E+09,4.99189E+09,5.00033E+09,5.00885E+09,5.01747E+09,5.02626E+09,5.03525E+09,5.04443E+09,5.05377E+09,5.06325E+09,5.07286E+09,5.08256E+09,5.09232E+09,5.10214E+09,5.112E+09,5.12192E+09,5.13193E+09,5.14206E+09,5.1523E+09,5.16265E+09,5.17316E+09,5.18384E+09,5.19465E+09,5.20556E+09,5.21656E+09,5.22767E+09,5.23888E+09,5.25019E+09,5.2616E+09,5.27313E+09,5.28478E+09,5.29649E+09,5.30829E+09,5.32014E+09,5.33203E+09,5.34395E+09,5.35584E+09,5.36769E+09,5.37956E+09,5.39142E+09,5.40321E+09,5.41501E+09,5.42684E+09,5.43874E+09,5.45072E+09,5.46274E+09,5.47483E+09,5.48706E+09,5.49932E+09,5.51143E+09,5.52335E+09,5.53518E+09,5.54705E+09,5.559E+09,5.57099E+09,5.58314E+09,5.59541E+09,5.60796E+09,5.62068E+09,5.63344E+09,5.64619E+09,5.65886E+09,5.67144E+09,5.68404E+09,5.69665E+09,5.70934E+09,5.72207E+09,5.73484E+09,5.74765E+09,5.76047E+09,5.77332E+09,5.7862E+09,5.79908E+09,5.81199E+09,5.82493E+09,5.83791E+09,5.85103E+09,5.86422E+09,5.87739E+09,5.8905E+09,5.90357E+09,5.91659E+09,5.92958E+09,5.94254E+09,5.95542E+09,5.96824E+09,5.98102E+09,5.99372E+09,6.00635E+09,6.0189E+09,6.03132E+09,6.04365E+09,6.05589E+09,6.06802E+09,6.08004E+09,6.09196E+09,6.10379E+09,6.11546E+09,6.12695E+09,6.13833E+09,6.14959E+09,6.16073E+09,6.17175E+09,6.18267E+09,6.19351E+09,6.20428E+09,6.21491E+09,6.2254E+09,6.23577E+09,6.24601E+09,6.25612E+09,6.2661E+09,6.27598E+09,6.28574E+09,6.29538E+09,6.3049E+09,6.31433E+09,6.32366E+09,6.33288E+09,6.34199E+09,6.35099E+09,6.3599E+09,6.36871E+09,6.37743E+09,6.38607E+09,6.39464E+09,6.40333E+09,6.41215E+09,6.42041E+09,6.42864E+09,6.43681E+09,6.44493E+09,6.45299E+09,6.46123E+09,6.46962E+09,6.47743E+09,6.48523E+09,6.49299E+09,6.50066E+09,6.5083E+09,6.51616E+09,6.52418E+09,6.53171E+09,6.53924E+09,6.54676E+09,6.55428E+09,6.56182E+09,6.56958E+09,6.57754E+09,6.585E+09,6.59252E+09,6.60011E+09,6.60776E+09,6.61542E+09,6.62336E+09,6.63154E+09,6.63886E+09,6.64674E+09,6.65464E+09,6.66256E+09,6.67052E+09,6.67852E+09,6.68656E+09,6.69465E+09,6.70279E+09,6.71098E+09,6.71922E+09,6.72753E+09,6.7359E+09,6.74434E+09,6.75284E+09,6.76141E+09,6.77004E+09,6.77874E+09,6.7875E+09,6.79631E+09,6.80518E+09,6.81409E+09,6.82305E+09,6.83205E+09,6.84109E+09,6.85016E+09
"Cost of Hospitalizations Cumulative[Rhode Island]",0,0,0,0,0,0,0,0,0,0,0,0,0,0,0,0,0,0,0,0,0,0,0,0,0,0,0,0,0,0,0,0,0,0,0,0,0,0,0,0,0,0,0,0,0,0,0,0,0,0,0,0,0,0,0,0,0.0359031,1.19015,5.35394,14.2108,29.3913,52.6389,85.969,131.764,192.84,272.597,375.14,505.289,668.81,873.035,1126.98,1441.29,1828.72,2304.97,2889.33,3604.07,4473.24,5523.08,6782.77,8285.43,10070.6,12184,14678.3,17614.6,21060.9,25095.8,29813.5,35325.7,41762.7,49279.2,58060.7,68328.6,80347.9,94439.7,110982,130409,153223,180001,211361,247940,290382,339407,395911,460849,535171,619805,715525,822670,941159,1.07061E+06,1.21044E+06,1.35994E+06,1.51833E+06,1.65594E+06,1.76486E+06,1.88058E+06,2.0019E+06,2.12994E+06,2.26014E+06,2.38792E+06,2.5334E+06,2.68417E+06,2.82103E+06,2.95604E+06,3.09909E+06,3.25531E+06,3.4179E+06,3.58385E+06,3.74939E+06,3.91686E+06,4.08619E+06,4.25607E+06,4.4259E+06,4.59476E+06,4.76404E+06,4.93461E+06,5.10661E+06,5.27971E+06,5.45176E+06,5.62455E+06,5.79842E+06,5.97224E+06,6.14596E+06,6.31812E+06,6.49028E+06,6.66718E+06,6.84781E+06,7.0293E+06,7.21107E+06,7.39414E+06,7.57683E+06,7.75625E+06,7.93143E+06,8.10587E+06,8.28265E+06,8.46297E+06,8.64326E+06,8.82543E+06,9.01116E+06,9.19915E+06,9.38731E+06,9.57458E+06,9.76154E+06,9.94951E+06,1.01355E+07,1.03184E+07,1.04982E+07,1.0677E+07,1.08554E+07,1.10314E+07,1.12042E+07,1.13737E+07,1.15415E+07,1.17089E+07,1.18745E+07,1.20375E+07,1.21982E+07,1.23578E+07,1.25184E+07,1.26767E+07,1.28324E+07,1.29861E+07,1.31387E+07,1.32904E+07,1.34418E+07,1.35918E+07,1.37403E+07,1.38871E+07,1.40327E+07,1.41776E+07,1.43219E+07,1.44622E+07,1.45978E+07,1.47293E+07,1.48581E+07,1.49842E+07,1.51069E+07,1.52281E+07,1.53494E+07,1.54707E+07,1.55915E+07,1.57111E+07,1.58286E+07,1.59442E+07,1.60569E+07,1.61665E+07,1.62725E+07,1.63754E+07,1.64756E+07,1.65733E+07,1.66686E+07,1.67622E+07,1.68549E+07,1.69465E+07,1.70376E+07,1.71285E+07,1.72178E+07,1.73051E+07,1.73902E+07,1.74727E+07,1.75526E+07,1.76308E+07,1.77084E+07,1.77856E+07,1.78618E+07,1.79361E+07,1.80091E+07,1.80823E+07,1.8155E+07,1.82262E+07,1.82959E+07,1.83654E+07,1.84342E+07,1.85021E+07,1.85696E+07,1.86372E+07,1.87043E+07,1.8772E+07,1.88396E+07,1.89083E+07,1.89781E+07,1.90475E+07,1.91166E+07,1.91863E+07,1.9256E+07,1.93264E+07,1.93974E+07,1.9469E+07,1.95417E+07,1.96154E+07,1.96898E+07,1.97655E+07,1.9842E+07,1.99199E+07,2E+07,2.00817E+07,2.01651E+07,2.02499E+07,2.0336E+07,2.04237E+07,2.05127E+07,2.06025E+07,2.06932E+07,2.0785E+07,2.0878E+07,2.0972E+07,2.10672E+07,2.11632E+07,2.12593E+07,2.13554E+07,2.14514E+07,2.15478E+07,2.16445E+07,2.174E+07,2.1835E+07,2.19309E+07,2.20279E+07,2.21256E+07,2.22233E+07,2.23217E+07,2.24217E+07,2.25239E+07,2.26272E+07,2.27315E+07,2.28372E+07,2.29438E+07,2.30511E+07,2.31592E+07,2.32678E+07,2.33773E+07,2.34873E+07,2.35977E+07,2.37088E+07,2.38218E+07,2.39371E+07,2.40541E+07,2.4172E+07,2.42911E+07,2.44109E+07,2.45313E+07,2.46521E+07,2.47731E+07,2.48949E+07,2.50181E+07,2.51419E+07,2.52665E+07,2.53925E+07,2.55196E+07,2.56477E+07,2.57764E+07,2.5906E+07,2.60359E+07,2.61661E+07,2.62967E+07,2.64276E+07,2.65587E+07,2.66899E+07,2.68212E+07,2.69524E+07,2.70837E+07,2.7215E+07,2.73464E+07,2.74778E+07,2.76094E+07,2.77411E+07,2.7873E+07,2.80053E+07,2.81386E+07,2.82729E+07,2.84087E+07,2.85458E+07,2.86846E+07,2.88251E+07,2.89675E+07,2.91119E+07,2.92587E+07,2.94079E+07,2.95597E+07,2.9714E+07,2.9871E+07,3.00305E+07,3.01926E+07,3.03569E+07,3.05233E+07,3.06919E+07,3.08627E+07,3.10358E+07,3.12112E+07,3.13889E+07,3.15688E+07,3.17509E+07,3.19352E+07,3.21217E+07,3.23105E+07,3.25018E+07,3.26958E+07,3.28925E+07,3.30924E+07,3.32954E+07,3.35015E+07,3.37108E+07,3.39233E+07,3.41394E+07,3.43592E+07,3.45827E+07,3.481E+07,3.50414E+07,3.52767E+07,3.5516E+07,3.57592E+07,3.60064E+07,3.62576E+07,3.6513E+07,3.67727E+07,3.70369E+07,3.73052E+07,3.75776E+07,3.78538E+07,3.81337E+07,3.84169E+07,3.87015E+07,3.8988E+07,3.92773E+07,3.95692E+07,3.98631E+07,4.01602E+07,4.04633E+07,4.07701E+07,4.10794E+07,4.13911E+07,4.17053E+07,4.20222E+07,4.23422E+07,4.26654E+07,4.29914E+07,4.33196E+07,4.36499E+07,4.39828E+07,4.43182E+07,4.4655E+07,4.49904E+07,4.53273E+07,4.56675E+07,4.60088E+07,4.63517E+07,4.66962E+07,4.70434E+07,4.7392E+07,4.77359E+07,4.80779E+07,4.84207E+07,4.87624E+07,4.91024E+07,4.94415E+07,4.97841E+07,5.0133E+07,5.04821E+07,5.08323E+07,5.11851E+07,5.15403E+07,5.18948E+07,5.22482E+07,5.26006E+07,5.29522E+07,5.33024E+07,5.36514E+07,5.3999E+07,5.43458E+07,5.46919E+07,5.50375E+07,5.53827E+07,5.57279E+07,5.6073E+07,5.64181E+07,5.67634E+07,5.7109E+07,5.74549E+07,5.78012E+07,5.81479E+07,5.84951E+07,5.88427E+07,5.91907E+07,5.95388E+07,5.98867E+07,6.02341E+07,6.05809E+07,6.09269E+07,6.12714E+07,6.1613E+07,6.19519E+07,6.22873E+07,6.26175E+07,6.29461E+07,6.32762E+07,6.36064E+07,6.39349E+07,6.42587E+07,6.45777E+07,6.48969E+07,6.52167E+07,6.55371E+07,6.58582E+07,6.61803E+07,6.65065E+07,6.68356E+07,6.71637E+07,6.7492E+07,6.78203E+07,6.81488E+07,6.84782E+07,6.88084E+07,6.914E+07,6.94727E+07,6.98053E+07,7.01379E+07,7.04708E+07,7.08034E+07,7.11354E+07,7.14669E+07,7.17974E+07,7.21273E+07,7.24567E+07,7.27854E+07,7.31138E+07,7.3441E+07,7.37669E+07,7.40915E+07,7.44146E+07,7.47368E+07,7.50584E+07,7.53788E+07,7.56985E+07,7.60172E+07,7.63348E+07,7.66523E+07,7.69691E+07,7.72852E+07,7.7601E+07,7.79161E+07,7.82306E+07,7.85445E+07,7.88577E+07,7.91706E+07,7.9483E+07,7.97943E+07,8.01047E+07,8.04143E+07,8.07228E+07,8.10301E+07,8.13361E+07,8.16407E+07,8.1944E+07,8.22461E+07,8.25471E+07,8.28467E+07,8.31452E+07,8.34424E+07,8.3738E+07,8.40323E+07,8.43252E+07,8.46165E+07,8.49064E+07,8.5195E+07,8.54822E+07,8.5768E+07,8.60524E+07,8.63353E+07,8.66168E+07,8.68969E+07,8.71755E+07,8.74528E+07,8.77289E+07,8.80038E+07,8.82774E+07,8.85496E+07,8.88205E+07,8.90897E+07,8.93573E+07,8.96234E+07,8.98881E+07,9.01507E+07,9.04116E+07,9.06717E+07,9.09314E+07,9.11903E+07,9.14464E+07,9.16993E+07,9.19505E+07,9.22003E+07,9.245E+07,9.26989E+07,9.29455E+07,9.31896E+07,9.34322E+07,9.36733E+07,9.39142E+07,9.41537E+07,9.43921E+07,9.4629E+07,9.48628E+07,9.50934E+07,9.53214E+07,9.5546E+07,9.577E+07,9.59915E+07,9.62077E+07,9.64239E+07,9.66448E+07,9.68674E+07,9.70902E+07,9.73122E+07,9.75352E+07,9.77609E+07,9.79847E+07,9.82026E+07,9.84174E+07,9.86306E+07,9.88435E+07,9.90564E+07,9.92689E+07,9.94812E+07,9.96931E+07,9.99045E+07,1.00115E+08,1.00326E+08,1.00537E+08,1.00747E+08,1.00957E+08,1.01165E+08,1.01373E+08,1.01579E+08,1.01784E+08,1.01987E+08,1.02189E+08,1.02391E+08,1.02595E+08,1.028E+08,1.03006E+08,1.03211E+08,1.03416E+08,1.03618E+08,1.0382E+08,1.04023E+08,1.04229E+08,1.04439E+08,1.04654E+08,1.04875E+08,1.05105E+08,1.05338E+08,1.05573E+08,1.0581E+08,1.06053E+08,1.06303E+08,1.0656E+08,1.06824E+08,1.07097E+08,1.07378E+08,1.0767E+08,1.07971E+08,1.08281E+08,1.086E+08,1.08927E+08,1.09263E+08,1.09609E+08,1.09964E+08,1.10329E+08,1.10703E+08,1.11082E+08,1.11466E+08,1.11856E+08,1.1225E+08,1.1265E+08,1.13057E+08,1.13465E+08,1.13876E+08,1.14292E+08,1.14708E+08,1.15129E+08,1.15552E+08,1.15974E+08,1.16397E+08,1.1682E+08,1.17244E+08,1.17671E+08,1.18099E+08,1.18526E+08,1.18954E+08,1.19384E+08,1.19811E+08,1.20235E+08,1.20662E+08,1.21094E+08,1.21526E+08,1.2196E+08,1.22396E+08,1.22834E+08,1.23275E+08,1.23722E+08,1.24172E+08,1.24622E+08,1.25073E+08,1.25524E+08,1.25975E+08,1.26423E+08,1.26868E+08,1.27311E+08,1.27756E+08,1.28201E+08,1.28646E+08,1.29091E+08,1.29538E+08,1.29985E+08,1.30431E+08,1.30875E+08,1.3132E+08,1.31765E+08,1.32207E+08,1.32648E+08,1.33087E+08,1.33525E+08,1.33962E+08,1.34397E+08,1.34829E+08,1.35259E+08,1.35687E+08,1.36114E+08,1.36539E+08,1.36961E+08,1.3738E+08,1.37797E+08,1.38212E+08,1.38624E+08,1.39035E+08,1.39444E+08,1.39852E+08,1.40258E+08,1.40662E+08,1.41064E+08,1.41463E+08,1.4186E+08,1.42258E+08,1.42655E+08,1.43052E+08,1.4345E+08,1.43848E+08,1.44249E+08,1.44651E+08,1.45053E+08,1.45454E+08,1.45856E+08,1.46258E+08,1.46659E+08,1.47061E+08,1.47463E+08,1.47864E+08,1.48263E+08,1.48662E+08,1.49061E+08,1.49461E+08,1.49862E+08,1.50263E+08,1.50667E+08,1.51074E+08,1.51482E+08,1.51894E+08,1.52307E+08,1.52723E+08,1.53141E+08,1.53561E+08,1.5398E+08,1.54399E+08,1.54819E+08,1.55242E+08,1.55665E+08,1.56088E+08,1.56515E+08,1.56948E+08,1.57384E+08,1.57822E+08,1.5826E+08,1.58701E+08,1.59146E+08,1.59589E+08,1.60027E+08,1.60466E+08,1.60907E+08,1.61348E+08,1.61791E+08,1.62235E+08,1.62684E+08,1.63138E+08,1.63594E+08,1.64049E+08,1.64503E+08,1.64956E+08,1.65408E+08,1.65859E+08,1.6631E+08,1.66762E+08,1.67215E+08,1.67671E+08,1.68128E+08,1.68585E+08,1.69042E+08,1.69498E+08,1.69954E+08,1.70408E+08,1.70862E+08,1.71317E+08,1.71773E+08,1.7223E+08,1.72687E+08,1.73142E+08,1.73594E+08,1.74047E+08,1.74498E+08,1.74947E+08,1.75392E+08,1.75834E+08,1.76278E+08,1.76723E+08,1.77168E+08,1.77613E+08,1.7806E+08,1.78512E+08,1.78966E+08,1.79422E+08,1.79877E+08,1.80332E+08,1.80785E+08,1.81236E+08,1.81684E+08,1.8213E+08,1.82576E+08,1.8302E+08,1.83461E+08,1.839E+08,1.84333E+08,1.84759E+08,1.85178E+08,1.85591E+08,1.85999E+08,1.86406E+08,1.86814E+08,1.87226E+08,1.87639E+08,1.88048E+08,1.88451E+08,1.88848E+08,1.8924E+08,1.89627E+08,1.9001E+08,1.90391E+08,1.9077E+08,1.91146E+08,1.91521E+08,1.91892E+08,1.92259E+08,1.92621E+08,1.92974E+08,1.93321E+08,1.93664E+08,1.94005E+08,1.94342E+08,1.94673E+08,1.95001E+08,1.95333E+08,1.95666E+08,1.96001E+08,1.96335E+08,1.96669E+08,1.97001E+08,1.9733E+08,1.97652E+08,1.97971E+08,1.98286E+08,1.98601E+08,1.98917E+08,1.99236E+08,1.99559E+08,1.99884E+08,2.00209E+08,2.00534E+08,2.00859E+08,2.01183E+08,2.01505E+08,2.01824E+08,2.02137E+08,2.02444E+08,2.02749E+08,2.03053E+08,2.03358E+08,2.03662E+08,2.03967E+08,2.04276E+08,2.04588E+08,2.04902E+08,2.05217E+08,2.05532E+08,2.0585E+08,2.06168E+08,2.06484E+08,2.06801E+08,2.07121E+08,2.07441E+08,2.07762E+08,2.0808E+08,2.08393E+08,2.08708E+08,2.09024E+08,2.09339E+08,2.09653E+08,2.09968E+08,2.10285E+08,2.10603E+08,2.10921E+08,2.11239E+08,2.1156E+08,2.11882E+08,2.12204E+08,2.12527E+08,2.12852E+08,2.1318E+08,2.13508E+08,2.13836E+08,2.14166E+08,2.14495E+08,2.1482E+08,2.15138E+08,2.15451E+08,2.15759E+08,2.16063E+08,2.16366E+08,2.16671E+08,2.16984E+08,2.17308E+08,2.17641E+08,2.17982E+08,2.18326E+08,2.18672E+08,2.19013E+08,2.1935E+08,2.19681E+08,2.20009E+08,2.20336E+08,2.20661E+08,2.20987E+08,2.21317E+08,2.21651E+08,2.21989E+08,2.2233E+08,2.22668E+08,2.23007E+08,2.23346E+08,2.23686E+08,2.24028E+08,2.2437E+08,2.24712E+08,2.25058E+08,2.25404E+08,2.25748E+08,2.26093E+08,2.26434E+08,2.26772E+08,2.27106E+08,2.27435E+08,2.27757E+08,2.28079E+08,2.28399E+08,2.28712E+08,2.29025E+08,2.29343E+08,2.29662E+08,2.29984E+08,2.30307E+08,2.30631E+08,2.30959E+08,2.31288E+08,2.31608E+08,2.31918E+08,2.32221E+08,2.32521E+08,2.32825E+08,2.3313E+08,2.33433E+08,2.33743E+08,2.34065E+08,2.34394E+08,2.34727E+08,2.35057E+08,2.35382E+08,2.35701E+08,2.3602E+08,2.36341E+08,2.36662E+08,2.36985E+08,2.37308E+08,2.37631E+08,2.37956E+08,2.3828E+08,2.38608E+08,2.3894E+08,2.39274E+08,2.39612E+08,2.39955E+08,2.40306E+08,2.40663E+08,2.41018E+08,2.41371E+08,2.41726E+08,2.42085E+08,2.42446E+08,2.42805E+08,2.4316E+08,2.43516E+08,2.43873E+08,2.44229E+08,2.44584E+08,2.44936E+08,2.45286E+08,2.45636E+08,2.45984E+08,2.4633E+08,2.46675E+08,2.47017E+08,2.47359E+08,2.47696E+08,2.48028E+08,2.48359E+08,2.48687E+08,2.49014E+08,2.49338E+08,2.4966E+08,2.49981E+08,2.50301E+08,2.50618E+08,2.50931E+08,2.5124E+08,2.51546E+08,2.51849E+08,2.52148E+08,2.52446E+08,2.52743E+08,2.53039E+08,2.53332E+08,2.53622E+08,2.53912E+08,2.54201E+08,2.54488E+08,2.54776E+08,2.55065E+08,2.55344E+08,2.55624E+08,2.55903E+08,2.56181E+08,2.56457E+08,2.56735E+08,2.57016E+08,2.57287E+08,2.57558E+08,2.5783E+08,2.58101E+08,2.58372E+08,2.5865E+08,2.58933E+08,2.592E+08,2.59468E+08,2.59734E+08,2.6E+08,2.60268E+08,2.60541E+08,2.6082E+08,2.61089E+08,2.61362E+08,2.61638E+08,2.61914E+08,2.6219E+08,2.62471E+08,2.62756E+08,2.63034E+08,2.63313E+08,2.63594E+08,2.63877E+08,2.64161E+08,2.6445E+08,2.64737E+08,2.65024E+08,2.65311E+08,2.65599E+08,2.65889E+08,2.66179E+08,2.6647E+08,2.66763E+08,2.67056E+08,2.67351E+08,2.67646E+08,2.67942E+08,2.68239E+08,2.68536E+08,2.68835E+08,2.69134E+08,2.69434E+08,2.69734E+08,2.70035E+08,2.70337E+08,2.70639E+08,2.70942E+08,2.71245E+08,2.71548E+08,2.71852E+08,2.72156E+08
"Cost of Hospitalizations Cumulative[South Carolina]",0,0,0,0,0,0,0,0,0,0,0,0,0,0,0,0,0,0,0,0,0,0,0,0,0,0,0.804465,4.83612,14.8336,33.9595,66.1546,116.632,192.511,303.62,463.664,692.53,1019.45,1485.76,2149.44,3089.65,4411.49,6253.53,8805.9,12334.9,17213.1,23953.1,33242.7,45923.2,63068.8,86230.4,117348,158677,213169,284816,378910,502421,664431,876481,1.15247E+06,1.50833E+06,1.96244E+06,2.5362E+06,3.25341E+06,4.13887E+06,5.2171E+06,6.51075E+06,8.03692E+06,9.8036E+06,1.18085E+07,1.40389E+07,1.64731E+07,1.90818E+07,2.18343E+07,2.4698E+07,2.76421E+07,3.06376E+07,3.36564E+07,3.66728E+07,3.96635E+07,4.26079E+07,4.54882E+07,4.82899E+07,5.10011E+07,5.36126E+07,5.61175E+07,5.8511E+07,6.07901E+07,6.29538E+07,6.50025E+07,6.69385E+07,6.87648E+07,7.04857E+07,7.21059E+07,7.36308E+07,7.50661E+07,7.64178E+07,7.76917E+07,7.88931E+07,8.00274E+07,8.10994E+07,8.21137E+07,8.30747E+07,8.39865E+07,8.48533E+07,8.56786E+07,8.64658E+07,8.72177E+07,8.79369E+07,8.8626E+07,8.92863E+07,8.9919E+07,9.05269E+07,9.1111E+07,9.16734E+07,9.22169E+07,9.27439E+07,9.32571E+07,9.37589E+07,9.42541E+07,9.47453E+07,9.52318E+07,9.57126E+07,9.61873E+07,9.6657E+07,9.71239E+07,9.75847E+07,9.80484E+07,9.85187E+07,9.89767E+07,9.94212E+07,9.98567E+07,1.00275E+08,1.00678E+08,1.01064E+08,1.0144E+08,1.01822E+08,1.02205E+08,1.02583E+08,1.0296E+08,1.03338E+08,1.03714E+08,1.04082E+08,1.04436E+08,1.04783E+08,1.05122E+08,1.05447E+08,1.05764E+08,1.06076E+08,1.06384E+08,1.06688E+08,1.06983E+08,1.0727E+08,1.07555E+08,1.07835E+08,1.08111E+08,1.08384E+08,1.08658E+08,1.08931E+08,1.09203E+08,1.09477E+08,1.0975E+08,1.10023E+08,1.10295E+08,1.10567E+08,1.10843E+08,1.1112E+08,1.11401E+08,1.11687E+08,1.11981E+08,1.1228E+08,1.12584E+08,1.12891E+08,1.132E+08,1.13514E+08,1.13836E+08,1.14164E+08,1.14497E+08,1.14836E+08,1.15186E+08,1.15544E+08,1.15907E+08,1.16282E+08,1.16671E+08,1.17078E+08,1.17492E+08,1.17908E+08,1.18331E+08,1.1876E+08,1.19187E+08,1.19606E+08,1.20018E+08,1.20435E+08,1.20864E+08,1.21306E+08,1.21759E+08,1.22218E+08,1.22683E+08,1.23154E+08,1.23627E+08,1.24099E+08,1.24565E+08,1.25029E+08,1.25506E+08,1.26001E+08,1.26503E+08,1.27008E+08,1.27521E+08,1.2805E+08,1.28593E+08,1.29147E+08,1.2971E+08,1.30296E+08,1.3091E+08,1.3155E+08,1.3221E+08,1.32896E+08,1.3361E+08,1.34354E+08,1.35124E+08,1.3592E+08,1.36744E+08,1.37597E+08,1.38478E+08,1.39381E+08,1.40305E+08,1.41255E+08,1.42225E+08,1.43205E+08,1.44196E+08,1.45204E+08,1.46226E+08,1.47256E+08,1.48291E+08,1.49335E+08,1.50384E+08,1.51433E+08,1.52482E+08,1.5354E+08,1.54616E+08,1.55714E+08,1.56823E+08,1.57944E+08,1.59085E+08,1.60249E+08,1.61438E+08,1.62646E+08,1.63863E+08,1.65084E+08,1.66315E+08,1.6755E+08,1.68792E+08,1.70036E+08,1.71275E+08,1.72511E+08,1.73763E+08,1.75037E+08,1.76336E+08,1.77661E+08,1.79013E+08,1.80394E+08,1.81809E+08,1.83256E+08,1.84724E+08,1.86209E+08,1.87703E+08,1.8921E+08,1.90734E+08,1.92269E+08,1.93801E+08,1.95317E+08,1.96812E+08,1.98288E+08,1.99743E+08,2.01174E+08,2.02574E+08,2.03941E+08,2.05284E+08,2.06601E+08,2.07891E+08,2.0915E+08,2.10375E+08,2.11569E+08,2.12738E+08,2.13884E+08,2.15011E+08,2.16125E+08,2.17231E+08,2.18334E+08,2.19439E+08,2.20543E+08,2.21647E+08,2.2275E+08,2.23856E+08,2.24969E+08,2.26093E+08,2.27218E+08,2.28343E+08,2.29468E+08,2.30585E+08,2.31682E+08,2.32767E+08,2.33847E+08,2.34933E+08,2.36026E+08,2.37119E+08,2.38221E+08,2.39356E+08,2.40516E+08,2.41688E+08,2.42868E+08,2.44047E+08,2.45226E+08,2.46411E+08,2.47598E+08,2.48782E+08,2.49955E+08,2.51122E+08,2.52279E+08,2.53426E+08,2.54554E+08,2.55661E+08,2.56753E+08,2.57838E+08,2.58919E+08,2.59999E+08,2.61077E+08,2.62156E+08,2.63238E+08,2.64328E+08,2.65424E+08,2.66526E+08,2.67636E+08,2.68754E+08,2.6988E+08,2.71014E+08,2.72157E+08,2.73312E+08,2.74475E+08,2.75646E+08,2.76826E+08,2.78019E+08,2.79222E+08,2.80442E+08,2.8168E+08,2.82933E+08,2.84204E+08,2.85497E+08,2.86812E+08,2.88148E+08,2.89502E+08,2.90869E+08,2.92251E+08,2.93655E+08,2.95079E+08,2.96512E+08,2.9794E+08,2.99368E+08,3.00816E+08,3.02317E+08,3.03861E+08,3.0543E+08,3.07053E+08,3.08756E+08,3.10544E+08,3.12412E+08,3.14334E+08,3.1631E+08,3.18353E+08,3.20467E+08,3.22663E+08,3.24932E+08,3.27271E+08,3.29695E+08,3.32202E+08,3.34787E+08,3.37453E+08,3.4019E+08,3.43001E+08,3.45849E+08,3.48683E+08,3.51503E+08,3.5433E+08,3.57164E+08,3.60001E+08,3.62834E+08,3.65717E+08,3.68702E+08,3.71758E+08,3.74842E+08,3.77942E+08,3.81045E+08,3.8415E+08,3.87244E+08,3.90309E+08,3.93361E+08,3.96399E+08,3.99399E+08,4.02352E+08,4.05268E+08,4.08152E+08,4.11012E+08,4.13861E+08,4.16711E+08,4.19587E+08,4.22495E+08,4.25415E+08,4.2832E+08,4.3118E+08,4.33957E+08,4.36667E+08,4.39348E+08,4.42071E+08,4.44825E+08,4.47569E+08,4.50302E+08,4.53013E+08,4.55707E+08,4.58366E+08,4.6095E+08,4.63479E+08,4.65982E+08,4.68484E+08,4.71011E+08,4.7352E+08,4.7601E+08,4.78491E+08,4.80961E+08,4.83408E+08,4.85834E+08,4.8823E+08,4.90607E+08,4.92979E+08,4.95352E+08,4.97705E+08,5.00049E+08,5.02383E+08,5.0471E+08,5.07034E+08,5.09324E+08,5.11537E+08,5.13689E+08,5.15821E+08,5.17951E+08,5.20077E+08,5.2219E+08,5.24299E+08,5.26426E+08,5.28582E+08,5.30737E+08,5.32877E+08,5.35005E+08,5.37122E+08,5.39224E+08,5.4131E+08,5.4338E+08,5.45438E+08,5.47477E+08,5.49495E+08,5.51492E+08,5.53468E+08,5.55429E+08,5.57369E+08,5.59282E+08,5.61175E+08,5.63054E+08,5.64915E+08,5.66767E+08,5.68618E+08,5.7047E+08,5.72319E+08,5.74165E+08,5.76007E+08,5.77841E+08,5.79669E+08,5.81494E+08,5.83313E+08,5.85123E+08,5.86916E+08,5.88697E+08,5.90469E+08,5.92235E+08,5.93986E+08,5.95722E+08,5.97445E+08,5.9916E+08,6.00857E+08,6.02541E+08,6.04212E+08,6.05868E+08,6.07501E+08,6.09101E+08,6.10667E+08,6.12213E+08,6.1376E+08,6.15315E+08,6.16874E+08,6.18425E+08,6.19945E+08,6.21428E+08,6.22911E+08,6.24384E+08,6.25851E+08,6.2733E+08,6.28813E+08,6.30327E+08,6.31881E+08,6.3343E+08,6.3497E+08,6.36497E+08,6.37999E+08,6.39494E+08,6.40988E+08,6.42481E+08,6.43976E+08,6.45478E+08,6.46993E+08,6.48524E+08,6.50072E+08,6.51626E+08,6.53183E+08,6.5475E+08,6.56322E+08,6.57896E+08,6.59467E+08,6.61035E+08,6.62612E+08,6.64196E+08,6.6578E+08,6.67373E+08,6.68973E+08,6.70575E+08,6.72178E+08,6.73777E+08,6.7537E+08,6.76967E+08,6.78569E+08,6.80174E+08,6.81778E+08,6.83374E+08,6.84962E+08,6.86548E+08,6.88138E+08,6.89736E+08,6.91344E+08,6.9293E+08,6.94471E+08,6.96002E+08,6.97543E+08,6.99098E+08,7.00676E+08,7.02274E+08,7.03921E+08,7.05629E+08,7.07368E+08,7.09119E+08,7.10877E+08,7.12642E+08,7.14417E+08,7.16196E+08,7.17974E+08,7.1974E+08,7.21489E+08,7.23222E+08,7.24938E+08,7.2663E+08,7.28268E+08,7.29862E+08,7.31435E+08,7.32994E+08,7.34559E+08,7.36141E+08,7.37746E+08,7.39394E+08,7.41067E+08,7.42749E+08,7.44459E+08,7.46176E+08,7.47909E+08,7.49667E+08,7.5144E+08,7.53229E+08,7.55036E+08,7.56868E+08,7.58736E+08,7.60617E+08,7.62511E+08,7.64423E+08,7.66354E+08,7.68301E+08,7.70253E+08,7.72211E+08,7.74195E+08,7.76199E+08,7.78223E+08,7.80268E+08,7.82346E+08,7.84452E+08,7.86583E+08,7.88741E+08,7.9093E+08,7.93144E+08,7.95394E+08,7.97702E+08,8.00085E+08,8.02542E+08,8.05074E+08,8.07689E+08,8.10401E+08,8.13197E+08,8.16059E+08,8.18989E+08,8.21988E+08,8.2505E+08,8.2818E+08,8.31378E+08,8.3466E+08,8.38035E+08,8.41503E+08,8.45062E+08,8.48696E+08,8.52396E+08,8.56177E+08,8.6004E+08,8.63973E+08,8.67995E+08,8.72146E+08,8.76383E+08,8.80636E+08,8.84922E+08,8.89247E+08,8.93601E+08,8.97967E+08,9.02283E+08,9.06543E+08,9.10782E+08,9.15015E+08,9.19241E+08,9.23451E+08,9.2762E+08,9.31728E+08,9.35775E+08,9.39761E+08,9.43703E+08,9.47611E+08,9.51478E+08,9.55297E+08,9.59085E+08,9.62828E+08,9.66528E+08,9.70186E+08,9.73816E+08,9.77443E+08,9.8108E+08,9.84719E+08,9.88356E+08,9.91993E+08,9.95648E+08,9.99338E+08,1.00305E+09,1.00677E+09,1.01048E+09,1.01419E+09,1.01785E+09,1.02144E+09,1.02494E+09,1.02838E+09,1.03178E+09,1.03515E+09,1.03847E+09,1.04175E+09,1.04504E+09,1.04833E+09,1.05157E+09,1.05476E+09,1.05789E+09,1.06099E+09,1.06407E+09,1.06713E+09,1.07014E+09,1.0731E+09,1.07603E+09,1.07893E+09,1.0818E+09,1.08464E+09,1.08747E+09,1.09027E+09,1.09305E+09,1.09582E+09,1.09858E+09,1.10132E+09,1.10405E+09,1.10677E+09,1.10947E+09,1.11217E+09,1.11483E+09,1.11749E+09,1.12013E+09,1.12277E+09,1.12539E+09,1.128E+09,1.13063E+09,1.13328E+09,1.13595E+09,1.13864E+09,1.14135E+09,1.14409E+09,1.14684E+09,1.14959E+09,1.15235E+09,1.15512E+09,1.15792E+09,1.16075E+09,1.16353E+09,1.16626E+09,1.16901E+09,1.17176E+09,1.17449E+09,1.17726E+09,1.18008E+09,1.183E+09,1.18599E+09,1.1889E+09,1.19189E+09,1.19499E+09,1.19812E+09,1.20131E+09,1.20458E+09,1.20801E+09,1.21162E+09,1.21527E+09,1.21897E+09,1.22275E+09,1.2266E+09,1.23052E+09,1.23451E+09,1.23857E+09,1.24272E+09,1.24694E+09,1.25121E+09,1.25552E+09,1.25987E+09,1.2642E+09,1.26848E+09,1.27263E+09,1.27672E+09,1.28082E+09,1.28494E+09,1.28911E+09,1.29337E+09,1.29771E+09,1.30213E+09,1.30658E+09,1.31099E+09,1.31529E+09,1.31945E+09,1.32351E+09,1.32751E+09,1.33148E+09,1.33541E+09,1.3393E+09,1.34317E+09,1.34704E+09,1.35086E+09,1.35462E+09,1.35834E+09,1.36204E+09,1.36573E+09,1.36944E+09,1.37316E+09,1.37691E+09,1.38069E+09,1.38451E+09,1.38831E+09,1.3921E+09,1.39589E+09,1.39963E+09,1.40325E+09,1.40681E+09,1.41043E+09,1.41415E+09,1.41798E+09,1.4219E+09,1.4259E+09,1.43008E+09,1.43437E+09,1.43871E+09,1.44306E+09,1.44741E+09,1.45174E+09,1.45615E+09,1.4607E+09,1.4653E+09,1.46995E+09,1.47462E+09,1.47928E+09,1.48392E+09,1.48849E+09,1.49299E+09,1.49758E+09,1.50227E+09,1.50693E+09,1.51161E+09,1.51629E+09,1.52096E+09,1.52555E+09,1.52995E+09,1.53413E+09,1.53826E+09,1.54235E+09,1.54643E+09,1.55051E+09,1.55457E+09,1.55861E+09,1.56258E+09,1.56651E+09,1.57043E+09,1.57432E+09,1.57816E+09,1.58186E+09,1.58542E+09,1.58897E+09,1.59253E+09,1.59606E+09,1.59958E+09,1.60311E+09,1.60671E+09,1.61039E+09,1.61401E+09,1.61756E+09,1.62108E+09,1.62457E+09,1.62801E+09,1.63138E+09,1.63471E+09,1.63799E+09,1.64122E+09,1.64444E+09,1.64766E+09,1.65091E+09,1.65416E+09,1.65737E+09,1.66056E+09,1.66374E+09,1.66691E+09,1.67003E+09,1.67307E+09,1.67605E+09,1.67896E+09,1.68182E+09,1.68463E+09,1.68743E+09,1.69021E+09,1.69298E+09,1.69577E+09,1.69856E+09,1.70136E+09,1.70414E+09,1.70689E+09,1.70961E+09,1.7123E+09,1.71494E+09,1.71755E+09,1.72011E+09,1.72266E+09,1.72518E+09,1.7277E+09,1.73023E+09,1.73275E+09,1.73527E+09,1.73778E+09,1.74027E+09,1.74276E+09,1.74525E+09,1.74772E+09,1.75015E+09,1.75258E+09,1.75501E+09,1.75745E+09,1.75988E+09,1.76233E+09,1.76478E+09,1.76725E+09,1.76971E+09,1.77216E+09,1.77462E+09,1.77709E+09,1.77955E+09,1.782E+09,1.78444E+09,1.78688E+09,1.78934E+09,1.79181E+09,1.7943E+09,1.79681E+09,1.79936E+09,1.80194E+09,1.80454E+09,1.80713E+09,1.80973E+09,1.81234E+09,1.81496E+09,1.81758E+09,1.8202E+09,1.82281E+09,1.82542E+09,1.82804E+09,1.83067E+09,1.83332E+09,1.83598E+09,1.83867E+09,1.84138E+09,1.8441E+09,1.84684E+09,1.8496E+09,1.85236E+09,1.85515E+09,1.85797E+09,1.86083E+09,1.86371E+09,1.86661E+09,1.86952E+09,1.87244E+09,1.87538E+09,1.87832E+09,1.88126E+09,1.88418E+09,1.8871E+09,1.89002E+09,1.89294E+09,1.89584E+09,1.89873E+09,1.90163E+09,1.90456E+09,1.90752E+09,1.9105E+09,1.91347E+09,1.91641E+09,1.9193E+09,1.92213E+09,1.925E+09,1.92792E+09,1.93082E+09,1.93374E+09,1.9367E+09,1.9397E+09,1.9428E+09,1.94595E+09,1.94912E+09,1.95231E+09,1.95549E+09,1.95866E+09,1.9618E+09,1.96496E+09,1.96815E+09,1.97137E+09,1.9746E+09,1.97783E+09,1.98108E+09,1.98433E+09,1.98756E+09,1.99078E+09,1.99403E+09,1.99729E+09,2.00057E+09,2.00389E+09,2.00724E+09,2.01063E+09,2.01406E+09,2.01748E+09,2.02089E+09,2.0243E+09,2.02773E+09,2.03116E+09,2.03457E+09,2.03798E+09,2.04138E+09,2.04476E+09,2.04813E+09,2.05147E+09,2.05481E+09,2.05815E+09,2.06147E+09,2.06476E+09,2.06803E+09,2.07129E+09,2.07453E+09,2.07772E+09,2.08089E+09,2.08405E+09,2.08719E+09,2.0903E+09,2.0934E+09,2.09647E+09,2.09954E+09,2.10256E+09,2.10554E+09,2.10848E+09,2.1114E+09,2.11428E+09,2.11715E+09,2.12001E+09,2.12286E+09,2.12569E+09,2.12852E+09,2.13132E+09,2.13412E+09,2.13689E+09,2.13962E+09,2.14232E+09,2.14501E+09,2.14768E+09,2.15035E+09,2.153E+09,2.15562E+09,2.15824E+09,2.16085E+09,2.16346E+09,2.16607E+09,2.16867E+09,2.17128E+09,2.17392E+09,2.17658E+09,2.17925E+09,2.1819E+09,2.18454E+09,2.18717E+09,2.18978E+09,2.19238E+09,2.19496E+09,2.19755E+09,2.20014E+09,2.20273E+09,2.20532E+09,2.20792E+09,2.21053E+09,2.21314E+09,2.21574E+09,2.21834E+09,2.22095E+09,2.22355E+09,2.22617E+09,2.22878E+09,2.23139E+09,2.23401E+09,2.23661E+09,2.23909E+09,2.2418E+09,2.24448E+09,2.24717E+09,2.24987E+09,2.25257E+09,2.25528E+09,2.258E+09,2.26073E+09,2.26348E+09,2.26623E+09,2.26899E+09,2.27176E+09,2.27454E+09,2.27733E+09,2.28014E+09,2.28295E+09,2.28577E+09,2.28861E+09,2.29145E+09,2.2943E+09,2.29716E+09,2.30004E+09,2.30292E+09,2.30581E+09,2.3087E+09
"Cost of Hospitalizations Cumulative[South Dakota]",0,0,0,0,0,0,0,0,0,0,0,0,0,0,0,0,0,0,0,0,0,0,0,0,0,0,0,0,0,0,0,0,0,0,0,0,0,0,0,0,0,0,0,0,0.296746,3.97473,15.0366,37.0997,73.6534,128.318,205.065,308.498,444.22,619.11,841.707,1122.34,1472.5,1904.23,2431.7,3073.22,3853.76,4807.04,5975.23,7410.53,9177.3,11353,14028.2,17310.4,21327.7,26226.4,32175.7,39377.4,48073.8,58545.4,71103.1,86076.3,103796,124618,148955,177289,210178,248291,292406,343458,402595,471124,550546,642659,749576,873659,1.01743E+06,1.18359E+06,1.37506E+06,1.59493E+06,1.84653E+06,2.13341E+06,2.45896E+06,2.82596E+06,3.23645E+06,3.69201E+06,4.19452E+06,4.74561E+06,5.34591E+06,5.99464E+06,6.68935E+06,7.42688E+06,8.20388E+06,9.01685E+06,9.86213E+06,1.07359E+07,1.16344E+07,1.25539E+07,1.3491E+07,1.44428E+07,1.54064E+07,1.63788E+07,1.73573E+07,1.83395E+07,1.91755E+07,1.98898E+07,2.06012E+07,2.13142E+07,2.20214E+07,2.27277E+07,2.34235E+07,2.4115E+07,2.47958E+07,2.54767E+07,2.61452E+07,2.68152E+07,2.74719E+07,2.81299E+07,2.87614E+07,2.93838E+07,3.00012E+07,3.06006E+07,3.11947E+07,3.17815E+07,3.23563E+07,3.28978E+07,3.34342E+07,3.3982E+07,3.45132E+07,3.50146E+07,3.55065E+07,3.59964E+07,3.64755E+07,3.69457E+07,3.74165E+07,3.78699E+07,3.83248E+07,3.87644E+07,3.92016E+07,3.96705E+07,4.00966E+07,4.04505E+07,4.08288E+07,4.11879E+07,4.15385E+07,4.18625E+07,4.21717E+07,4.24845E+07,4.27963E+07,4.30952E+07,4.33864E+07,4.36691E+07,4.39305E+07,4.41844E+07,4.444E+07,4.46901E+07,4.49381E+07,4.51785E+07,4.54081E+07,4.56282E+07,4.58455E+07,4.60635E+07,4.62896E+07,4.65427E+07,4.68197E+07,4.70953E+07,4.73642E+07,4.76315E+07,4.78943E+07,4.81462E+07,4.83853E+07,4.861E+07,4.88266E+07,4.90391E+07,4.92474E+07,4.9453E+07,4.96568E+07,4.98614E+07,5.00687E+07,5.02757E+07,5.04808E+07,5.06857E+07,5.0893E+07,5.11048E+07,5.1318E+07,5.15323E+07,5.17515E+07,5.19784E+07,5.22138E+07,5.24493E+07,5.268E+07,5.2909E+07,5.31333E+07,5.33532E+07,5.35658E+07,5.37647E+07,5.39508E+07,5.41274E+07,5.42913E+07,5.4449E+07,5.46048E+07,5.47621E+07,5.49229E+07,5.50878E+07,5.52566E+07,5.54295E+07,5.56019E+07,5.5768E+07,5.59293E+07,5.6088E+07,5.62444E+07,5.64013E+07,5.65594E+07,5.6719E+07,5.68801E+07,5.7042E+07,5.72037E+07,5.73666E+07,5.75306E+07,5.7694E+07,5.78562E+07,5.80178E+07,5.81792E+07,5.83426E+07,5.85102E+07,5.86803E+07,5.88537E+07,5.90297E+07,5.92102E+07,5.93967E+07,5.95864E+07,5.97759E+07,5.99652E+07,6.01545E+07,6.03453E+07,6.05382E+07,6.07305E+07,6.0923E+07,6.11194E+07,6.13214E+07,6.15255E+07,6.17291E+07,6.19313E+07,6.21345E+07,6.23397E+07,6.25444E+07,6.27477E+07,6.29512E+07,6.31564E+07,6.33639E+07,6.35717E+07,6.37788E+07,6.39851E+07,6.4191E+07,6.43983E+07,6.4608E+07,6.48192E+07,6.50307E+07,6.52429E+07,6.54583E+07,6.56765E+07,6.58971E+07,6.61198E+07,6.63443E+07,6.65707E+07,6.68023E+07,6.70399E+07,6.72791E+07,6.75207E+07,6.77632E+07,6.80072E+07,6.82559E+07,6.85083E+07,6.8763E+07,6.90205E+07,6.92825E+07,6.95518E+07,6.98259E+07,7.01011E+07,7.03765E+07,7.06539E+07,7.09385E+07,7.12301E+07,7.15262E+07,7.18227E+07,7.21187E+07,7.24143E+07,7.27071E+07,7.29937E+07,7.32804E+07,7.35764E+07,7.38876E+07,7.42161E+07,7.4563E+07,7.49312E+07,7.53198E+07,7.57222E+07,7.61331E+07,7.65486E+07,7.69718E+07,7.74058E+07,7.7849E+07,7.83003E+07,7.87562E+07,7.92126E+07,7.96772E+07,8.01483E+07,8.06229E+07,8.11029E+07,8.15933E+07,8.20958E+07,8.26059E+07,8.31166E+07,8.36334E+07,8.41643E+07,8.47109E+07,8.52695E+07,8.58329E+07,8.64122E+07,8.70084E+07,8.76116E+07,8.8217E+07,8.88181E+07,8.94125E+07,9.00199E+07,9.0651E+07,9.13044E+07,9.19773E+07,9.26738E+07,9.34004E+07,9.4157E+07,9.49327E+07,9.57058E+07,9.64863E+07,9.72846E+07,9.80982E+07,9.89187E+07,9.97452E+07,1.00582E+08,1.01436E+08,1.02293E+08,1.03161E+08,1.04039E+08,1.04924E+08,1.05814E+08,1.06707E+08,1.07611E+08,1.08541E+08,1.09479E+08,1.10412E+08,1.11338E+08,1.12278E+08,1.13239E+08,1.14172E+08,1.15087E+08,1.15973E+08,1.16879E+08,1.17794E+08,1.1871E+08,1.19637E+08,1.20569E+08,1.21498E+08,1.22408E+08,1.23294E+08,1.24158E+08,1.25004E+08,1.25833E+08,1.26674E+08,1.27438E+08,1.28192E+08,1.28941E+08,1.29696E+08,1.30473E+08,1.31227E+08,1.3198E+08,1.32728E+08,1.33471E+08,1.34206E+08,1.34933E+08,1.35653E+08,1.36364E+08,1.37071E+08,1.37772E+08,1.38468E+08,1.39159E+08,1.3984E+08,1.4051E+08,1.41176E+08,1.41837E+08,1.42491E+08,1.4314E+08,1.43779E+08,1.44403E+08,1.45011E+08,1.45605E+08,1.46193E+08,1.4678E+08,1.47363E+08,1.47942E+08,1.48526E+08,1.49116E+08,1.49704E+08,1.5029E+08,1.50889E+08,1.51476E+08,1.5206E+08,1.52646E+08,1.53232E+08,1.53821E+08,1.54411E+08,1.54999E+08,1.5559E+08,1.5618E+08,1.56768E+08,1.57356E+08,1.57944E+08,1.58532E+08,1.59121E+08,1.59705E+08,1.60289E+08,1.60873E+08,1.6146E+08,1.62048E+08,1.62638E+08,1.63229E+08,1.63823E+08,1.64416E+08,1.65002E+08,1.65582E+08,1.66159E+08,1.66735E+08,1.67308E+08,1.67876E+08,1.68442E+08,1.69007E+08,1.69572E+08,1.70135E+08,1.70695E+08,1.71255E+08,1.71812E+08,1.72366E+08,1.72918E+08,1.73468E+08,1.74016E+08,1.74563E+08,1.75111E+08,1.75659E+08,1.76206E+08,1.76751E+08,1.77294E+08,1.77839E+08,1.78383E+08,1.78929E+08,1.79474E+08,1.80017E+08,1.80558E+08,1.81097E+08,1.81632E+08,1.82163E+08,1.82691E+08,1.83215E+08,1.83741E+08,1.84272E+08,1.84802E+08,1.85328E+08,1.85851E+08,1.8637E+08,1.86887E+08,1.87395E+08,1.87891E+08,1.88383E+08,1.8887E+08,1.8935E+08,1.89825E+08,1.90295E+08,1.90766E+08,1.9124E+08,1.91714E+08,1.9219E+08,1.92665E+08,1.9314E+08,1.93614E+08,1.94079E+08,1.9454E+08,1.94999E+08,1.95455E+08,1.95908E+08,1.96358E+08,1.96809E+08,1.97262E+08,1.97711E+08,1.98154E+08,1.98592E+08,1.99024E+08,1.99452E+08,1.99876E+08,2.00299E+08,2.00722E+08,2.01143E+08,2.01562E+08,2.01981E+08,2.02399E+08,2.02815E+08,2.03227E+08,2.03633E+08,2.04036E+08,2.04434E+08,2.0483E+08,2.05223E+08,2.05614E+08,2.06004E+08,2.06392E+08,2.06777E+08,2.0716E+08,2.0754E+08,2.07916E+08,2.08288E+08,2.08658E+08,2.09025E+08,2.09388E+08,2.09747E+08,2.10104E+08,2.10458E+08,2.10808E+08,2.11154E+08,2.11496E+08,2.11836E+08,2.12175E+08,2.12512E+08,2.12849E+08,2.13182E+08,2.13512E+08,2.1384E+08,2.14166E+08,2.14492E+08,2.14817E+08,2.1514E+08,2.15461E+08,2.15782E+08,2.16102E+08,2.16421E+08,2.1674E+08,2.17058E+08,2.17376E+08,2.17694E+08,2.18009E+08,2.18322E+08,2.18634E+08,2.18946E+08,2.19256E+08,2.19564E+08,2.19867E+08,2.20171E+08,2.20475E+08,2.20779E+08,2.21081E+08,2.21383E+08,2.21686E+08,2.21991E+08,2.22294E+08,2.22596E+08,2.22895E+08,2.23193E+08,2.23491E+08,2.23788E+08,2.24084E+08,2.24378E+08,2.24672E+08,2.24966E+08,2.25259E+08,2.25553E+08,2.25846E+08,2.26139E+08,2.26432E+08,2.26723E+08,2.27013E+08,2.27303E+08,2.27592E+08,2.27882E+08,2.28171E+08,2.28461E+08,2.28752E+08,2.29045E+08,2.29337E+08,2.29632E+08,2.2993E+08,2.30229E+08,2.30535E+08,2.30848E+08,2.31171E+08,2.31506E+08,2.31853E+08,2.32217E+08,2.32599E+08,2.33E+08,2.33419E+08,2.33857E+08,2.34317E+08,2.348E+08,2.35306E+08,2.35838E+08,2.36398E+08,2.36987E+08,2.37608E+08,2.38261E+08,2.38946E+08,2.39669E+08,2.40429E+08,2.41224E+08,2.42056E+08,2.42923E+08,2.43826E+08,2.44762E+08,2.45727E+08,2.46721E+08,2.4774E+08,2.48777E+08,2.49834E+08,2.5091E+08,2.52001E+08,2.53103E+08,2.54214E+08,2.55336E+08,2.56468E+08,2.57601E+08,2.58732E+08,2.59856E+08,2.60979E+08,2.62103E+08,2.63224E+08,2.64343E+08,2.65461E+08,2.66576E+08,2.6768E+08,2.68775E+08,2.69862E+08,2.7094E+08,2.72007E+08,2.73062E+08,2.74102E+08,2.75127E+08,2.76141E+08,2.77144E+08,2.78138E+08,2.79118E+08,2.80079E+08,2.81026E+08,2.81957E+08,2.8286E+08,2.83735E+08,2.84597E+08,2.8545E+08,2.86295E+08,2.87128E+08,2.87948E+08,2.8876E+08,2.8957E+08,2.90366E+08,2.91142E+08,2.91903E+08,2.92647E+08,2.93376E+08,2.94095E+08,2.948E+08,2.95488E+08,2.96163E+08,2.96824E+08,2.97472E+08,2.98109E+08,2.98733E+08,2.99345E+08,2.99947E+08,3.00538E+08,3.01121E+08,3.01698E+08,3.02269E+08,3.02832E+08,3.0339E+08,3.03943E+08,3.04491E+08,3.05037E+08,3.05576E+08,3.06111E+08,3.06643E+08,3.0717E+08,3.07694E+08,3.08214E+08,3.0874E+08,3.09264E+08,3.09788E+08,3.10315E+08,3.10844E+08,3.11374E+08,3.11909E+08,3.12444E+08,3.12979E+08,3.13521E+08,3.14068E+08,3.14622E+08,3.15187E+08,3.15761E+08,3.16345E+08,3.16936E+08,3.17535E+08,3.18141E+08,3.18757E+08,3.19386E+08,3.20023E+08,3.20674E+08,3.2134E+08,3.22019E+08,3.22715E+08,3.23427E+08,3.2415E+08,3.24882E+08,3.25625E+08,3.2638E+08,3.2715E+08,3.27933E+08,3.28728E+08,3.29534E+08,3.3035E+08,3.31179E+08,3.32016E+08,3.3286E+08,3.33713E+08,3.34572E+08,3.35439E+08,3.36312E+08,3.37178E+08,3.38055E+08,3.38946E+08,3.39852E+08,3.40774E+08,3.41737E+08,3.42752E+08,3.43718E+08,3.44704E+08,3.45698E+08,3.46699E+08,3.47702E+08,3.48709E+08,3.49726E+08,3.50744E+08,3.51761E+08,3.52776E+08,3.53793E+08,3.54812E+08,3.55829E+08,3.56841E+08,3.57845E+08,3.5885E+08,3.59854E+08,3.60851E+08,3.61842E+08,3.62828E+08,3.63811E+08,3.64787E+08,3.65746E+08,3.66693E+08,3.6764E+08,3.68595E+08,3.69558E+08,3.70528E+08,3.71486E+08,3.72443E+08,3.73397E+08,3.74349E+08,3.75297E+08,3.76319E+08,3.77446E+08,3.78479E+08,3.79489E+08,3.80438E+08,3.8139E+08,3.8235E+08,3.83422E+08,3.84564E+08,3.85594E+08,3.86621E+08,3.87571E+08,3.88495E+08,3.89417E+08,3.90353E+08,3.91536E+08,3.92749E+08,3.93727E+08,3.9462E+08,3.95501E+08,3.96397E+08,3.97418E+08,3.98419E+08,3.993E+08,4.00166E+08,4.00986E+08,4.01797E+08,4.02599E+08,4.03478E+08,4.04341E+08,4.05096E+08,4.05845E+08,4.06588E+08,4.07323E+08,4.0805E+08,4.08771E+08,4.09493E+08,4.10208E+08,4.10911E+08,4.11609E+08,4.12304E+08,4.12995E+08,4.1368E+08,4.14361E+08,4.15037E+08,4.15708E+08,4.16375E+08,4.17035E+08,4.17686E+08,4.18331E+08,4.1897E+08,4.19604E+08,4.20231E+08,4.20853E+08,4.2147E+08,4.22085E+08,4.22693E+08,4.23295E+08,4.23891E+08,4.2448E+08,4.25063E+08,4.25641E+08,4.26212E+08,4.26776E+08,4.27333E+08,4.27885E+08,4.28435E+08,4.2898E+08,4.29523E+08,4.30065E+08,4.30606E+08,4.31144E+08,4.31679E+08,4.32213E+08,4.32748E+08,4.33282E+08,4.33813E+08,4.34343E+08,4.34875E+08,4.35406E+08,4.35936E+08,4.36468E+08,4.37E+08,4.37532E+08,4.38065E+08,4.386E+08,4.39135E+08,4.39672E+08,4.40209E+08,4.40746E+08,4.41284E+08,4.41822E+08,4.4236E+08,4.429E+08,4.43444E+08,4.43993E+08,4.44545E+08,4.451E+08,4.45658E+08,4.46223E+08,4.46792E+08,4.47365E+08,4.47942E+08,4.48523E+08,4.49109E+08,4.497E+08,4.50296E+08,4.50895E+08,4.51499E+08,4.52107E+08,4.52719E+08,4.53335E+08,4.53956E+08,4.54581E+08,4.55214E+08,4.55848E+08,4.56487E+08,4.57132E+08,4.57781E+08,4.58436E+08,4.59099E+08,4.59773E+08,4.60442E+08,4.61117E+08,4.61797E+08,4.62482E+08,4.63171E+08,4.63872E+08,4.64586E+08,4.65284E+08,4.65989E+08,4.66698E+08,4.67412E+08,4.68131E+08,4.68865E+08,4.69613E+08,4.70342E+08,4.71077E+08,4.71817E+08,4.72561E+08,4.73308E+08,4.74078E+08,4.74863E+08,4.75615E+08,4.76374E+08,4.77134E+08,4.77893E+08,4.78656E+08,4.79446E+08,4.80248E+08,4.81008E+08,4.81773E+08,4.82544E+08,4.83321E+08,4.84097E+08,4.84917E+08,4.85753E+08,4.86517E+08,4.87293E+08,4.88072E+08,4.88852E+08,4.89635E+08,4.90464E+08,4.91309E+08,4.92086E+08,4.92873E+08,4.93665E+08,4.94458E+08,4.95255E+08,4.96095E+08,4.96949E+08,4.97738E+08,4.98539E+08,4.99343E+08,5.0015E+08,5.00959E+08,5.01826E+08,5.02707E+08,5.035E+08,5.04308E+08,5.0512E+08,5.05934E+08,5.0675E+08,5.07614E+08,5.0849E+08,5.09289E+08,5.10097E+08,5.10906E+08,5.11713E+08,5.12518E+08,5.13395E+08,5.14282E+08,5.15054E+08,5.15838E+08,5.16621E+08,5.17402E+08,5.1818E+08,5.19022E+08,5.19874E+08,5.20618E+08,5.21372E+08,5.22125E+08,5.22874E+08,5.23619E+08,5.24424E+08,5.25241E+08,5.2595E+08,5.26669E+08,5.27386E+08,5.281E+08,5.28809E+08,5.29585E+08,5.30374E+08,5.31049E+08,5.31734E+08,5.32418E+08,5.331E+08,5.33779E+08,5.34513E+08,5.35261E+08,5.35914E+08,5.36575E+08,5.37237E+08,5.37897E+08,5.38556E+08,5.39274E+08,5.40009E+08,5.40645E+08,5.41292E+08,5.41942E+08,5.42592E+08,5.43243E+08,5.43957E+08,5.44689E+08,5.45321E+08,5.45963E+08,5.46609E+08,5.47257E+08,5.47907E+08,5.48597E+08,5.49305E+08,5.49943E+08,5.50589E+08,5.51235E+08,5.51881E+08,5.52529E+08,5.53205E+08,5.53897E+08,5.54542E+08,5.55194E+08,5.55851E+08,5.56513E+08,5.57176E+08,5.57877E+08,5.58594E+08,5.59251E+08,5.59918E+08,5.60589E+08,5.61263E+08,5.61938E+08,5.6264E+08,5.63356E+08,5.64028E+08,5.64724E+08,5.65421E+08,5.66119E+08,5.6682E+08,5.67524E+08,5.68229E+08,5.68937E+08,5.69648E+08,5.7036E+08,5.71075E+08,5.71792E+08,5.72511E+08,5.73232E+08,5.73956E+08,5.74681E+08,5.75408E+08,5.76137E+08,5.76868E+08,5.77601E+08,5.78335E+08,5.79071E+08,5.79808E+08,5.80546E+08,5.81286E+08,5.82028E+08
"Cost of Hospitalizations Cumulative[Tennessee]",0,0,0,0,0,0,0,0,0,0,0,0,0,0,0,0,0,0,0,0,0,0,0,0,0,0,0,0.171059,2.3511,9.15119,23.3053,47.9409,86.8764,144.923,228.278,345.037,505.734,723.763,1015.62,1401.8,1908.04,2568.01,3427.53,4547.89,6007.27,7904.72,10368.7,13563.1,17699.2,23048.6,29961.6,38898.8,50475,65509.4,85105,110633,143812,186793,242306,313861,406054,524876,678119,875972,1.13194E+06,1.46379E+06,1.89422E+06,2.45198E+06,3.17291E+06,4.10001E+06,5.28265E+06,6.77938E+06,8.65879E+06,1.0998E+07,1.38739E+07,1.73244E+07,2.13279E+07,2.58127E+07,3.06782E+07,3.58162E+07,4.11265E+07,4.65228E+07,5.19342E+07,5.73053E+07,6.25938E+07,6.77696E+07,7.28123E+07,7.77111E+07,8.24636E+07,8.70738E+07,9.15446E+07,9.58664E+07,1.00025E+08,1.04017E+08,1.07847E+08,1.11526E+08,1.15066E+08,1.18476E+08,1.21762E+08,1.24932E+08,1.27989E+08,1.30939E+08,1.33785E+08,1.3653E+08,1.39177E+08,1.4173E+08,1.44192E+08,1.46565E+08,1.48852E+08,1.51057E+08,1.53187E+08,1.55247E+08,1.5723E+08,1.5916E+08,1.6104E+08,1.6285E+08,1.64593E+08,1.66281E+08,1.67931E+08,1.69574E+08,1.71219E+08,1.72849E+08,1.74455E+08,1.76034E+08,1.77584E+08,1.79102E+08,1.80606E+08,1.82093E+08,1.83578E+08,1.85047E+08,1.86465E+08,1.87851E+08,1.89223E+08,1.9055E+08,1.91836E+08,1.93074E+08,1.94272E+08,1.95444E+08,1.9658E+08,1.97676E+08,1.98736E+08,1.99755E+08,2.00741E+08,2.01697E+08,2.02618E+08,2.03498E+08,2.04345E+08,2.05164E+08,2.05962E+08,2.06735E+08,2.0748E+08,2.0819E+08,2.08876E+08,2.09545E+08,2.10197E+08,2.10836E+08,2.11469E+08,2.12103E+08,2.12747E+08,2.13401E+08,2.14064E+08,2.14732E+08,2.15398E+08,2.16058E+08,2.16708E+08,2.17345E+08,2.17972E+08,2.18589E+08,2.19199E+08,2.19808E+08,2.2041E+08,2.21002E+08,2.21583E+08,2.22154E+08,2.22718E+08,2.23276E+08,2.23829E+08,2.24382E+08,2.2494E+08,2.25501E+08,2.26066E+08,2.26636E+08,2.27207E+08,2.27781E+08,2.2835E+08,2.28911E+08,2.29464E+08,2.30016E+08,2.30565E+08,2.31112E+08,2.31656E+08,2.32206E+08,2.32759E+08,2.3331E+08,2.33853E+08,2.34388E+08,2.34919E+08,2.35441E+08,2.3595E+08,2.36451E+08,2.36954E+08,2.37458E+08,2.37967E+08,2.38483E+08,2.39014E+08,2.39562E+08,2.4012E+08,2.40688E+08,2.41273E+08,2.41883E+08,2.42515E+08,2.43171E+08,2.43851E+08,2.44547E+08,2.45257E+08,2.4598E+08,2.46722E+08,2.47475E+08,2.48232E+08,2.48995E+08,2.49775E+08,2.50573E+08,2.51387E+08,2.52213E+08,2.53053E+08,2.53919E+08,2.54809E+08,2.55715E+08,2.56642E+08,2.57587E+08,2.58549E+08,2.59532E+08,2.60533E+08,2.61549E+08,2.62577E+08,2.6363E+08,2.6471E+08,2.6581E+08,2.66937E+08,2.68088E+08,2.69263E+08,2.70468E+08,2.71698E+08,2.72952E+08,2.74242E+08,2.75566E+08,2.76922E+08,2.78316E+08,2.79748E+08,2.81225E+08,2.82752E+08,2.84329E+08,2.85961E+08,2.87641E+08,2.89361E+08,2.91121E+08,2.92901E+08,2.94678E+08,2.96454E+08,2.98255E+08,3.00124E+08,3.02063E+08,3.04048E+08,3.06072E+08,3.08151E+08,3.10273E+08,3.12418E+08,3.1458E+08,3.16725E+08,3.18848E+08,3.21003E+08,3.23198E+08,3.25414E+08,3.2761E+08,3.29789E+08,3.32032E+08,3.34332E+08,3.36616E+08,3.38901E+08,3.41208E+08,3.43546E+08,3.45937E+08,3.48338E+08,3.50763E+08,3.53259E+08,3.55811E+08,3.58419E+08,3.61071E+08,3.63735E+08,3.66429E+08,3.69146E+08,3.71886E+08,3.74642E+08,3.77398E+08,3.80177E+08,3.82958E+08,3.85762E+08,3.88609E+08,3.9143E+08,3.94191E+08,3.96882E+08,3.9954E+08,4.02225E+08,4.04895E+08,4.0752E+08,4.10139E+08,4.12774E+08,4.15453E+08,4.18137E+08,4.20783E+08,4.23399E+08,4.25994E+08,4.28553E+08,4.31087E+08,4.33589E+08,4.36074E+08,4.38539E+08,4.40954E+08,4.43349E+08,4.45741E+08,4.48155E+08,4.50607E+08,4.53076E+08,4.55539E+08,4.57997E+08,4.60451E+08,4.62891E+08,4.65293E+08,4.67631E+08,4.69936E+08,4.72249E+08,4.74573E+08,4.76878E+08,4.79211E+08,4.81591E+08,4.84007E+08,4.86433E+08,4.88885E+08,4.91327E+08,4.93783E+08,4.96279E+08,4.9879E+08,5.01347E+08,5.03978E+08,5.06691E+08,5.09533E+08,5.1246E+08,5.15414E+08,5.18426E+08,5.21492E+08,5.24561E+08,5.27614E+08,5.30696E+08,5.33837E+08,5.37046E+08,5.40314E+08,5.43643E+08,5.47019E+08,5.50408E+08,5.53855E+08,5.57408E+08,5.61047E+08,5.64785E+08,5.68542E+08,5.72237E+08,5.75905E+08,5.79599E+08,5.83298E+08,5.8696E+08,5.90581E+08,5.94282E+08,5.98168E+08,6.02229E+08,6.06342E+08,6.10484E+08,6.14651E+08,6.18819E+08,6.22935E+08,6.26997E+08,6.30934E+08,6.3473E+08,6.38387E+08,6.41969E+08,6.4551E+08,6.49087E+08,6.52753E+08,6.56543E+08,6.60438E+08,6.64387E+08,6.68328E+08,6.72265E+08,6.76182E+08,6.801E+08,6.84003E+08,6.87891E+08,6.91803E+08,6.95762E+08,6.99753E+08,7.03749E+08,7.07728E+08,7.11749E+08,7.15764E+08,7.19725E+08,7.23698E+08,7.27676E+08,7.31677E+08,7.35692E+08,7.39629E+08,7.43477E+08,7.47307E+08,7.51103E+08,7.54884E+08,7.5867E+08,7.6248E+08,7.66316E+08,7.70187E+08,7.74087E+08,7.78027E+08,7.82016E+08,7.85996E+08,7.89923E+08,7.93864E+08,7.97894E+08,8.01952E+08,8.05968E+08,8.09907E+08,8.13786E+08,8.1761E+08,8.21375E+08,8.25077E+08,8.28755E+08,8.32461E+08,8.36151E+08,8.39803E+08,8.43455E+08,8.47109E+08,8.50796E+08,8.54514E+08,8.5823E+08,8.61988E+08,8.65769E+08,8.69511E+08,8.73212E+08,8.76824E+08,8.8034E+08,8.83802E+08,8.87216E+08,8.90589E+08,8.93912E+08,8.97162E+08,9.0037E+08,9.03568E+08,9.0673E+08,9.09839E+08,9.12925E+08,9.16022E+08,9.19124E+08,9.22239E+08,9.25336E+08,9.28404E+08,9.31411E+08,9.34285E+08,9.37033E+08,9.39716E+08,9.42339E+08,9.4494E+08,9.47565E+08,9.50241E+08,9.52986E+08,9.55798E+08,9.58644E+08,9.61475E+08,9.64246E+08,9.66963E+08,9.69652E+08,9.7233E+08,9.74955E+08,9.77537E+08,9.80102E+08,9.82664E+08,9.8521E+08,9.87746E+08,9.90226E+08,9.92644E+08,9.95055E+08,9.97478E+08,9.99909E+08,1.00234E+09,1.00475E+09,1.0072E+09,1.00968E+09,1.01211E+09,1.01449E+09,1.01683E+09,1.01913E+09,1.02139E+09,1.02358E+09,1.02568E+09,1.02775E+09,1.02983E+09,1.0319E+09,1.03396E+09,1.03599E+09,1.03801E+09,1.04E+09,1.04196E+09,1.04384E+09,1.04568E+09,1.04752E+09,1.04936E+09,1.05121E+09,1.05308E+09,1.05499E+09,1.05692E+09,1.05887E+09,1.0608E+09,1.06268E+09,1.06456E+09,1.0665E+09,1.06849E+09,1.0705E+09,1.07251E+09,1.07452E+09,1.07657E+09,1.07866E+09,1.08073E+09,1.0828E+09,1.08485E+09,1.0869E+09,1.08895E+09,1.091E+09,1.09303E+09,1.09504E+09,1.09703E+09,1.09901E+09,1.101E+09,1.10299E+09,1.10495E+09,1.10684E+09,1.10867E+09,1.11048E+09,1.1123E+09,1.11412E+09,1.11593E+09,1.11773E+09,1.11958E+09,1.12152E+09,1.1235E+09,1.12548E+09,1.12747E+09,1.1295E+09,1.13159E+09,1.13372E+09,1.13585E+09,1.13798E+09,1.14012E+09,1.14227E+09,1.14442E+09,1.14657E+09,1.14872E+09,1.15087E+09,1.15302E+09,1.15516E+09,1.15731E+09,1.15945E+09,1.16154E+09,1.16359E+09,1.16567E+09,1.16778E+09,1.1699E+09,1.17204E+09,1.17421E+09,1.17643E+09,1.17867E+09,1.18091E+09,1.18317E+09,1.18547E+09,1.18779E+09,1.19013E+09,1.19255E+09,1.19502E+09,1.19747E+09,1.1999E+09,1.20236E+09,1.20486E+09,1.2074E+09,1.20998E+09,1.2126E+09,1.21528E+09,1.21801E+09,1.22075E+09,1.22352E+09,1.2263E+09,1.22909E+09,1.23188E+09,1.23467E+09,1.23747E+09,1.24028E+09,1.24307E+09,1.24582E+09,1.24852E+09,1.25119E+09,1.25386E+09,1.25651E+09,1.25911E+09,1.26168E+09,1.26428E+09,1.26694E+09,1.26965E+09,1.27238E+09,1.27517E+09,1.27805E+09,1.28101E+09,1.28401E+09,1.28706E+09,1.29019E+09,1.29346E+09,1.29685E+09,1.30037E+09,1.30406E+09,1.30798E+09,1.31218E+09,1.31665E+09,1.32133E+09,1.32624E+09,1.33141E+09,1.33678E+09,1.34233E+09,1.34803E+09,1.35389E+09,1.35992E+09,1.36608E+09,1.37231E+09,1.37858E+09,1.38482E+09,1.39101E+09,1.39718E+09,1.4034E+09,1.40968E+09,1.41602E+09,1.42241E+09,1.42881E+09,1.43529E+09,1.44178E+09,1.44817E+09,1.45438E+09,1.46033E+09,1.46616E+09,1.47195E+09,1.47776E+09,1.48359E+09,1.48953E+09,1.49567E+09,1.50191E+09,1.50804E+09,1.51407E+09,1.52008E+09,1.52608E+09,1.53205E+09,1.53794E+09,1.54383E+09,1.54974E+09,1.5556E+09,1.56126E+09,1.56672E+09,1.57201E+09,1.57699E+09,1.58174E+09,1.58663E+09,1.59198E+09,1.59656E+09,1.60092E+09,1.60527E+09,1.60968E+09,1.61403E+09,1.61828E+09,1.62248E+09,1.62664E+09,1.63066E+09,1.63446E+09,1.6383E+09,1.64226E+09,1.6462E+09,1.65015E+09,1.65415E+09,1.65824E+09,1.66234E+09,1.6663E+09,1.67017E+09,1.67407E+09,1.67795E+09,1.68185E+09,1.6858E+09,1.68982E+09,1.69392E+09,1.69802E+09,1.70205E+09,1.70603E+09,1.70987E+09,1.71354E+09,1.7171E+09,1.72059E+09,1.72404E+09,1.72751E+09,1.73101E+09,1.73456E+09,1.73821E+09,1.74194E+09,1.74574E+09,1.74962E+09,1.75356E+09,1.75756E+09,1.76169E+09,1.76589E+09,1.76999E+09,1.7741E+09,1.7783E+09,1.78253E+09,1.78682E+09,1.79116E+09,1.79562E+09,1.80026E+09,1.80503E+09,1.80986E+09,1.81477E+09,1.8198E+09,1.82498E+09,1.83029E+09,1.83574E+09,1.84133E+09,1.84699E+09,1.85277E+09,1.85867E+09,1.86469E+09,1.87087E+09,1.87723E+09,1.88373E+09,1.89038E+09,1.89716E+09,1.90401E+09,1.91086E+09,1.91759E+09,1.92409E+09,1.93034E+09,1.93646E+09,1.94252E+09,1.94856E+09,1.95465E+09,1.96087E+09,1.96729E+09,1.97392E+09,1.98061E+09,1.98725E+09,1.99377E+09,2.00006E+09,2.00607E+09,2.01189E+09,2.01755E+09,2.02314E+09,2.02868E+09,2.03421E+09,2.03976E+09,2.04537E+09,2.05099E+09,2.05657E+09,2.06211E+09,2.0676E+09,2.07306E+09,2.0785E+09,2.0839E+09,2.08928E+09,2.09486E+09,2.10061E+09,2.1062E+09,2.11161E+09,2.1167E+09,2.12193E+09,2.12822E+09,2.13504E+09,2.14189E+09,2.14856E+09,2.15454E+09,2.16016E+09,2.16595E+09,2.17233E+09,2.17936E+09,2.18657E+09,2.19352E+09,2.19982E+09,2.2059E+09,2.21213E+09,2.21902E+09,2.22613E+09,2.23343E+09,2.24095E+09,2.24811E+09,2.25471E+09,2.26112E+09,2.26793E+09,2.27556E+09,2.28357E+09,2.29133E+09,2.29881E+09,2.30584E+09,2.31272E+09,2.32036E+09,2.32788E+09,2.3355E+09,2.34315E+09,2.35056E+09,2.35795E+09,2.36522E+09,2.37242E+09,2.37967E+09,2.38668E+09,2.39358E+09,2.40046E+09,2.40727E+09,2.41397E+09,2.42061E+09,2.42729E+09,2.43406E+09,2.44088E+09,2.44769E+09,2.45445E+09,2.46116E+09,2.46783E+09,2.47435E+09,2.48076E+09,2.48714E+09,2.49347E+09,2.4998E+09,2.50615E+09,2.51248E+09,2.5187E+09,2.52477E+09,2.53071E+09,2.53659E+09,2.54247E+09,2.54835E+09,2.55427E+09,2.56034E+09,2.5665E+09,2.57262E+09,2.57869E+09,2.58468E+09,2.59056E+09,2.59635E+09,2.60201E+09,2.60754E+09,2.61301E+09,2.61843E+09,2.62374E+09,2.62889E+09,2.63388E+09,2.63877E+09,2.64362E+09,2.64841E+09,2.65315E+09,2.65787E+09,2.66263E+09,2.66741E+09,2.67221E+09,2.67701E+09,2.68174E+09,2.68645E+09,2.69115E+09,2.69579E+09,2.70038E+09,2.70487E+09,2.70935E+09,2.71384E+09,2.71826E+09,2.72261E+09,2.72692E+09,2.73122E+09,2.73551E+09,2.73979E+09,2.74403E+09,2.74825E+09,2.75244E+09,2.75662E+09,2.76075E+09,2.76482E+09,2.76881E+09,2.77273E+09,2.77665E+09,2.7805E+09,2.78425E+09,2.78793E+09,2.79158E+09,2.79522E+09,2.79888E+09,2.80256E+09,2.80629E+09,2.81007E+09,2.81388E+09,2.81771E+09,2.82156E+09,2.82543E+09,2.8293E+09,2.83316E+09,2.83699E+09,2.84081E+09,2.84465E+09,2.8485E+09,2.85237E+09,2.85626E+09,2.86022E+09,2.86428E+09,2.8684E+09,2.87256E+09,2.87678E+09,2.88105E+09,2.88532E+09,2.88959E+09,2.89386E+09,2.89815E+09,2.90247E+09,2.90682E+09,2.9112E+09,2.91561E+09,2.92008E+09,2.92461E+09,2.92916E+09,2.93374E+09,2.93829E+09,2.94284E+09,2.94741E+09,2.95194E+09,2.95643E+09,2.96093E+09,2.96547E+09,2.97006E+09,2.97467E+09,2.97933E+09,2.98406E+09,2.98884E+09,2.99363E+09,2.99849E+09,3.00338E+09,3.00833E+09,3.01328E+09,3.01829E+09,3.02339E+09,3.02864E+09,3.03401E+09,3.03944E+09,3.04493E+09,3.05047E+09,3.05603E+09,3.06166E+09,3.06743E+09,3.07333E+09,3.07929E+09,3.08533E+09,3.09141E+09,3.09755E+09,3.10375E+09,3.11009E+09,3.1166E+09,3.12314E+09,3.1297E+09,3.13626E+09,3.14292E+09,3.14967E+09,3.15648E+09,3.1634E+09,3.17045E+09,3.17749E+09,3.18445E+09,3.19144E+09,3.19847E+09,3.20564E+09,3.21283E+09,3.21995E+09,3.22702E+09,3.23403E+09,3.24099E+09,3.24797E+09,3.25513E+09,3.26219E+09,3.26918E+09,3.27615E+09,3.28295E+09,3.28966E+09,3.29633E+09,3.30311E+09,3.30979E+09,3.31638E+09,3.32293E+09,3.32928E+09,3.33556E+09,3.3418E+09,3.34808E+09,3.35433E+09,3.36044E+09,3.36648E+09,3.37238E+09,3.37821E+09,3.384E+09,3.38982E+09,3.39559E+09,3.4012E+09,3.40675E+09,3.41218E+09,3.41748E+09,3.42279E+09,3.42822E+09,3.4335E+09,3.43884E+09,3.44418E+09,3.44919E+09,3.45417E+09,3.45913E+09,3.46416E+09,3.46918E+09,3.47409E+09,3.47884E+09,3.48355E+09,3.48821E+09,3.49282E+09,3.4974E+09,3.50198E+09,3.50649E+09,3.51094E+09,3.51536E+09,3.51974E+09,3.52407E+09,3.52838E+09,3.53268E+09,3.53697E+09,3.54124E+09,3.5455E+09,3.54975E+09,3.554E+09,3.55824E+09,3.56246E+09,3.56667E+09,3.57088E+09,3.57509E+09,3.5793E+09,3.58349E+09,3.58763E+09,3.59176E+09,3.59591E+09,3.60024E+09,3.60456E+09,3.60888E+09,3.61322E+09,3.61757E+09,3.62195E+09,3.62634E+09,3.63075E+09,3.63518E+09,3.63964E+09,3.64413E+09,3.64864E+09,3.65318E+09,3.65775E+09,3.66235E+09,3.66697E+09,3.67164E+09,3.67633E+09,3.68106E+09,3.68582E+09,3.69061E+09,3.69544E+09,3.70031E+09,3.70521E+09,3.71015E+09
"Cost of Hospitalizations Cumulative[Texas]",0,0,0,0,0,0,0,0,0,0,0,0,0,0,0,0,0,0,0,0,0,0,0,0,0,0,0,0,0.08138,2.78112,12.8954,35.2613,75.1279,138.585,233.018,367.665,554.255,807.293,1143.82,1584.48,2155.52,2892.05,3840.97,5062.54,6631.91,8641.2,11204.8,14464.7,18598.3,23828.8,30439.4,38797.7,49378.7,62806,79931.2,101899,130171,166561,213316,273229,349919,448101,573881,735138,942008,1.20757E+06,1.54863E+06,1.98612E+06,2.54618E+06,3.26064E+06,4.16685E+06,5.30988E+06,6.74612E+06,8.54506E+06,1.079E+07,1.35768E+07,1.70118E+07,2.12074E+07,2.62747E+07,3.23206E+07,3.9442E+07,4.77136E+07,5.71947E+07,6.79249E+07,7.99206E+07,9.31788E+07,1.07677E+08,1.23371E+08,1.40196E+08,1.58075E+08,1.76914E+08,1.96532E+08,2.16656E+08,2.37056E+08,2.57568E+08,2.7807E+08,2.98475E+08,3.18717E+08,3.38744E+08,3.58514E+08,3.77991E+08,3.97146E+08,4.1595E+08,4.34383E+08,4.52423E+08,4.70053E+08,4.87259E+08,5.04029E+08,5.20355E+08,5.33431E+08,5.44578E+08,5.55604E+08,5.66215E+08,5.76375E+08,5.8608E+08,5.95332E+08,6.04153E+08,6.12582E+08,6.2064E+08,6.28318E+08,6.35666E+08,6.42718E+08,6.49484E+08,6.55956E+08,6.62269E+08,6.6867E+08,6.75129E+08,6.81433E+08,6.87502E+08,6.93281E+08,6.98763E+08,7.04062E+08,7.09187E+08,7.14088E+08,7.18766E+08,7.23209E+08,7.27487E+08,7.31634E+08,7.35587E+08,7.39372E+08,7.4298E+08,7.46417E+08,7.49715E+08,7.52878E+08,7.5592E+08,7.58858E+08,7.6168E+08,7.64393E+08,7.67031E+08,7.69613E+08,7.72147E+08,7.74614E+08,7.76992E+08,7.79294E+08,7.81545E+08,7.8373E+08,7.85845E+08,7.87877E+08,7.89843E+08,7.91839E+08,7.93892E+08,7.9592E+08,7.97956E+08,8.00021E+08,8.02069E+08,8.04097E+08,8.06064E+08,8.07963E+08,8.09889E+08,8.1182E+08,8.13727E+08,8.15631E+08,8.17532E+08,8.19452E+08,8.21382E+08,8.23314E+08,8.25333E+08,8.27474E+08,8.29649E+08,8.31849E+08,8.34064E+08,8.36329E+08,8.38621E+08,8.40876E+08,8.43069E+08,8.45292E+08,8.47556E+08,8.49873E+08,8.52236E+08,8.54642E+08,8.57091E+08,8.59591E+08,8.62159E+08,8.64852E+08,8.67701E+08,8.70699E+08,8.7384E+08,8.77086E+08,8.80472E+08,8.83994E+08,8.87589E+08,8.91268E+08,8.95046E+08,8.98991E+08,9.0317E+08,9.07456E+08,9.11854E+08,9.16399E+08,9.20997E+08,9.25648E+08,9.30335E+08,9.35063E+08,9.39986E+08,9.45119E+08,9.50468E+08,9.5623E+08,9.62476E+08,9.69165E+08,9.76281E+08,9.8376E+08,9.91445E+08,9.9927E+08,1.00717E+09,1.01501E+09,1.0228E+09,1.03066E+09,1.03879E+09,1.04732E+09,1.05623E+09,1.06547E+09,1.07522E+09,1.08539E+09,1.09579E+09,1.1063E+09,1.11694E+09,1.12774E+09,1.13871E+09,1.14971E+09,1.16079E+09,1.17201E+09,1.18324E+09,1.19442E+09,1.20553E+09,1.21652E+09,1.22737E+09,1.23794E+09,1.24821E+09,1.25827E+09,1.2681E+09,1.27767E+09,1.28702E+09,1.29618E+09,1.30522E+09,1.31412E+09,1.32291E+09,1.33157E+09,1.34009E+09,1.34843E+09,1.35657E+09,1.3646E+09,1.3725E+09,1.38014E+09,1.38755E+09,1.39487E+09,1.40215E+09,1.40929E+09,1.41616E+09,1.42287E+09,1.42956E+09,1.43615E+09,1.44259E+09,1.44888E+09,1.45507E+09,1.46114E+09,1.46703E+09,1.47269E+09,1.47823E+09,1.48363E+09,1.48888E+09,1.49403E+09,1.49911E+09,1.50412E+09,1.50909E+09,1.514E+09,1.51878E+09,1.52347E+09,1.52807E+09,1.53261E+09,1.53707E+09,1.54147E+09,1.54581E+09,1.55018E+09,1.55454E+09,1.55889E+09,1.56323E+09,1.56754E+09,1.57181E+09,1.57607E+09,1.5803E+09,1.58439E+09,1.58835E+09,1.59224E+09,1.59612E+09,1.60002E+09,1.60393E+09,1.60786E+09,1.61186E+09,1.616E+09,1.62028E+09,1.62475E+09,1.62936E+09,1.63409E+09,1.63896E+09,1.64404E+09,1.64934E+09,1.65478E+09,1.66031E+09,1.66592E+09,1.67165E+09,1.67753E+09,1.68349E+09,1.68952E+09,1.69565E+09,1.70189E+09,1.70829E+09,1.71484E+09,1.72151E+09,1.72837E+09,1.73551E+09,1.74303E+09,1.75097E+09,1.75934E+09,1.76812E+09,1.77733E+09,1.78705E+09,1.79728E+09,1.80798E+09,1.81912E+09,1.83072E+09,1.84278E+09,1.85531E+09,1.8682E+09,1.88136E+09,1.89474E+09,1.90827E+09,1.92186E+09,1.93541E+09,1.94881E+09,1.96209E+09,1.97522E+09,1.98822E+09,2.00106E+09,2.01378E+09,2.02637E+09,2.03885E+09,2.05125E+09,2.06361E+09,2.0759E+09,2.08815E+09,2.10038E+09,2.1126E+09,2.12479E+09,2.13692E+09,2.14892E+09,2.16087E+09,2.1729E+09,2.18496E+09,2.1971E+09,2.20935E+09,2.22171E+09,2.23424E+09,2.24691E+09,2.25967E+09,2.27252E+09,2.28544E+09,2.29845E+09,2.3116E+09,2.32487E+09,2.33813E+09,2.35124E+09,2.36413E+09,2.37685E+09,2.38942E+09,2.40186E+09,2.41418E+09,2.42653E+09,2.43906E+09,2.4518E+09,2.4647E+09,2.47769E+09,2.49073E+09,2.50386E+09,2.51705E+09,2.53029E+09,2.54353E+09,2.55682E+09,2.57021E+09,2.58369E+09,2.5972E+09,2.61074E+09,2.62434E+09,2.6381E+09,2.652E+09,2.66601E+09,2.68013E+09,2.69438E+09,2.7087E+09,2.72292E+09,2.73692E+09,2.7508E+09,2.76466E+09,2.77852E+09,2.79243E+09,2.80644E+09,2.82062E+09,2.83492E+09,2.84922E+09,2.86346E+09,2.87769E+09,2.89191E+09,2.90627E+09,2.92081E+09,2.9356E+09,2.9506E+09,2.96567E+09,2.98084E+09,2.99606E+09,3.0112E+09,3.0263E+09,3.04138E+09,3.0565E+09,3.0717E+09,3.08687E+09,3.10201E+09,3.1172E+09,3.13239E+09,3.14751E+09,3.16249E+09,3.17725E+09,3.19188E+09,3.20644E+09,3.22099E+09,3.23549E+09,3.24999E+09,3.26447E+09,3.27892E+09,3.29329E+09,3.30759E+09,3.3217E+09,3.33564E+09,3.34941E+09,3.36301E+09,3.37647E+09,3.38979E+09,3.40294E+09,3.41592E+09,3.42863E+09,3.44107E+09,3.45325E+09,3.4651E+09,3.47647E+09,3.4871E+09,3.49696E+09,3.50622E+09,3.51504E+09,3.52367E+09,3.53239E+09,3.54147E+09,3.55098E+09,3.56079E+09,3.57077E+09,3.58066E+09,3.59028E+09,3.59958E+09,3.60855E+09,3.61724E+09,3.62567E+09,3.63383E+09,3.64173E+09,3.64939E+09,3.65682E+09,3.66404E+09,3.67104E+09,3.67781E+09,3.68442E+09,3.69093E+09,3.69733E+09,3.70363E+09,3.70984E+09,3.71596E+09,3.722E+09,3.72793E+09,3.73372E+09,3.73944E+09,3.74508E+09,3.75068E+09,3.75627E+09,3.76185E+09,3.76742E+09,3.77299E+09,3.77856E+09,3.78413E+09,3.78972E+09,3.79531E+09,3.8009E+09,3.80651E+09,3.81214E+09,3.8178E+09,3.8235E+09,3.82927E+09,3.83512E+09,3.84107E+09,3.84711E+09,3.85333E+09,3.85973E+09,3.86628E+09,3.87299E+09,3.87985E+09,3.88686E+09,3.89405E+09,3.9014E+09,3.90892E+09,3.91669E+09,3.9247E+09,3.93299E+09,3.94158E+09,3.95049E+09,3.95969E+09,3.96918E+09,3.97897E+09,3.98912E+09,3.99959E+09,4.01036E+09,4.02143E+09,4.03285E+09,4.04463E+09,4.0567E+09,4.069E+09,4.08158E+09,4.09439E+09,4.10743E+09,4.12074E+09,4.13433E+09,4.14824E+09,4.16242E+09,4.17678E+09,4.1913E+09,4.20589E+09,4.22054E+09,4.23523E+09,4.24989E+09,4.26446E+09,4.27887E+09,4.29308E+09,4.30716E+09,4.32104E+09,4.33465E+09,4.34799E+09,4.36107E+09,4.3739E+09,4.3865E+09,4.39882E+09,4.41086E+09,4.42267E+09,4.43418E+09,4.4453E+09,4.45611E+09,4.46671E+09,4.47708E+09,4.48722E+09,4.49717E+09,4.50699E+09,4.51672E+09,4.52625E+09,4.53554E+09,4.54462E+09,4.55351E+09,4.56219E+09,4.57069E+09,4.57902E+09,4.58719E+09,4.59522E+09,4.60305E+09,4.61066E+09,4.61807E+09,4.62531E+09,4.63236E+09,4.63919E+09,4.64577E+09,4.65211E+09,4.65832E+09,4.66443E+09,4.67048E+09,4.6765E+09,4.68251E+09,4.68856E+09,4.6947E+09,4.7009E+09,4.70716E+09,4.71346E+09,4.7198E+09,4.72624E+09,4.73286E+09,4.73968E+09,4.74671E+09,4.75399E+09,4.76155E+09,4.76943E+09,4.77762E+09,4.78608E+09,4.7948E+09,4.80384E+09,4.81322E+09,4.82302E+09,4.83334E+09,4.84428E+09,4.85586E+09,4.8682E+09,4.88135E+09,4.89523E+09,4.90978E+09,4.92505E+09,4.94103E+09,4.95775E+09,4.97519E+09,4.99325E+09,5.01185E+09,5.03088E+09,5.05019E+09,5.06959E+09,5.08899E+09,5.10834E+09,5.12762E+09,5.14672E+09,5.16556E+09,5.18415E+09,5.20253E+09,5.22063E+09,5.23842E+09,5.2558E+09,5.27272E+09,5.28921E+09,5.30526E+09,5.32089E+09,5.33615E+09,5.351E+09,5.36549E+09,5.37965E+09,5.39345E+09,5.4069E+09,5.42005E+09,5.43294E+09,5.44554E+09,5.45783E+09,5.46975E+09,5.48136E+09,5.49273E+09,5.50385E+09,5.51466E+09,5.52521E+09,5.53547E+09,5.5455E+09,5.55524E+09,5.56465E+09,5.57373E+09,5.5826E+09,5.59128E+09,5.59978E+09,5.60811E+09,5.61628E+09,5.62434E+09,5.63226E+09,5.64001E+09,5.64761E+09,5.65509E+09,5.66244E+09,5.66969E+09,5.67684E+09,5.68396E+09,5.69102E+09,5.69802E+09,5.70496E+09,5.71186E+09,5.71872E+09,5.72556E+09,5.73237E+09,5.73917E+09,5.74596E+09,5.75273E+09,5.7595E+09,5.76631E+09,5.77316E+09,5.78007E+09,5.78709E+09,5.79425E+09,5.80162E+09,5.80922E+09,5.8171E+09,5.82527E+09,5.83376E+09,5.8426E+09,5.85184E+09,5.86146E+09,5.87151E+09,5.88203E+09,5.89306E+09,5.90464E+09,5.91673E+09,5.92938E+09,5.94261E+09,5.9564E+09,5.97077E+09,5.98572E+09,6.0012E+09,6.01722E+09,6.03373E+09,6.05079E+09,6.06834E+09,6.08631E+09,6.10466E+09,6.1233E+09,6.14215E+09,6.16111E+09,6.1801E+09,6.1991E+09,6.21808E+09,6.23696E+09,6.25574E+09,6.27438E+09,6.29278E+09,6.31097E+09,6.32895E+09,6.34671E+09,6.36419E+09,6.38135E+09,6.39828E+09,6.41505E+09,6.43161E+09,6.44797E+09,6.46411E+09,6.47998E+09,6.49554E+09,6.51052E+09,6.52482E+09,6.53866E+09,6.55222E+09,6.56563E+09,6.579E+09,6.59236E+09,6.60587E+09,6.61965E+09,6.63346E+09,6.64711E+09,6.66053E+09,6.67372E+09,6.68669E+09,6.69936E+09,6.71174E+09,6.72394E+09,6.73591E+09,6.74774E+09,6.75949E+09,6.77123E+09,6.7831E+09,6.7951E+09,6.80715E+09,6.81933E+09,6.83153E+09,6.84373E+09,6.85596E+09,6.86822E+09,6.88051E+09,6.89278E+09,6.9049E+09,6.91695E+09,6.929E+09,6.94104E+09,6.95309E+09,6.96514E+09,6.97723E+09,6.98944E+09,7.00176E+09,7.01415E+09,7.02668E+09,7.03938E+09,7.05227E+09,7.06535E+09,7.07862E+09,7.09207E+09,7.10572E+09,7.11956E+09,7.13359E+09,7.14783E+09,7.16237E+09,7.17722E+09,7.19238E+09,7.2079E+09,7.2238E+09,7.24005E+09,7.25666E+09,7.27362E+09,7.29094E+09,7.30864E+09,7.32665E+09,7.34495E+09,7.36357E+09,7.38243E+09,7.4016E+09,7.42103E+09,7.44074E+09,7.4608E+09,7.48116E+09,7.50173E+09,7.52238E+09,7.54301E+09,7.56372E+09,7.58454E+09,7.60533E+09,7.62598E+09,7.64661E+09,7.6673E+09,7.68796E+09,7.70845E+09,7.72875E+09,7.74886E+09,7.76881E+09,7.78861E+09,7.80827E+09,7.82778E+09,7.84712E+09,7.86626E+09,7.88523E+09,7.90417E+09,7.92299E+09,7.94146E+09,7.95973E+09,7.97784E+09,7.99576E+09,8.01355E+09,8.03098E+09,8.04807E+09,8.06508E+09,8.0819E+09,8.0985E+09,8.11495E+09,8.13115E+09,8.14704E+09,8.16266E+09,8.17805E+09,8.19332E+09,8.20845E+09,8.22338E+09,8.23815E+09,8.25277E+09,8.26728E+09,8.28161E+09,8.29561E+09,8.30941E+09,8.32313E+09,8.33676E+09,8.35023E+09,8.36347E+09,8.3765E+09,8.38953E+09,8.40249E+09,8.41525E+09,8.42779E+09,8.44015E+09,8.45243E+09,8.46466E+09,8.47667E+09,8.48849E+09,8.5002E+09,8.51176E+09,8.52307E+09,8.5341E+09,8.54499E+09,8.55591E+09,8.56695E+09,8.57811E+09,8.58939E+09,8.60085E+09,8.61251E+09,8.62426E+09,8.63601E+09,8.6478E+09,8.65962E+09,8.67145E+09,8.68329E+09,8.69518E+09,8.70717E+09,8.71932E+09,8.73165E+09,8.74415E+09,8.75687E+09,8.76976E+09,8.78277E+09,8.79602E+09,8.80951E+09,8.82323E+09,8.83716E+09,8.85125E+09,8.86556E+09,8.8802E+09,8.89502E+09,8.91003E+09,8.92528E+09,8.94076E+09,8.95651E+09,8.97252E+09,8.98874E+09,9.00515E+09,9.02171E+09,9.03847E+09,9.05546E+09,9.07269E+09,9.09013E+09,9.10778E+09,9.12565E+09,9.14371E+09,9.1619E+09,9.18016E+09,9.19847E+09,9.21681E+09,9.23513E+09,9.25341E+09,9.27163E+09,9.28978E+09,9.30779E+09,9.32561E+09,9.3433E+09,9.36089E+09,9.37835E+09,9.39569E+09,9.41286E+09,9.42986E+09,9.44665E+09,9.46316E+09,9.47932E+09,9.49515E+09,9.51064E+09,9.52593E+09,9.54108E+09,9.5561E+09,9.57101E+09,9.58585E+09,9.60061E+09,9.61529E+09,9.62983E+09,9.64423E+09,9.65853E+09,9.67302E+09,9.6878E+09,9.7021E+09,9.71651E+09,9.73091E+09,9.74532E+09,9.7597E+09,9.77391E+09,9.78799E+09,9.80225E+09,9.81685E+09,9.83139E+09,9.84593E+09,9.8604E+09,9.8748E+09,9.88958E+09,9.90481E+09,9.92043E+09,9.9363E+09,9.95242E+09,9.96877E+09,9.98526E+09,1.00018E+10,1.00185E+10,1.00353E+10,1.00522E+10,1.00693E+10,1.00865E+10,1.01038E+10,1.01212E+10,1.01388E+10,1.01564E+10,1.01741E+10,1.0192E+10,1.02099E+10,1.02279E+10,1.02459E+10,1.0264E+10,1.02821E+10,1.03002E+10,1.03183E+10,1.03366E+10,1.03554E+10,1.03731E+10,1.03909E+10,1.04086E+10,1.04263E+10,1.04439E+10,1.04616E+10,1.04796E+10,1.04968E+10,1.0514E+10,1.05311E+10,1.05482E+10,1.0565E+10,1.0582E+10,1.05991E+10,1.06154E+10,1.06317E+10,1.06479E+10,1.0664E+10,1.068E+10,1.0696E+10,1.07121E+10,1.07277E+10,1.07433E+10,1.07587E+10,1.07741E+10,1.07894E+10,1.08047E+10,1.08201E+10,1.08351E+10,1.085E+10,1.08649E+10,1.08796E+10,1.08943E+10,1.09088E+10,1.09236E+10,1.09386E+10,1.09528E+10,1.09671E+10,1.09814E+10,1.09958E+10,1.10102E+10,1.10248E+10,1.10391E+10,1.10534E+10,1.10677E+10,1.1082E+10,1.10963E+10,1.11106E+10,1.11249E+10,1.1139E+10,1.11531E+10,1.11669E+10,1.11818E+10,1.11965E+10,1.12112E+10,1.12259E+10,1.12405E+10,1.12552E+10,1.12699E+10,1.12846E+10,1.12992E+10,1.13139E+10,1.13286E+10,1.13432E+10,1.13579E+10,1.13725E+10,1.13872E+10,1.14018E+10,1.14165E+10,1.14312E+10,1.14458E+10,1.14605E+10,1.14751E+10,1.14898E+10,1.15045E+10,1.15191E+10,1.15338E+10
"Cost of Hospitalizations Cumulative[Utah]",0,0,0,0,0,0,0,0,0,0,0,0,0,0,0,0,0,0,0,0,0,0.273145,3.81386,15.089,39.1134,82.0561,151.882,259.272,418.647,649.94,981.398,1453.13,2122.25,3070.28,4413.41,6315.87,9009.31,12822.5,18218.9,25845.4,36604.7,51753.1,73012.3,102773,144377,202520,283572,395983,550816,762549,1.04987E+06,1.43331E+06,1.92553E+06,2.52846E+06,3.23478E+06,4.0298E+06,4.89473E+06,5.81023E+06,6.75941E+06,7.72876E+06,8.70811E+06,9.69024E+06,1.06701E+07,1.16443E+07,1.26102E+07,1.3566E+07,1.45105E+07,1.54429E+07,1.63629E+07,1.72702E+07,1.81644E+07,1.90456E+07,1.99138E+07,2.07692E+07,2.16116E+07,2.24411E+07,2.32574E+07,2.40603E+07,2.485E+07,2.56274E+07,2.63935E+07,2.71492E+07,2.78954E+07,2.86329E+07,2.93621E+07,3.00838E+07,3.07983E+07,3.1506E+07,3.22069E+07,3.29012E+07,3.35888E+07,3.42697E+07,3.49439E+07,3.56112E+07,3.62711E+07,3.69232E+07,3.75669E+07,3.82014E+07,3.88262E+07,3.94411E+07,4.00459E+07,4.06406E+07,4.12251E+07,4.17994E+07,4.23632E+07,4.29165E+07,4.34591E+07,4.39909E+07,4.45115E+07,4.5021E+07,4.54405E+07,4.57395E+07,4.60162E+07,4.62805E+07,4.65345E+07,4.67842E+07,4.70271E+07,4.7267E+07,4.75109E+07,4.77605E+07,4.80152E+07,4.82776E+07,4.85457E+07,4.88168E+07,4.90888E+07,4.93566E+07,4.96207E+07,4.9879E+07,5.01256E+07,5.03647E+07,5.05987E+07,5.08248E+07,5.10479E+07,5.1273E+07,5.15039E+07,5.17378E+07,5.19688E+07,5.21955E+07,5.24197E+07,5.26379E+07,5.28529E+07,5.30651E+07,5.32742E+07,5.34779E+07,5.36745E+07,5.38654E+07,5.40533E+07,5.42373E+07,5.44145E+07,5.45839E+07,5.47468E+07,5.49051E+07,5.50602E+07,5.52143E+07,5.53692E+07,5.55287E+07,5.56938E+07,5.58648E+07,5.6041E+07,5.62199E+07,5.6398E+07,5.65736E+07,5.67447E+07,5.69106E+07,5.70704E+07,5.7222E+07,5.73652E+07,5.75034E+07,5.76386E+07,5.77733E+07,5.79087E+07,5.80444E+07,5.81817E+07,5.83193E+07,5.84581E+07,5.85992E+07,5.87413E+07,5.88835E+07,5.90258E+07,5.91679E+07,5.93112E+07,5.94546E+07,5.95974E+07,5.97401E+07,5.98836E+07,6.00295E+07,6.01779E+07,6.03285E+07,6.04812E+07,6.06363E+07,6.07937E+07,6.09537E+07,6.11159E+07,6.12793E+07,6.14427E+07,6.16085E+07,6.17788E+07,6.19539E+07,6.21349E+07,6.2322E+07,6.25167E+07,6.27199E+07,6.29288E+07,6.3144E+07,6.33661E+07,6.3595E+07,6.383E+07,6.40722E+07,6.4324E+07,6.45871E+07,6.48585E+07,6.51388E+07,6.54285E+07,6.57287E+07,6.60394E+07,6.63598E+07,6.66913E+07,6.70375E+07,6.7401E+07,6.77806E+07,6.81756E+07,6.85848E+07,6.90089E+07,6.94507E+07,6.99104E+07,7.03851E+07,7.08779E+07,7.13911E+07,7.19261E+07,7.24803E+07,7.30514E+07,7.36413E+07,7.42488E+07,7.4865E+07,7.54811E+07,7.61021E+07,7.67362E+07,7.7378E+07,7.80246E+07,7.86766E+07,7.93357E+07,8.00024E+07,8.06725E+07,8.13445E+07,8.20155E+07,8.26831E+07,8.33448E+07,8.39997E+07,8.46487E+07,8.52894E+07,8.59168E+07,8.65359E+07,8.71476E+07,8.77523E+07,8.83476E+07,8.89316E+07,8.95104E+07,9.00835E+07,9.06505E+07,9.12092E+07,9.17584E+07,9.23034E+07,9.28464E+07,9.33812E+07,9.39099E+07,9.4432E+07,9.49502E+07,9.5465E+07,9.5973E+07,9.6476E+07,9.6971E+07,9.74549E+07,9.79305E+07,9.83971E+07,9.88556E+07,9.93095E+07,9.97586E+07,1.00206E+08,1.00652E+08,1.01097E+08,1.01538E+08,1.01975E+08,1.02408E+08,1.02835E+08,1.03257E+08,1.03674E+08,1.04087E+08,1.04497E+08,1.04904E+08,1.05311E+08,1.05716E+08,1.06118E+08,1.06518E+08,1.06917E+08,1.07314E+08,1.07712E+08,1.08107E+08,1.08502E+08,1.08894E+08,1.09278E+08,1.09655E+08,1.10032E+08,1.10413E+08,1.10795E+08,1.11176E+08,1.11564E+08,1.11967E+08,1.12383E+08,1.12808E+08,1.13239E+08,1.13678E+08,1.14125E+08,1.14578E+08,1.15034E+08,1.15497E+08,1.15966E+08,1.16439E+08,1.16918E+08,1.17401E+08,1.17889E+08,1.18382E+08,1.18879E+08,1.19381E+08,1.19889E+08,1.20402E+08,1.20923E+08,1.21454E+08,1.21996E+08,1.22551E+08,1.23119E+08,1.23703E+08,1.24301E+08,1.24912E+08,1.25531E+08,1.26159E+08,1.26803E+08,1.27463E+08,1.28137E+08,1.28827E+08,1.29535E+08,1.30263E+08,1.31013E+08,1.31782E+08,1.32571E+08,1.33386E+08,1.34228E+08,1.35099E+08,1.35998E+08,1.36931E+08,1.37899E+08,1.38904E+08,1.39947E+08,1.41019E+08,1.42111E+08,1.43225E+08,1.44354E+08,1.45499E+08,1.46666E+08,1.47844E+08,1.49037E+08,1.50242E+08,1.51451E+08,1.52662E+08,1.53869E+08,1.55056E+08,1.56227E+08,1.57382E+08,1.58515E+08,1.59628E+08,1.60729E+08,1.61818E+08,1.62897E+08,1.63965E+08,1.65021E+08,1.66066E+08,1.67098E+08,1.68112E+08,1.69114E+08,1.70097E+08,1.71046E+08,1.71974E+08,1.72892E+08,1.73811E+08,1.74733E+08,1.75655E+08,1.76587E+08,1.77551E+08,1.78535E+08,1.79535E+08,1.80538E+08,1.8154E+08,1.82548E+08,1.83549E+08,1.84538E+08,1.85528E+08,1.86521E+08,1.8752E+08,1.8853E+08,1.89554E+08,1.90601E+08,1.91664E+08,1.92733E+08,1.93811E+08,1.94898E+08,1.95993E+08,1.97092E+08,1.98188E+08,1.99275E+08,2.00335E+08,2.01377E+08,2.02428E+08,2.03488E+08,2.04561E+08,2.05655E+08,2.0676E+08,2.07879E+08,2.09006E+08,2.10137E+08,2.11273E+08,2.12417E+08,2.13561E+08,2.14708E+08,2.15855E+08,2.16996E+08,2.18123E+08,2.19233E+08,2.20322E+08,2.21393E+08,2.22456E+08,2.23527E+08,2.24601E+08,2.25665E+08,2.26719E+08,2.27756E+08,2.28785E+08,2.29813E+08,2.30832E+08,2.31846E+08,2.32853E+08,2.33852E+08,2.34844E+08,2.35821E+08,2.36782E+08,2.37732E+08,2.3867E+08,2.39598E+08,2.40517E+08,2.41423E+08,2.42319E+08,2.43207E+08,2.44081E+08,2.44947E+08,2.45808E+08,2.46662E+08,2.47511E+08,2.48356E+08,2.49194E+08,2.50026E+08,2.50853E+08,2.51673E+08,2.52482E+08,2.53275E+08,2.54058E+08,2.54833E+08,2.55602E+08,2.56363E+08,2.57118E+08,2.57872E+08,2.58625E+08,2.5937E+08,2.60106E+08,2.60829E+08,2.61546E+08,2.62254E+08,2.62953E+08,2.63641E+08,2.6432E+08,2.64992E+08,2.65656E+08,2.66308E+08,2.66949E+08,2.67584E+08,2.68212E+08,2.6883E+08,2.69441E+08,2.70047E+08,2.70645E+08,2.71238E+08,2.71824E+08,2.72404E+08,2.72976E+08,2.73539E+08,2.74092E+08,2.74636E+08,2.75173E+08,2.75703E+08,2.76228E+08,2.7675E+08,2.77271E+08,2.77789E+08,2.78302E+08,2.78812E+08,2.79318E+08,2.79816E+08,2.80307E+08,2.80795E+08,2.81278E+08,2.81759E+08,2.82237E+08,2.8271E+08,2.83181E+08,2.83651E+08,2.84119E+08,2.84585E+08,2.85052E+08,2.8552E+08,2.85989E+08,2.86461E+08,2.86937E+08,2.87414E+08,2.87892E+08,2.88371E+08,2.88852E+08,2.89337E+08,2.89821E+08,2.90305E+08,2.90791E+08,2.91278E+08,2.91768E+08,2.92259E+08,2.92749E+08,2.93242E+08,2.93737E+08,2.94234E+08,2.94733E+08,2.95235E+08,2.95743E+08,2.96254E+08,2.96765E+08,2.97277E+08,2.97791E+08,2.98306E+08,2.98823E+08,2.99341E+08,2.99859E+08,3.0038E+08,3.00903E+08,3.01429E+08,3.01958E+08,3.02494E+08,3.03037E+08,3.03588E+08,3.04144E+08,3.04707E+08,3.05279E+08,3.05862E+08,3.06454E+08,3.07058E+08,3.07673E+08,3.08297E+08,3.08932E+08,3.09578E+08,3.10232E+08,3.10894E+08,3.11564E+08,3.12234E+08,3.12908E+08,3.13598E+08,3.14304E+08,3.15024E+08,3.15759E+08,3.16508E+08,3.17279E+08,3.18063E+08,3.18853E+08,3.19647E+08,3.20443E+08,3.21242E+08,3.22046E+08,3.22853E+08,3.23664E+08,3.24472E+08,3.2528E+08,3.26087E+08,3.26891E+08,3.2769E+08,3.28483E+08,3.29269E+08,3.30048E+08,3.3082E+08,3.31584E+08,3.32343E+08,3.33095E+08,3.3384E+08,3.34579E+08,3.35315E+08,3.36047E+08,3.36778E+08,3.375E+08,3.38212E+08,3.3891E+08,3.396E+08,3.40289E+08,3.40975E+08,3.41659E+08,3.42342E+08,3.43031E+08,3.43728E+08,3.44432E+08,3.45136E+08,3.45844E+08,3.46555E+08,3.47269E+08,3.47986E+08,3.48703E+08,3.49422E+08,3.50145E+08,3.50873E+08,3.51599E+08,3.52327E+08,3.53061E+08,3.53806E+08,3.54568E+08,3.55351E+08,3.56156E+08,3.5699E+08,3.57855E+08,3.58747E+08,3.59674E+08,3.60638E+08,3.61634E+08,3.62667E+08,3.6374E+08,3.64852E+08,3.66005E+08,3.672E+08,3.68438E+08,3.69721E+08,3.7105E+08,3.72413E+08,3.73816E+08,3.75262E+08,3.76753E+08,3.78279E+08,3.7983E+08,3.81412E+08,3.83027E+08,3.84667E+08,3.86329E+08,3.88011E+08,3.89725E+08,3.91468E+08,3.93238E+08,3.95034E+08,3.96852E+08,3.98687E+08,4.00537E+08,4.02403E+08,4.04295E+08,4.06215E+08,4.08153E+08,4.10101E+08,4.12042E+08,4.13973E+08,4.15911E+08,4.17864E+08,4.19817E+08,4.2177E+08,4.23726E+08,4.25693E+08,4.27675E+08,4.29662E+08,4.31639E+08,4.33605E+08,4.35569E+08,4.37531E+08,4.39494E+08,4.41457E+08,4.43416E+08,4.45371E+08,4.47325E+08,4.49275E+08,4.51225E+08,4.53176E+08,4.55133E+08,4.57092E+08,4.59047E+08,4.61E+08,4.62948E+08,4.64883E+08,4.66817E+08,4.68749E+08,4.70685E+08,4.72632E+08,4.74588E+08,4.76556E+08,4.78537E+08,4.80522E+08,4.82506E+08,4.84493E+08,4.86467E+08,4.88428E+08,4.9038E+08,4.92335E+08,4.94295E+08,4.96268E+08,4.98244E+08,5.0023E+08,5.02227E+08,5.04233E+08,5.06243E+08,5.08257E+08,5.10273E+08,5.12295E+08,5.14306E+08,5.16287E+08,5.1826E+08,5.20252E+08,5.22256E+08,5.24269E+08,5.26294E+08,5.28332E+08,5.30375E+08,5.32424E+08,5.34479E+08,5.36539E+08,5.38602E+08,5.40667E+08,5.4274E+08,5.44846E+08,5.46965E+08,5.49062E+08,5.51144E+08,5.5321E+08,5.55262E+08,5.57301E+08,5.59332E+08,5.61347E+08,5.63358E+08,5.65369E+08,5.67377E+08,5.69387E+08,5.71376E+08,5.73315E+08,5.75234E+08,5.77156E+08,5.79082E+08,5.81018E+08,5.82962E+08,5.84936E+08,5.86967E+08,5.89028E+08,5.91094E+08,5.9316E+08,5.95217E+08,5.97266E+08,5.99309E+08,6.01345E+08,6.03371E+08,6.05389E+08,6.07409E+08,6.09429E+08,6.11442E+08,6.13448E+08,6.1546E+08,6.17483E+08,6.19517E+08,6.21557E+08,6.23597E+08,6.25645E+08,6.2771E+08,6.29786E+08,6.3185E+08,6.33891E+08,6.35922E+08,6.37967E+08,6.40024E+08,6.42089E+08,6.44158E+08,6.46244E+08,6.48363E+08,6.50517E+08,6.52771E+08,6.55186E+08,6.57406E+08,6.59686E+08,6.6201E+08,6.64353E+08,6.66698E+08,6.69149E+08,6.71821E+08,6.74045E+08,6.76384E+08,6.78783E+08,6.81065E+08,6.83347E+08,6.85678E+08,6.88309E+08,6.91174E+08,6.93487E+08,6.9581E+08,6.98087E+08,7.00355E+08,7.02735E+08,7.05291E+08,7.07414E+08,7.09538E+08,7.11634E+08,7.13711E+08,7.15771E+08,7.17837E+08,7.19958E+08,7.21945E+08,7.23918E+08,7.25877E+08,7.27823E+08,7.29758E+08,7.31679E+08,7.33598E+08,7.35507E+08,7.37411E+08,7.39312E+08,7.41207E+08,7.43088E+08,7.44949E+08,7.4678E+08,7.48583E+08,7.50361E+08,7.52109E+08,7.5383E+08,7.55525E+08,7.57184E+08,7.5881E+08,7.60411E+08,7.61988E+08,7.63549E+08,7.65093E+08,7.66622E+08,7.68144E+08,7.69657E+08,7.71147E+08,7.72618E+08,7.74068E+08,7.75493E+08,7.76894E+08,7.78264E+08,7.79594E+08,7.80891E+08,7.82153E+08,7.83376E+08,7.84573E+08,7.8575E+08,7.86918E+08,7.88082E+08,7.89244E+08,7.90403E+08,7.91555E+08,7.92694E+08,7.93822E+08,7.94929E+08,7.96011E+08,7.97069E+08,7.98108E+08,7.99132E+08,8.00149E+08,8.01158E+08,8.02156E+08,8.03149E+08,8.04144E+08,8.05147E+08,8.06152E+08,8.07154E+08,8.08147E+08,8.0913E+08,8.10101E+08,8.11054E+08,8.11988E+08,8.1291E+08,8.13829E+08,8.14748E+08,8.15667E+08,8.16589E+08,8.17521E+08,8.18463E+08,8.19414E+08,8.20372E+08,8.21337E+08,8.22309E+08,8.23281E+08,8.24251E+08,8.25215E+08,8.2618E+08,8.27144E+08,8.28115E+08,8.29099E+08,8.30102E+08,8.31126E+08,8.32173E+08,8.33255E+08,8.34339E+08,8.3544E+08,8.36553E+08,8.37675E+08,8.38805E+08,8.39993E+08,8.41236E+08,8.42392E+08,8.43571E+08,8.4477E+08,8.45995E+08,8.47252E+08,8.48567E+08,8.49938E+08,8.51248E+08,8.52584E+08,8.53947E+08,8.55335E+08,8.56738E+08,8.58227E+08,8.59788E+08,8.61239E+08,8.6272E+08,8.64219E+08,8.65741E+08,8.67283E+08,8.68946E+08,8.70684E+08,8.72212E+08,8.73764E+08,8.75322E+08,8.7689E+08,8.78469E+08,8.8021E+08,8.82022E+08,8.83592E+08,8.85206E+08,8.86845E+08,8.88487E+08,8.90112E+08,8.91898E+08,8.93761E+08,8.9531E+08,8.96894E+08,8.98484E+08,9.0008E+08,9.01696E+08,9.03479E+08,9.05329E+08,9.06942E+08,9.08589E+08,9.10242E+08,9.119E+08,9.13572E+08,9.15434E+08,9.17368E+08,9.19049E+08,9.20781E+08,9.22537E+08,9.24308E+08,9.26095E+08,9.28089E+08,9.30149E+08,9.31932E+08,9.33774E+08,9.35651E+08,9.37571E+08,9.39523E+08,9.41639E+08,9.43812E+08,9.45762E+08,9.47765E+08,9.49796E+08,9.51841E+08,9.53895E+08,9.56139E+08,9.58434E+08,9.60449E+08,9.62509E+08,9.64582E+08,9.66658E+08,9.68737E+08,9.70989E+08,9.73281E+08,9.75308E+08,9.77376E+08,9.79449E+08,9.81514E+08,9.83569E+08,9.8576E+08,9.87979E+08,9.89967E+08,9.91977E+08,9.93986E+08,9.95993E+08,9.97993E+08,1.00008E+09,1.00218E+09,1.00409E+09,1.006E+09,1.0079E+09,1.00977E+09,1.01163E+09,1.01357E+09,1.01552E+09,1.01728E+09,1.01905E+09,1.0208E+09,1.02254E+09,1.02425E+09,1.026E+09,1.02777E+09,1.0294E+09,1.03103E+09,1.03264E+09,1.03424E+09,1.03582E+09,1.03743E+09,1.03905E+09,1.04056E+09,1.04207E+09,1.04357E+09,1.04506E+09,1.04653E+09,1.04802E+09,1.04952E+09,1.05095E+09,1.05236E+09,1.05376E+09,1.05515E+09,1.05652E+09,1.0579E+09,1.05929E+09,1.06062E+09,1.06195E+09,1.06328E+09,1.0646E+09,1.06592E+09,1.06727E+09,1.06864E+09,1.06995E+09,1.07126E+09,1.07256E+09,1.07387E+09,1.07517E+09,1.07649E+09,1.07781E+09,1.07914E+09,1.08048E+09,1.08181E+09,1.08315E+09,1.08449E+09,1.08584E+09,1.08719E+09,1.08855E+09,1.08992E+09,1.09129E+09,1.09267E+09,1.09406E+09,1.09545E+09,1.09686E+09,1.09827E+09,1.0997E+09,1.10113E+09,1.10257E+09,1.10402E+09,1.10548E+09,1.10696E+09,1.10844E+09,1.10993E+09,1.11144E+09,1.11295E+09
"Cost of Hospitalizations Cumulative[Vermont]",0,0,0,0,0,0,0,0,0,0,0,0,0,0,0,0,0,0,0,0,0,0,0,0,0,0,0,0,0,0,0,0,0,0,0,0,0,0,1.68959,10.172,31.2602,71.6329,139.554,246.12,406.238,639.851,973.1,1439.56,2082.85,2960.49,4149.53,5753.96,7915.38,10827.3,14749.8,20032.6,27152.2,36716.3,49455.6,66264.6,88280.4,116933,153956,201283,260861,334393,423034,527171,646472,779494,923464,1.07573E+06,1.23436E+06,1.39792E+06,1.56534E+06,1.73573E+06,1.90835E+06,2.0826E+06,2.258E+06,2.43415E+06,2.61074E+06,2.78753E+06,2.96433E+06,3.14099E+06,3.31735E+06,3.49331E+06,3.66873E+06,3.84352E+06,4.01755E+06,4.19077E+06,4.36309E+06,4.53447E+06,4.70485E+06,4.87422E+06,5.04253E+06,5.20976E+06,5.37588E+06,5.5408E+06,5.70445E+06,5.86675E+06,6.02761E+06,6.18698E+06,6.34482E+06,6.50107E+06,6.65569E+06,6.8086E+06,6.95972E+06,7.10899E+06,7.25633E+06,7.40165E+06,7.54489E+06,7.68596E+06,7.8248E+06,7.96136E+06,8.09558E+06,8.22745E+06,8.33895E+06,8.43182E+06,8.525E+06,8.61613E+06,8.70435E+06,8.78986E+06,8.87518E+06,8.96316E+06,9.04648E+06,9.12642E+06,9.20559E+06,9.28283E+06,9.35909E+06,9.44265E+06,9.52897E+06,9.61038E+06,9.69055E+06,9.76795E+06,9.84267E+06,9.91447E+06,9.98199E+06,1.00455E+07,1.01065E+07,1.01648E+07,1.02215E+07,1.02768E+07,1.03315E+07,1.03851E+07,1.04368E+07,1.04869E+07,1.05343E+07,1.05793E+07,1.06222E+07,1.06623E+07,1.07002E+07,1.0736E+07,1.07698E+07,1.08024E+07,1.08334E+07,1.08628E+07,1.08905E+07,1.09164E+07,1.09406E+07,1.09634E+07,1.09852E+07,1.10062E+07,1.10267E+07,1.10464E+07,1.10653E+07,1.10833E+07,1.11005E+07,1.11168E+07,1.11323E+07,1.11466E+07,1.11602E+07,1.11728E+07,1.11847E+07,1.11959E+07,1.12063E+07,1.12156E+07,1.12242E+07,1.12325E+07,1.12406E+07,1.12484E+07,1.12561E+07,1.12637E+07,1.12712E+07,1.12787E+07,1.12859E+07,1.12929E+07,1.12997E+07,1.13063E+07,1.13129E+07,1.13192E+07,1.13253E+07,1.13312E+07,1.1337E+07,1.13426E+07,1.13479E+07,1.1353E+07,1.13579E+07,1.13627E+07,1.13674E+07,1.13721E+07,1.13767E+07,1.13813E+07,1.13858E+07,1.13904E+07,1.13949E+07,1.13994E+07,1.14038E+07,1.14082E+07,1.14125E+07,1.14167E+07,1.14208E+07,1.14248E+07,1.14286E+07,1.14321E+07,1.14355E+07,1.14388E+07,1.14419E+07,1.14453E+07,1.14488E+07,1.14524E+07,1.14561E+07,1.14597E+07,1.14633E+07,1.1467E+07,1.14707E+07,1.14743E+07,1.14781E+07,1.14818E+07,1.14856E+07,1.14894E+07,1.14933E+07,1.14971E+07,1.1501E+07,1.15049E+07,1.15087E+07,1.15126E+07,1.15165E+07,1.15204E+07,1.15244E+07,1.15285E+07,1.15326E+07,1.15369E+07,1.15412E+07,1.15456E+07,1.15501E+07,1.15546E+07,1.15593E+07,1.15641E+07,1.1569E+07,1.15741E+07,1.15792E+07,1.15844E+07,1.15897E+07,1.15951E+07,1.16006E+07,1.16061E+07,1.16118E+07,1.16175E+07,1.16234E+07,1.16294E+07,1.16354E+07,1.16417E+07,1.16481E+07,1.16547E+07,1.16614E+07,1.16683E+07,1.16754E+07,1.16827E+07,1.16901E+07,1.16977E+07,1.17055E+07,1.17134E+07,1.17216E+07,1.17299E+07,1.17384E+07,1.17472E+07,1.17562E+07,1.17654E+07,1.17748E+07,1.17844E+07,1.17943E+07,1.18044E+07,1.18148E+07,1.18254E+07,1.18364E+07,1.18476E+07,1.18591E+07,1.18709E+07,1.1883E+07,1.18955E+07,1.19084E+07,1.19217E+07,1.19354E+07,1.19496E+07,1.19643E+07,1.19795E+07,1.19952E+07,1.20114E+07,1.20283E+07,1.20457E+07,1.20638E+07,1.20825E+07,1.2102E+07,1.21222E+07,1.21431E+07,1.21648E+07,1.21873E+07,1.22105E+07,1.22345E+07,1.22593E+07,1.22849E+07,1.23114E+07,1.23388E+07,1.23671E+07,1.23964E+07,1.24266E+07,1.24579E+07,1.24902E+07,1.25236E+07,1.25581E+07,1.25939E+07,1.26309E+07,1.26692E+07,1.2709E+07,1.27503E+07,1.27932E+07,1.2838E+07,1.28846E+07,1.29332E+07,1.29837E+07,1.30363E+07,1.3091E+07,1.31476E+07,1.32062E+07,1.32667E+07,1.33291E+07,1.33934E+07,1.34592E+07,1.35265E+07,1.35948E+07,1.36641E+07,1.37341E+07,1.38045E+07,1.38752E+07,1.39461E+07,1.4017E+07,1.40878E+07,1.41584E+07,1.42286E+07,1.42985E+07,1.43679E+07,1.44368E+07,1.45051E+07,1.45728E+07,1.464E+07,1.47067E+07,1.47728E+07,1.48385E+07,1.49036E+07,1.49684E+07,1.50328E+07,1.50969E+07,1.51608E+07,1.52246E+07,1.52884E+07,1.53522E+07,1.54161E+07,1.548E+07,1.55439E+07,1.56079E+07,1.5672E+07,1.57361E+07,1.58001E+07,1.58641E+07,1.59279E+07,1.59914E+07,1.60546E+07,1.61175E+07,1.61799E+07,1.62418E+07,1.63032E+07,1.63642E+07,1.64246E+07,1.64844E+07,1.65438E+07,1.66027E+07,1.66611E+07,1.67192E+07,1.6777E+07,1.68347E+07,1.68923E+07,1.69499E+07,1.70076E+07,1.70655E+07,1.71237E+07,1.71822E+07,1.72412E+07,1.73007E+07,1.7361E+07,1.7422E+07,1.74839E+07,1.75467E+07,1.76105E+07,1.76754E+07,1.77413E+07,1.78083E+07,1.78764E+07,1.79455E+07,1.80157E+07,1.8087E+07,1.81593E+07,1.82327E+07,1.83069E+07,1.8382E+07,1.84578E+07,1.85341E+07,1.86109E+07,1.86881E+07,1.87657E+07,1.88436E+07,1.89217E+07,1.90001E+07,1.90787E+07,1.91573E+07,1.92359E+07,1.93144E+07,1.93926E+07,1.94707E+07,1.95486E+07,1.96263E+07,1.97038E+07,1.97811E+07,1.98581E+07,1.99348E+07,2.00111E+07,2.0087E+07,2.01623E+07,2.02369E+07,2.03109E+07,2.03842E+07,2.04567E+07,2.05285E+07,2.05994E+07,2.06693E+07,2.07383E+07,2.08061E+07,2.08729E+07,2.09387E+07,2.10034E+07,2.10674E+07,2.11305E+07,2.11929E+07,2.12546E+07,2.13158E+07,2.13764E+07,2.14366E+07,2.14964E+07,2.15561E+07,2.16156E+07,2.16752E+07,2.17349E+07,2.17948E+07,2.18549E+07,2.19153E+07,2.19758E+07,2.20365E+07,2.20973E+07,2.21583E+07,2.22195E+07,2.22809E+07,2.23424E+07,2.24041E+07,2.24659E+07,2.25278E+07,2.25896E+07,2.26514E+07,2.2713E+07,2.27746E+07,2.28359E+07,2.28971E+07,2.29581E+07,2.3019E+07,2.30798E+07,2.31404E+07,2.32008E+07,2.32611E+07,2.33213E+07,2.33815E+07,2.34416E+07,2.35017E+07,2.35617E+07,2.36219E+07,2.36821E+07,2.37424E+07,2.38029E+07,2.38636E+07,2.39243E+07,2.39852E+07,2.40462E+07,2.41073E+07,2.41685E+07,2.42298E+07,2.42912E+07,2.43526E+07,2.44143E+07,2.44761E+07,2.4538E+07,2.46001E+07,2.46623E+07,2.47246E+07,2.4787E+07,2.48496E+07,2.49122E+07,2.4975E+07,2.50378E+07,2.51008E+07,2.51638E+07,2.52269E+07,2.52901E+07,2.53532E+07,2.54162E+07,2.54791E+07,2.55419E+07,2.56044E+07,2.56667E+07,2.57286E+07,2.57903E+07,2.58516E+07,2.59125E+07,2.59731E+07,2.60335E+07,2.60935E+07,2.61532E+07,2.62125E+07,2.62715E+07,2.63301E+07,2.63883E+07,2.64462E+07,2.65037E+07,2.6561E+07,2.6618E+07,2.66749E+07,2.67315E+07,2.67879E+07,2.68441E+07,2.69001E+07,2.69558E+07,2.70113E+07,2.70666E+07,2.71217E+07,2.71767E+07,2.72315E+07,2.72863E+07,2.7341E+07,2.73955E+07,2.74499E+07,2.7504E+07,2.7558E+07,2.76116E+07,2.7664E+07,2.77154E+07,2.77661E+07,2.78161E+07,2.78657E+07,2.7915E+07,2.79631E+07,2.80097E+07,2.80565E+07,2.81029E+07,2.81491E+07,2.81953E+07,2.82414E+07,2.82883E+07,2.83352E+07,2.83811E+07,2.84267E+07,2.84724E+07,2.85181E+07,2.85645E+07,2.86117E+07,2.86599E+07,2.87091E+07,2.87593E+07,2.88107E+07,2.88636E+07,2.8918E+07,2.89738E+07,2.90313E+07,2.90907E+07,2.91527E+07,2.92172E+07,2.92842E+07,2.9354E+07,2.94265E+07,2.95014E+07,2.95789E+07,2.96591E+07,2.97424E+07,2.98291E+07,2.99183E+07,3.00087E+07,3.01009E+07,3.0198E+07,3.02985E+07,3.04005E+07,3.05038E+07,3.06089E+07,3.07167E+07,3.08259E+07,3.09339E+07,3.10419E+07,3.11506E+07,3.12593E+07,3.13681E+07,3.14774E+07,3.15876E+07,3.16986E+07,3.18101E+07,3.19221E+07,3.20349E+07,3.21481E+07,3.22606E+07,3.23732E+07,3.2486E+07,3.25987E+07,3.27108E+07,3.28222E+07,3.29327E+07,3.30429E+07,3.31541E+07,3.32665E+07,3.33794E+07,3.34922E+07,3.36046E+07,3.37167E+07,3.38284E+07,3.39397E+07,3.40506E+07,3.4161E+07,3.42706E+07,3.43791E+07,3.44863E+07,3.45924E+07,3.46974E+07,3.48012E+07,3.4904E+07,3.50055E+07,3.51057E+07,3.52048E+07,3.53027E+07,3.53996E+07,3.54955E+07,3.55904E+07,3.56843E+07,3.57773E+07,3.58694E+07,3.59607E+07,3.60514E+07,3.61414E+07,3.62309E+07,3.63198E+07,3.64082E+07,3.64963E+07,3.6584E+07,3.66714E+07,3.67586E+07,3.68458E+07,3.6933E+07,3.70204E+07,3.71078E+07,3.71954E+07,3.72833E+07,3.73713E+07,3.74597E+07,3.75485E+07,3.76376E+07,3.77274E+07,3.78177E+07,3.79086E+07,3.80004E+07,3.8093E+07,3.81864E+07,3.82808E+07,3.83764E+07,3.84731E+07,3.85711E+07,3.86705E+07,3.87714E+07,3.88741E+07,3.89787E+07,3.90853E+07,3.91943E+07,3.93056E+07,3.94194E+07,3.95359E+07,3.9655E+07,3.97769E+07,3.99015E+07,4.0029E+07,4.01595E+07,4.0293E+07,4.04296E+07,4.05692E+07,4.07116E+07,4.08567E+07,4.10045E+07,4.11546E+07,4.13071E+07,4.14618E+07,4.16185E+07,4.17772E+07,4.19375E+07,4.20994E+07,4.22626E+07,4.24269E+07,4.25921E+07,4.27581E+07,4.29247E+07,4.3092E+07,4.32598E+07,4.34281E+07,4.35969E+07,4.37663E+07,4.39362E+07,4.41068E+07,4.4278E+07,4.445E+07,4.46229E+07,4.47968E+07,4.49718E+07,4.5148E+07,4.53253E+07,4.55039E+07,4.56836E+07,4.58644E+07,4.60463E+07,4.62294E+07,4.64134E+07,4.65983E+07,4.6784E+07,4.69704E+07,4.71573E+07,4.73448E+07,4.75321E+07,4.77183E+07,4.79048E+07,4.80916E+07,4.82779E+07,4.84632E+07,4.86508E+07,4.8841E+07,4.90315E+07,4.92224E+07,4.94137E+07,4.96055E+07,4.97979E+07,4.99908E+07,5.01842E+07,5.0378E+07,5.05724E+07,5.07674E+07,5.0963E+07,5.11592E+07,5.13561E+07,5.15537E+07,5.17519E+07,5.19504E+07,5.21496E+07,5.23496E+07,5.25504E+07,5.2752E+07,5.2954E+07,5.31553E+07,5.3356E+07,5.35571E+07,5.37584E+07,5.39592E+07,5.41598E+07,5.43611E+07,5.4563E+07,5.47657E+07,5.49692E+07,5.51737E+07,5.53792E+07,5.55863E+07,5.57953E+07,5.60066E+07,5.62192E+07,5.64324E+07,5.66457E+07,5.68594E+07,5.70736E+07,5.7288E+07,5.75028E+07,5.77177E+07,5.7933E+07,5.81491E+07,5.83656E+07,5.85823E+07,5.87991E+07,5.90156E+07,5.92319E+07,5.94484E+07,5.9665E+07,5.98816E+07,6.00978E+07,6.03135E+07,6.05288E+07,6.07437E+07,6.09586E+07,6.11735E+07,6.13882E+07,6.16025E+07,6.18167E+07,6.20306E+07,6.22442E+07,6.24576E+07,6.26706E+07,6.28826E+07,6.30938E+07,6.33043E+07,6.35149E+07,6.37256E+07,6.39361E+07,6.41465E+07,6.43567E+07,6.45674E+07,6.47787E+07,6.49903E+07,6.52018E+07,6.54131E+07,6.56235E+07,6.58327E+07,6.60405E+07,6.62465E+07,6.64507E+07,6.66539E+07,6.68569E+07,6.70601E+07,6.72634E+07,6.74665E+07,6.76695E+07,6.78721E+07,6.80742E+07,6.82752E+07,6.84748E+07,6.8672E+07,6.8867E+07,6.90587E+07,6.92473E+07,6.94337E+07,6.96194E+07,6.98048E+07,6.99901E+07,7.0175E+07,7.03601E+07,7.05454E+07,7.07298E+07,7.0913E+07,7.10948E+07,7.12752E+07,7.14535E+07,7.16264E+07,7.17915E+07,7.19536E+07,7.21154E+07,7.22755E+07,7.2434E+07,7.25923E+07,7.27528E+07,7.29147E+07,7.30743E+07,7.32321E+07,7.33878E+07,7.35406E+07,7.36928E+07,7.38447E+07,7.39985E+07,7.41529E+07,7.43056E+07,7.44571E+07,7.46083E+07,7.4758E+07,7.49068E+07,7.5055E+07,7.52019E+07,7.5347E+07,7.54893E+07,7.56274E+07,7.5762E+07,7.58924E+07,7.60185E+07,7.61421E+07,7.62652E+07,7.63899E+07,7.65173E+07,7.66458E+07,7.67744E+07,7.6903E+07,7.70308E+07,7.71571E+07,7.72819E+07,7.7405E+07,7.75264E+07,7.76461E+07,7.77643E+07,7.78818E+07,7.79985E+07,7.81142E+07,7.82291E+07,7.83442E+07,7.84588E+07,7.85726E+07,7.86854E+07,7.87979E+07,7.89103E+07,7.90222E+07,7.91328E+07,7.92432E+07,7.93541E+07,7.94648E+07,7.95752E+07,7.96855E+07,7.97957E+07,7.9906E+07,8.00151E+07,8.01224E+07,8.02289E+07,8.03352E+07,8.04389E+07,8.05394E+07,8.06416E+07,8.07436E+07,8.08465E+07,8.09502E+07,8.1055E+07,8.11627E+07,8.1272E+07,8.13798E+07,8.1488E+07,8.15965E+07,8.17058E+07,8.18162E+07,8.19273E+07,8.20384E+07,8.21504E+07,8.22645E+07,8.23807E+07,8.2498E+07,8.26163E+07,8.27332E+07,8.28478E+07,8.29633E+07,8.30808E+07,8.31997E+07,8.33201E+07,8.3444E+07,8.35689E+07,8.36942E+07,8.38205E+07,8.39485E+07,8.40789E+07,8.4213E+07,8.43485E+07,8.44874E+07,8.46331E+07,8.47859E+07,8.49397E+07,8.50953E+07,8.52538E+07,8.54156E+07,8.55821E+07,8.57512E+07,8.59196E+07,8.60904E+07,8.62634E+07,8.6438E+07,8.66141E+07,8.67913E+07,8.69697E+07,8.715E+07,8.73321E+07,8.75157E+07,8.77005E+07,8.78867E+07,8.80742E+07,8.82618E+07,8.8449E+07,8.86373E+07,8.88267E+07,8.90169E+07,8.9208E+07,8.94004E+07,8.95943E+07,8.97891E+07,8.99839E+07,9.01787E+07,9.03737E+07,9.05687E+07,9.07633E+07,9.09574E+07,9.11514E+07,9.13453E+07,9.15383E+07,9.17307E+07,9.19231E+07,9.21154E+07,9.23072E+07,9.2498E+07,9.26885E+07,9.28784E+07,9.30675E+07,9.32558E+07,9.34435E+07,9.36308E+07,9.38175E+07,9.40031E+07,9.4187E+07,9.43703E+07,9.45523E+07,9.4733E+07,9.49119E+07,9.50887E+07,9.52625E+07,9.54327E+07,9.56011E+07,9.57683E+07,9.59316E+07,9.60916E+07,9.62508E+07,9.64078E+07,9.65644E+07,9.67203E+07,9.68751E+07,9.70294E+07,9.71819E+07,9.7332E+07,9.74813E+07,9.76291E+07,9.77757E+07,9.79214E+07,9.80654E+07,9.8208E+07,9.83494E+07,9.8489E+07,9.86175E+07,9.87624E+07,9.89029E+07,9.90415E+07,9.91787E+07,9.93147E+07,9.94496E+07,9.95834E+07,9.97162E+07,9.98479E+07,9.99788E+07,1.00109E+08,1.00238E+08,1.00366E+08,1.00494E+08,1.00621E+08,1.00747E+08,1.00872E+08,1.00997E+08,1.01122E+08,1.01246E+08,1.01369E+08,1.01492E+08,1.01615E+08,1.01737E+08,1.01859E+08
"Cost of Hospitalizations Cumulative[Virginia]",0,0,0,0,0,0,0,0,0,0,0,0,0,0,0,0,0,0,0,0,0,0,0,0,0,0,0,0,0,0,0,0,0.702337,5.81248,19.6509,46.7486,92.1677,161.837,262.839,403.583,594.211,846.951,1176.83,1602.99,2149.31,2844.88,3724.98,4833.58,6225.23,7968.5,10151.2,12889.3,16334.4,20682.1,26180.7,33147,41984.3,53200.6,67432.9,85476.4,108348,137370,174248,221189,281064,357539,455080,579254,737390,939392,1.1977E+06,1.52779E+06,1.94896E+06,2.48538E+06,3.16719E+06,4.03046E+06,5.11656E+06,6.4719E+06,8.14601E+06,1.0189E+07,1.26541E+07,1.55993E+07,1.90633E+07,2.30442E+07,2.75112E+07,3.24201E+07,3.77208E+07,4.3362E+07,4.92952E+07,5.54774E+07,6.18711E+07,6.84434E+07,7.51642E+07,8.20072E+07,8.89501E+07,9.59721E+07,1.03053E+08,1.10172E+08,1.17312E+08,1.24455E+08,1.31585E+08,1.38687E+08,1.4575E+08,1.52765E+08,1.59722E+08,1.66613E+08,1.73432E+08,1.80172E+08,1.86827E+08,1.93391E+08,1.98526E+08,2.02534E+08,2.06551E+08,2.10485E+08,2.14333E+08,2.18086E+08,2.21752E+08,2.2534E+08,2.28855E+08,2.32331E+08,2.35768E+08,2.39122E+08,2.42389E+08,2.45613E+08,2.48795E+08,2.51901E+08,2.54975E+08,2.58015E+08,2.61011E+08,2.63944E+08,2.66775E+08,2.69537E+08,2.72245E+08,2.74881E+08,2.77457E+08,2.79977E+08,2.8242E+08,2.84794E+08,2.87105E+08,2.89358E+08,2.91548E+08,2.93662E+08,2.95709E+08,2.97713E+08,2.99682E+08,3.01586E+08,3.03416E+08,3.05181E+08,3.0689E+08,3.08533E+08,3.10105E+08,3.11598E+08,3.13026E+08,3.14408E+08,3.15752E+08,3.17059E+08,3.18334E+08,3.19578E+08,3.2079E+08,3.21974E+08,3.23137E+08,3.24289E+08,3.25427E+08,3.26552E+08,3.27659E+08,3.28742E+08,3.29804E+08,3.30846E+08,3.31863E+08,3.3285E+08,3.33811E+08,3.34745E+08,3.35649E+08,3.36528E+08,3.37391E+08,3.38235E+08,3.39061E+08,3.39867E+08,3.40656E+08,3.41432E+08,3.42192E+08,3.42937E+08,3.4367E+08,3.44386E+08,3.45088E+08,3.45782E+08,3.46467E+08,3.47135E+08,3.47781E+08,3.48409E+08,3.49034E+08,3.49657E+08,3.50263E+08,3.50854E+08,3.5144E+08,3.52028E+08,3.52615E+08,3.53195E+08,3.53761E+08,3.54321E+08,3.54872E+08,3.55409E+08,3.5593E+08,3.56443E+08,3.56949E+08,3.5745E+08,3.57951E+08,3.58456E+08,3.58977E+08,3.59516E+08,3.60062E+08,3.60617E+08,3.61185E+08,3.61767E+08,3.62363E+08,3.62973E+08,3.63596E+08,3.64233E+08,3.64886E+08,3.65557E+08,3.66256E+08,3.66969E+08,3.6769E+08,3.68418E+08,3.69165E+08,3.69934E+08,3.70715E+08,3.71501E+08,3.72306E+08,3.73147E+08,3.74027E+08,3.74917E+08,3.75816E+08,3.76726E+08,3.77643E+08,3.78571E+08,3.79506E+08,3.80447E+08,3.8141E+08,3.82394E+08,3.83405E+08,3.84437E+08,3.85484E+08,3.86543E+08,3.87606E+08,3.88667E+08,3.89733E+08,3.90799E+08,3.91861E+08,3.92926E+08,3.93996E+08,3.95074E+08,3.96154E+08,3.97237E+08,3.98328E+08,3.99425E+08,4.00523E+08,4.01615E+08,4.02706E+08,4.03808E+08,4.04913E+08,4.06015E+08,4.07116E+08,4.08219E+08,4.09319E+08,4.10403E+08,4.11481E+08,4.12558E+08,4.13636E+08,4.14713E+08,4.15786E+08,4.16854E+08,4.17924E+08,4.18989E+08,4.20046E+08,4.21092E+08,4.22123E+08,4.23144E+08,4.24154E+08,4.25152E+08,4.26144E+08,4.27133E+08,4.28122E+08,4.29116E+08,4.30109E+08,4.31104E+08,4.32104E+08,4.33105E+08,4.341E+08,4.35091E+08,4.36076E+08,4.37062E+08,4.38057E+08,4.39059E+08,4.40076E+08,4.41112E+08,4.4216E+08,4.43222E+08,4.4429E+08,4.45355E+08,4.46428E+08,4.47508E+08,4.48604E+08,4.49718E+08,4.50847E+08,4.51997E+08,4.53175E+08,4.54375E+08,4.55597E+08,4.56832E+08,4.58074E+08,4.59323E+08,4.60578E+08,4.61837E+08,4.63098E+08,4.64362E+08,4.65626E+08,4.66894E+08,4.6817E+08,4.6945E+08,4.70734E+08,4.7202E+08,4.73312E+08,4.74607E+08,4.75895E+08,4.77169E+08,4.78449E+08,4.7974E+08,4.81042E+08,4.82349E+08,4.83657E+08,4.84977E+08,4.86312E+08,4.87658E+08,4.89014E+08,4.90374E+08,4.91742E+08,4.93128E+08,4.94535E+08,4.95957E+08,4.9739E+08,4.98833E+08,5.00296E+08,5.01781E+08,5.03289E+08,5.04825E+08,5.06387E+08,5.07971E+08,5.09578E+08,5.11214E+08,5.12879E+08,5.14559E+08,5.16248E+08,5.1795E+08,5.19678E+08,5.21431E+08,5.23203E+08,5.25001E+08,5.26833E+08,5.28703E+08,5.30597E+08,5.32514E+08,5.34471E+08,5.36485E+08,5.38555E+08,5.40668E+08,5.42843E+08,5.45098E+08,5.47399E+08,5.49734E+08,5.52106E+08,5.54523E+08,5.56981E+08,5.5945E+08,5.61928E+08,5.64435E+08,5.66932E+08,5.69365E+08,5.71693E+08,5.73925E+08,5.76113E+08,5.7828E+08,5.8043E+08,5.82618E+08,5.849E+08,5.87294E+08,5.89781E+08,5.92312E+08,5.94861E+08,5.97424E+08,6.00015E+08,6.02631E+08,6.05259E+08,6.07906E+08,6.10571E+08,6.13246E+08,6.15932E+08,6.1862E+08,6.21306E+08,6.24002E+08,6.26714E+08,6.29452E+08,6.32232E+08,6.35038E+08,6.37871E+08,6.40734E+08,6.43627E+08,6.46509E+08,6.49344E+08,6.52123E+08,6.54875E+08,6.57625E+08,6.60383E+08,6.63148E+08,6.65937E+08,6.68757E+08,6.716E+08,6.74459E+08,6.77347E+08,6.80252E+08,6.83164E+08,6.8611E+08,6.89121E+08,6.92173E+08,6.95255E+08,6.98346E+08,7.01442E+08,7.04553E+08,7.07679E+08,7.10802E+08,7.13935E+08,7.17085E+08,7.20249E+08,7.23436E+08,7.26637E+08,7.29844E+08,7.33078E+08,7.36339E+08,7.39617E+08,7.42911E+08,7.46221E+08,7.49551E+08,7.52882E+08,7.56218E+08,7.59535E+08,7.62825E+08,7.66081E+08,7.69311E+08,7.7252E+08,7.75721E+08,7.78873E+08,7.81979E+08,7.85057E+08,7.88112E+08,7.91135E+08,7.94122E+08,7.97055E+08,7.99937E+08,8.0278E+08,8.05592E+08,8.08371E+08,8.11115E+08,8.13803E+08,8.16431E+08,8.19022E+08,8.21593E+08,8.24143E+08,8.26688E+08,8.29217E+08,8.31736E+08,8.34255E+08,8.36772E+08,8.3927E+08,8.41742E+08,8.44179E+08,8.46588E+08,8.48985E+08,8.51369E+08,8.53734E+08,8.56093E+08,8.58454E+08,8.60811E+08,8.63165E+08,8.65519E+08,8.67886E+08,8.70263E+08,8.72631E+08,8.74992E+08,8.77357E+08,8.79723E+08,8.82076E+08,8.84409E+08,8.86729E+08,8.89043E+08,8.91358E+08,8.93676E+08,8.95989E+08,8.98292E+08,9.00596E+08,9.02897E+08,9.05193E+08,9.0748E+08,9.09745E+08,9.1199E+08,9.14231E+08,9.1646E+08,9.18686E+08,9.20907E+08,9.23126E+08,9.25341E+08,9.27552E+08,9.29761E+08,9.31971E+08,9.34172E+08,9.36364E+08,9.38552E+08,9.4074E+08,9.42935E+08,9.45128E+08,9.47298E+08,9.49453E+08,9.51601E+08,9.53734E+08,9.55858E+08,9.57972E+08,9.60072E+08,9.62164E+08,9.64242E+08,9.66313E+08,9.68386E+08,9.70459E+08,9.72521E+08,9.74565E+08,9.766E+08,9.78631E+08,9.80656E+08,9.82673E+08,9.8467E+08,9.86651E+08,9.88624E+08,9.90591E+08,9.9256E+08,9.94531E+08,9.96487E+08,9.98419E+08,1.00034E+09,1.00224E+09,1.00414E+09,1.00603E+09,1.00792E+09,1.00983E+09,1.01175E+09,1.01368E+09,1.01562E+09,1.01754E+09,1.01945E+09,1.02135E+09,1.02323E+09,1.02511E+09,1.02696E+09,1.02879E+09,1.03061E+09,1.03241E+09,1.03421E+09,1.036E+09,1.03777E+09,1.03952E+09,1.04129E+09,1.04307E+09,1.04485E+09,1.04663E+09,1.04842E+09,1.05023E+09,1.05205E+09,1.05386E+09,1.05567E+09,1.05749E+09,1.0593E+09,1.06113E+09,1.06296E+09,1.0648E+09,1.06662E+09,1.06843E+09,1.07025E+09,1.07207E+09,1.0739E+09,1.07574E+09,1.0776E+09,1.07948E+09,1.08138E+09,1.08331E+09,1.08528E+09,1.08729E+09,1.08933E+09,1.09142E+09,1.09356E+09,1.09575E+09,1.098E+09,1.10031E+09,1.10269E+09,1.10513E+09,1.10766E+09,1.11031E+09,1.11307E+09,1.11594E+09,1.11891E+09,1.12201E+09,1.12523E+09,1.12856E+09,1.13199E+09,1.13554E+09,1.13918E+09,1.14292E+09,1.14676E+09,1.15071E+09,1.15479E+09,1.15896E+09,1.16323E+09,1.16762E+09,1.17213E+09,1.17675E+09,1.18148E+09,1.18632E+09,1.19129E+09,1.19641E+09,1.20166E+09,1.20705E+09,1.21257E+09,1.21822E+09,1.22402E+09,1.22995E+09,1.23599E+09,1.24214E+09,1.24836E+09,1.25467E+09,1.26105E+09,1.26749E+09,1.27402E+09,1.2806E+09,1.28723E+09,1.29392E+09,1.30064E+09,1.30738E+09,1.31416E+09,1.32098E+09,1.32785E+09,1.33481E+09,1.34184E+09,1.34895E+09,1.35613E+09,1.36339E+09,1.37078E+09,1.37827E+09,1.38574E+09,1.39321E+09,1.40072E+09,1.40831E+09,1.41597E+09,1.42373E+09,1.43169E+09,1.43988E+09,1.44823E+09,1.45662E+09,1.46503E+09,1.47349E+09,1.48195E+09,1.49032E+09,1.49861E+09,1.50683E+09,1.51505E+09,1.5233E+09,1.53156E+09,1.5398E+09,1.54798E+09,1.55613E+09,1.56427E+09,1.57236E+09,1.58039E+09,1.58835E+09,1.59626E+09,1.6041E+09,1.61189E+09,1.6196E+09,1.62723E+09,1.63479E+09,1.64227E+09,1.64967E+09,1.65704E+09,1.66436E+09,1.67159E+09,1.67875E+09,1.68582E+09,1.69283E+09,1.6998E+09,1.70671E+09,1.71354E+09,1.72035E+09,1.7271E+09,1.7338E+09,1.74045E+09,1.74704E+09,1.7536E+09,1.7601E+09,1.76654E+09,1.77298E+09,1.7794E+09,1.78581E+09,1.79216E+09,1.79845E+09,1.80472E+09,1.81097E+09,1.8172E+09,1.82341E+09,1.82958E+09,1.83569E+09,1.84176E+09,1.84777E+09,1.85373E+09,1.85965E+09,1.86552E+09,1.87134E+09,1.87713E+09,1.88292E+09,1.88871E+09,1.89453E+09,1.90037E+09,1.90625E+09,1.91218E+09,1.91814E+09,1.9241E+09,1.93003E+09,1.93596E+09,1.9419E+09,1.94783E+09,1.95376E+09,1.95972E+09,1.96572E+09,1.97173E+09,1.97775E+09,1.98377E+09,1.98978E+09,1.99577E+09,2.00167E+09,2.00741E+09,2.01303E+09,2.01862E+09,2.0242E+09,2.0298E+09,2.03543E+09,2.04117E+09,2.04708E+09,2.05308E+09,2.0591E+09,2.06512E+09,2.07112E+09,2.07709E+09,2.08304E+09,2.08898E+09,2.09492E+09,2.10089E+09,2.10689E+09,2.11294E+09,2.11906E+09,2.12528E+09,2.13161E+09,2.13805E+09,2.1446E+09,2.15126E+09,2.15802E+09,2.1649E+09,2.17189E+09,2.17899E+09,2.18615E+09,2.19335E+09,2.2006E+09,2.20795E+09,2.21552E+09,2.22302E+09,2.23062E+09,2.23832E+09,2.24613E+09,2.25399E+09,2.26255E+09,2.27202E+09,2.27983E+09,2.28793E+09,2.29625E+09,2.30477E+09,2.31342E+09,2.32299E+09,2.33349E+09,2.34214E+09,2.35104E+09,2.36005E+09,2.36907E+09,2.37801E+09,2.38734E+09,2.39719E+09,2.40566E+09,2.41416E+09,2.42261E+09,2.43102E+09,2.43941E+09,2.44798E+09,2.45697E+09,2.46504E+09,2.47308E+09,2.48104E+09,2.48889E+09,2.49664E+09,2.50436E+09,2.51221E+09,2.51957E+09,2.52683E+09,2.53399E+09,2.54103E+09,2.54794E+09,2.55471E+09,2.5614E+09,2.56788E+09,2.5742E+09,2.58038E+09,2.58645E+09,2.59241E+09,2.59828E+09,2.60408E+09,2.60981E+09,2.61548E+09,2.6211E+09,2.62664E+09,2.63211E+09,2.63747E+09,2.64274E+09,2.64791E+09,2.65299E+09,2.65801E+09,2.66298E+09,2.66791E+09,2.6728E+09,2.67767E+09,2.68249E+09,2.68725E+09,2.69195E+09,2.69663E+09,2.70125E+09,2.70583E+09,2.71034E+09,2.71477E+09,2.71914E+09,2.72345E+09,2.72773E+09,2.73199E+09,2.73621E+09,2.74043E+09,2.74463E+09,2.74883E+09,2.75301E+09,2.75715E+09,2.76127E+09,2.76537E+09,2.76944E+09,2.77348E+09,2.77752E+09,2.78154E+09,2.78554E+09,2.78953E+09,2.7935E+09,2.79748E+09,2.80145E+09,2.80542E+09,2.80938E+09,2.81335E+09,2.81732E+09,2.82127E+09,2.82521E+09,2.82912E+09,2.83303E+09,2.83694E+09,2.84086E+09,2.84477E+09,2.84869E+09,2.85261E+09,2.85653E+09,2.86044E+09,2.86435E+09,2.86827E+09,2.8722E+09,2.87613E+09,2.88006E+09,2.88401E+09,2.88799E+09,2.89199E+09,2.896E+09,2.90006E+09,2.90419E+09,2.9084E+09,2.91268E+09,2.91703E+09,2.92144E+09,2.9259E+09,2.9304E+09,2.93492E+09,2.93945E+09,2.94401E+09,2.94861E+09,2.95324E+09,2.95792E+09,2.96265E+09,2.96743E+09,2.97228E+09,2.97717E+09,2.98208E+09,2.98702E+09,2.99202E+09,2.99707E+09,3.00218E+09,3.00736E+09,3.0126E+09,3.01791E+09,3.02328E+09,3.02869E+09,3.03413E+09,3.0396E+09,3.04513E+09,3.05065E+09,3.05616E+09,3.06167E+09,3.0672E+09,3.07273E+09,3.07823E+09,3.08382E+09,3.08929E+09,3.09479E+09,3.10034E+09,3.10591E+09,3.11152E+09,3.11718E+09,3.12297E+09,3.12862E+09,3.1342E+09,3.13986E+09,3.1454E+09,3.15101E+09,3.15673E+09,3.16265E+09,3.16842E+09,3.17438E+09,3.18047E+09,3.18663E+09,3.19282E+09,3.19905E+09,3.20537E+09,3.21167E+09,3.21805E+09,3.22451E+09,3.23103E+09,3.23764E+09,3.24434E+09,3.25121E+09,3.25797E+09,3.26482E+09,3.27174E+09,3.27873E+09,3.28579E+09,3.29291E+09,3.30014E+09,3.30744E+09,3.31478E+09,3.32216E+09,3.32957E+09,3.33701E+09,3.34449E+09,3.35197E+09,3.35945E+09,3.36691E+09,3.37436E+09,3.38178E+09,3.38916E+09,3.39647E+09,3.40375E+09,3.411E+09,3.41822E+09,3.42538E+09,3.4325E+09,3.43958E+09,3.44663E+09,3.45359E+09,3.46047E+09,3.46727E+09,3.47401E+09,3.48066E+09,3.48723E+09,3.49372E+09,3.50015E+09,3.5065E+09,3.51275E+09,3.51891E+09,3.52499E+09,3.53097E+09,3.53686E+09,3.54268E+09,3.54843E+09,3.5541E+09,3.55969E+09,3.5652E+09,3.57065E+09,3.57603E+09,3.58135E+09,3.58659E+09,3.59177E+09,3.59688E+09,3.60195E+09,3.60696E+09,3.61192E+09,3.61683E+09,3.62169E+09,3.6265E+09,3.63128E+09,3.63601E+09,3.6407E+09,3.64535E+09,3.64996E+09,3.65454E+09,3.6591E+09,3.66361E+09,3.6681E+09,3.67255E+09,3.67696E+09,3.68134E+09,3.6857E+09,3.69006E+09,3.69441E+09,3.69875E+09,3.7031E+09,3.70747E+09,3.71185E+09,3.71622E+09,3.72058E+09,3.72494E+09,3.7293E+09,3.73366E+09,3.73802E+09,3.74239E+09,3.74676E+09,3.75111E+09,3.75529E+09,3.75976E+09,3.76421E+09,3.76868E+09,3.77317E+09,3.77767E+09,3.7822E+09,3.78676E+09,3.79133E+09,3.79594E+09,3.80058E+09,3.80524E+09,3.80994E+09,3.81467E+09,3.81943E+09,3.82422E+09,3.82905E+09,3.83392E+09,3.83882E+09,3.84375E+09,3.84873E+09,3.85374E+09,3.85879E+09,3.86387E+09,3.869E+09,3.87416E+09
"Cost of Hospitalizations Cumulative[Washington]",0,0,0,0,0,0,0,0,0,0,0,0,0,0,0,0,0,0,0,0,0,0,0,0,0,0,0,0,0,0,0,0,0,0,0,0,0,0,0,0,0.143764,2.00894,7.95062,20.5919,43.1202,79.6301,135.505,217.776,335.729,502.273,736.001,1063.04,1519.56,2155.54,3040.3,4270.05,5979.04,8355.27,11661.2,16260.5,22654.2,31539,43878.1,60895.5,84255.7,116207,159801,219170,299721,408370,553958,747597,1.00301E+06,1.33647E+06,1.76695E+06,2.31604E+06,3.0072E+06,3.86004E+06,4.87235E+06,6.02352E+06,7.28767E+06,8.64028E+06,1.00607E+07,1.15325E+07,1.3043E+07,1.45818E+07,1.61404E+07,1.7712E+07,1.92911E+07,2.08731E+07,2.24546E+07,2.40324E+07,2.56042E+07,2.7168E+07,2.87222E+07,3.02657E+07,3.17974E+07,3.33163E+07,3.48221E+07,3.63144E+07,3.77931E+07,3.92579E+07,4.07083E+07,4.21443E+07,4.35652E+07,4.49707E+07,4.63602E+07,4.77332E+07,4.90893E+07,5.04282E+07,5.1749E+07,5.3057E+07,5.43546E+07,5.56349E+07,5.69017E+07,5.81568E+07,5.94016E+07,6.06347E+07,6.18518E+07,6.30575E+07,6.42559E+07,6.54405E+07,6.66081E+07,6.77573E+07,6.8895E+07,7.00298E+07,7.11443E+07,7.22378E+07,7.33412E+07,7.44645E+07,7.55834E+07,7.66828E+07,7.77682E+07,7.88452E+07,7.9905E+07,8.09335E+07,8.19217E+07,8.28709E+07,8.37822E+07,8.46541E+07,8.54913E+07,8.62963E+07,8.70722E+07,8.78233E+07,8.85528E+07,8.92621E+07,8.99534E+07,9.06292E+07,9.12907E+07,9.20921E+07,9.30273E+07,9.38889E+07,9.47002E+07,9.54732E+07,9.62144E+07,9.69334E+07,9.75668E+07,9.8075E+07,9.85755E+07,9.90632E+07,9.9538E+07,1.00002E+08,1.00452E+08,1.00885E+08,1.01298E+08,1.01699E+08,1.0209E+08,1.02469E+08,1.02837E+08,1.03201E+08,1.03555E+08,1.03898E+08,1.04229E+08,1.04548E+08,1.04858E+08,1.05157E+08,1.05442E+08,1.05718E+08,1.05986E+08,1.06244E+08,1.06493E+08,1.06733E+08,1.06964E+08,1.07189E+08,1.07406E+08,1.07615E+08,1.07818E+08,1.08017E+08,1.0821E+08,1.08397E+08,1.08579E+08,1.08757E+08,1.08931E+08,1.091E+08,1.09264E+08,1.09436E+08,1.09619E+08,1.09798E+08,1.09976E+08,1.10154E+08,1.10333E+08,1.10512E+08,1.10686E+08,1.10851E+08,1.11021E+08,1.11195E+08,1.11374E+08,1.11559E+08,1.11753E+08,1.11958E+08,1.12176E+08,1.1241E+08,1.12663E+08,1.12938E+08,1.13239E+08,1.13568E+08,1.13926E+08,1.14316E+08,1.14738E+08,1.15197E+08,1.15694E+08,1.1623E+08,1.16809E+08,1.17436E+08,1.18109E+08,1.18829E+08,1.19596E+08,1.204E+08,1.2124E+08,1.22104E+08,1.22978E+08,1.23856E+08,1.24733E+08,1.256E+08,1.2646E+08,1.27301E+08,1.28122E+08,1.28929E+08,1.29723E+08,1.305E+08,1.31256E+08,1.31991E+08,1.32713E+08,1.33424E+08,1.34119E+08,1.34801E+08,1.35466E+08,1.36115E+08,1.36752E+08,1.37374E+08,1.37981E+08,1.38566E+08,1.39131E+08,1.39681E+08,1.40219E+08,1.40742E+08,1.41247E+08,1.41734E+08,1.42207E+08,1.42668E+08,1.43118E+08,1.43552E+08,1.43974E+08,1.44385E+08,1.44787E+08,1.45182E+08,1.4557E+08,1.45947E+08,1.46317E+08,1.46679E+08,1.47034E+08,1.47381E+08,1.47721E+08,1.48055E+08,1.48385E+08,1.48708E+08,1.49018E+08,1.49322E+08,1.49624E+08,1.49925E+08,1.50222E+08,1.50515E+08,1.50809E+08,1.51106E+08,1.51399E+08,1.51688E+08,1.51973E+08,1.52258E+08,1.52546E+08,1.52835E+08,1.53126E+08,1.5342E+08,1.53721E+08,1.54029E+08,1.54342E+08,1.54661E+08,1.54988E+08,1.55326E+08,1.55675E+08,1.56034E+08,1.56401E+08,1.56783E+08,1.57182E+08,1.57602E+08,1.58043E+08,1.58508E+08,1.59E+08,1.59524E+08,1.60075E+08,1.60648E+08,1.61237E+08,1.61852E+08,1.62493E+08,1.63158E+08,1.63842E+08,1.64544E+08,1.65269E+08,1.66018E+08,1.66774E+08,1.67532E+08,1.68293E+08,1.69053E+08,1.69808E+08,1.70558E+08,1.71306E+08,1.72052E+08,1.72797E+08,1.73541E+08,1.74285E+08,1.75035E+08,1.75789E+08,1.76542E+08,1.77292E+08,1.7804E+08,1.78793E+08,1.79546E+08,1.80295E+08,1.81038E+08,1.8178E+08,1.82523E+08,1.83269E+08,1.84012E+08,1.84762E+08,1.8552E+08,1.86281E+08,1.87047E+08,1.87823E+08,1.88605E+08,1.89394E+08,1.90192E+08,1.90998E+08,1.91812E+08,1.92637E+08,1.93468E+08,1.94306E+08,1.95152E+08,1.96006E+08,1.96868E+08,1.97742E+08,1.98623E+08,1.99507E+08,2.00398E+08,2.01294E+08,2.02193E+08,2.03101E+08,2.04018E+08,2.04942E+08,2.05877E+08,2.06825E+08,2.07785E+08,2.08759E+08,2.09748E+08,2.10756E+08,2.11784E+08,2.12833E+08,2.13903E+08,2.14991E+08,2.16098E+08,2.17219E+08,2.18344E+08,2.19465E+08,2.20578E+08,2.21706E+08,2.22845E+08,2.23994E+08,2.25168E+08,2.26377E+08,2.27634E+08,2.28934E+08,2.30256E+08,2.31609E+08,2.32983E+08,2.34375E+08,2.35782E+08,2.37197E+08,2.38619E+08,2.4004E+08,2.41457E+08,2.42889E+08,2.44336E+08,2.45792E+08,2.47256E+08,2.48732E+08,2.50218E+08,2.5171E+08,2.53204E+08,2.54695E+08,2.56162E+08,2.57589E+08,2.58982E+08,2.60365E+08,2.6174E+08,2.63112E+08,2.64468E+08,2.65826E+08,2.67196E+08,2.68565E+08,2.69931E+08,2.71291E+08,2.7264E+08,2.73987E+08,2.75338E+08,2.76706E+08,2.78086E+08,2.79454E+08,2.80812E+08,2.82163E+08,2.83504E+08,2.84831E+08,2.86138E+08,2.87432E+08,2.88714E+08,2.89985E+08,2.91239E+08,2.92477E+08,2.93707E+08,2.94928E+08,2.96133E+08,2.97329E+08,2.98522E+08,2.99711E+08,3.00872E+08,3.02004E+08,3.03131E+08,3.04253E+08,3.05367E+08,3.06467E+08,3.07558E+08,3.08642E+08,3.09714E+08,3.10768E+08,3.11797E+08,3.12822E+08,3.13844E+08,3.1486E+08,3.15878E+08,3.16898E+08,3.17902E+08,3.18902E+08,3.19915E+08,3.20973E+08,3.22064E+08,3.23168E+08,3.24294E+08,3.25432E+08,3.26567E+08,3.27693E+08,3.28814E+08,3.2991E+08,3.30996E+08,3.32071E+08,3.3314E+08,3.34208E+08,3.35274E+08,3.36332E+08,3.37391E+08,3.38448E+08,3.39502E+08,3.40551E+08,3.41594E+08,3.4263E+08,3.43661E+08,3.44688E+08,3.45717E+08,3.46744E+08,3.4777E+08,3.48797E+08,3.49828E+08,3.50864E+08,3.519E+08,3.52936E+08,3.53971E+08,3.55008E+08,3.56045E+08,3.57086E+08,3.58132E+08,3.59181E+08,3.6023E+08,3.61279E+08,3.62329E+08,3.63379E+08,3.64429E+08,3.65484E+08,3.66541E+08,3.67601E+08,3.68663E+08,3.69724E+08,3.70784E+08,3.71839E+08,3.72888E+08,3.73933E+08,3.74974E+08,3.76014E+08,3.77054E+08,3.78097E+08,3.79144E+08,3.80194E+08,3.81246E+08,3.82299E+08,3.83352E+08,3.84402E+08,3.85449E+08,3.86494E+08,3.87535E+08,3.88569E+08,3.89589E+08,3.90597E+08,3.91596E+08,3.92583E+08,3.93563E+08,3.94542E+08,3.95524E+08,3.96515E+08,3.97511E+08,3.98508E+08,3.99508E+08,4.00508E+08,4.01502E+08,4.02488E+08,4.03468E+08,4.04441E+08,4.05406E+08,4.06363E+08,4.07311E+08,4.0825E+08,4.09182E+08,4.10106E+08,4.11024E+08,4.11935E+08,4.12838E+08,4.1373E+08,4.14603E+08,4.15452E+08,4.16268E+08,4.17052E+08,4.17819E+08,4.18582E+08,4.19351E+08,4.20133E+08,4.20925E+08,4.21727E+08,4.2253E+08,4.23328E+08,4.24119E+08,4.24887E+08,4.25629E+08,4.26385E+08,4.27148E+08,4.27923E+08,4.2871E+08,4.295E+08,4.303E+08,4.31112E+08,4.31912E+08,4.32711E+08,4.33508E+08,4.34302E+08,4.35098E+08,4.35895E+08,4.36691E+08,4.37487E+08,4.38284E+08,4.39081E+08,4.39877E+08,4.4067E+08,4.41458E+08,4.42242E+08,4.43021E+08,4.43796E+08,4.44568E+08,4.45333E+08,4.46096E+08,4.46856E+08,4.47612E+08,4.48368E+08,4.49122E+08,4.49876E+08,4.50631E+08,4.51387E+08,4.52134E+08,4.5287E+08,4.53596E+08,4.543E+08,4.54992E+08,4.55687E+08,4.56389E+08,4.57105E+08,4.5783E+08,4.58546E+08,4.59268E+08,4.59999E+08,4.60736E+08,4.61476E+08,4.62224E+08,4.62991E+08,4.63787E+08,4.64608E+08,4.65443E+08,4.66287E+08,4.67139E+08,4.67999E+08,4.68871E+08,4.69763E+08,4.70676E+08,4.71617E+08,4.72588E+08,4.73586E+08,4.74618E+08,4.75693E+08,4.76812E+08,4.7798E+08,4.79198E+08,4.80468E+08,4.81794E+08,4.83185E+08,4.84648E+08,4.86181E+08,4.87784E+08,4.89459E+08,4.912E+08,4.93012E+08,4.94897E+08,4.96849E+08,4.98877E+08,5.00975E+08,5.0314E+08,5.05358E+08,5.07615E+08,5.09906E+08,5.12228E+08,5.14567E+08,5.16918E+08,5.1928E+08,5.21652E+08,5.24028E+08,5.26403E+08,5.28772E+08,5.31139E+08,5.33506E+08,5.35874E+08,5.38238E+08,5.40606E+08,5.42952E+08,5.45281E+08,5.47654E+08,5.50043E+08,5.5244E+08,5.54855E+08,5.57274E+08,5.59727E+08,5.62222E+08,5.64703E+08,5.67188E+08,5.69682E+08,5.72177E+08,5.74677E+08,5.77182E+08,5.79693E+08,5.82216E+08,5.84751E+08,5.87299E+08,5.89863E+08,5.92442E+08,5.95035E+08,5.9764E+08,6.00254E+08,6.02877E+08,6.05503E+08,6.08136E+08,6.10778E+08,6.13428E+08,6.16091E+08,6.18774E+08,6.21474E+08,6.24194E+08,6.2693E+08,6.29682E+08,6.32446E+08,6.35216E+08,6.37993E+08,6.40784E+08,6.43586E+08,6.46399E+08,6.49226E+08,6.52072E+08,6.54935E+08,6.57811E+08,6.60696E+08,6.63591E+08,6.665E+08,6.69424E+08,6.72358E+08,6.75296E+08,6.78237E+08,6.81183E+08,6.84139E+08,6.87101E+08,6.90068E+08,6.93031E+08,6.95973E+08,6.98899E+08,7.01817E+08,7.04737E+08,7.07665E+08,7.10607E+08,7.13574E+08,7.16575E+08,7.19601E+08,7.22637E+08,7.25667E+08,7.28698E+08,7.31728E+08,7.34753E+08,7.37771E+08,7.40789E+08,7.43813E+08,7.46847E+08,7.49884E+08,7.5292E+08,7.55948E+08,7.58952E+08,7.61921E+08,7.64847E+08,7.67725E+08,7.70606E+08,7.73497E+08,7.76412E+08,7.79374E+08,7.82386E+08,7.85441E+08,7.88534E+08,7.91621E+08,7.94697E+08,7.97758E+08,8.00803E+08,8.0383E+08,8.06836E+08,8.09824E+08,8.12797E+08,8.15757E+08,8.18706E+08,8.21643E+08,8.2457E+08,8.27495E+08,8.30423E+08,8.33352E+08,8.36279E+08,8.39195E+08,8.42113E+08,8.45049E+08,8.48009E+08,8.50971E+08,8.53894E+08,8.56775E+08,8.59631E+08,8.62451E+08,8.65244E+08,8.68006E+08,8.70744E+08,8.73495E+08,8.76275E+08,8.79111E+08,8.8201E+08,8.84938E+08,8.87877E+08,8.90832E+08,8.93807E+08,8.96782E+08,8.99741E+08,9.02685E+08,9.05613E+08,9.0853E+08,9.11434E+08,9.14323E+08,9.17201E+08,9.20055E+08,9.22886E+08,9.25708E+08,9.28512E+08,9.31296E+08,9.34065E+08,9.36823E+08,9.39578E+08,9.4232E+08,9.45034E+08,9.47731E+08,9.50409E+08,9.53071E+08,9.55707E+08,9.5831E+08,9.6086E+08,9.6336E+08,9.65812E+08,9.68222E+08,9.70595E+08,9.72947E+08,9.75298E+08,9.77654E+08,9.79998E+08,9.8233E+08,9.8464E+08,9.86928E+08,9.89189E+08,9.91399E+08,9.93561E+08,9.95718E+08,9.97877E+08,1.00003E+09,1.00218E+09,1.00431E+09,1.00645E+09,1.00856E+09,1.01064E+09,1.0127E+09,1.01473E+09,1.01674E+09,1.01874E+09,1.02074E+09,1.02273E+09,1.0247E+09,1.02664E+09,1.02855E+09,1.03043E+09,1.03229E+09,1.03411E+09,1.03588E+09,1.03761E+09,1.03932E+09,1.04101E+09,1.0427E+09,1.04437E+09,1.04606E+09,1.04775E+09,1.04944E+09,1.05112E+09,1.05278E+09,1.05442E+09,1.05604E+09,1.05764E+09,1.05921E+09,1.06077E+09,1.06231E+09,1.06384E+09,1.06535E+09,1.06686E+09,1.06835E+09,1.06983E+09,1.07131E+09,1.07276E+09,1.0742E+09,1.07563E+09,1.07704E+09,1.07844E+09,1.07983E+09,1.08121E+09,1.08258E+09,1.08393E+09,1.08529E+09,1.08664E+09,1.08798E+09,1.08933E+09,1.09066E+09,1.09199E+09,1.09332E+09,1.09463E+09,1.09592E+09,1.09719E+09,1.09843E+09,1.09965E+09,1.10085E+09,1.10206E+09,1.10328E+09,1.10451E+09,1.10576E+09,1.10703E+09,1.10832E+09,1.10963E+09,1.11093E+09,1.11222E+09,1.11351E+09,1.11478E+09,1.11603E+09,1.11727E+09,1.11851E+09,1.11974E+09,1.12097E+09,1.1222E+09,1.12344E+09,1.12469E+09,1.12595E+09,1.12722E+09,1.12849E+09,1.12978E+09,1.13107E+09,1.13237E+09,1.13368E+09,1.135E+09,1.13633E+09,1.13766E+09,1.13899E+09,1.14033E+09,1.14169E+09,1.14305E+09,1.14442E+09,1.14579E+09,1.14717E+09,1.14854E+09,1.14992E+09,1.15127E+09,1.15259E+09,1.15392E+09,1.15525E+09,1.15658E+09,1.15793E+09,1.15929E+09,1.16067E+09,1.16206E+09,1.16341E+09,1.16473E+09,1.16606E+09,1.16741E+09,1.16877E+09,1.17016E+09,1.17158E+09,1.17304E+09,1.17451E+09,1.17597E+09,1.17741E+09,1.17886E+09,1.18033E+09,1.18184E+09,1.18341E+09,1.18506E+09,1.18679E+09,1.18857E+09,1.19039E+09,1.19225E+09,1.19414E+09,1.19608E+09,1.19806E+09,1.20009E+09,1.20218E+09,1.20435E+09,1.20657E+09,1.20886E+09,1.21122E+09,1.21367E+09,1.21619E+09,1.21878E+09,1.22143E+09,1.22416E+09,1.22695E+09,1.22977E+09,1.23262E+09,1.23549E+09,1.23838E+09,1.24128E+09,1.2442E+09,1.24712E+09,1.25005E+09,1.25299E+09,1.25592E+09,1.25886E+09,1.26179E+09,1.2647E+09,1.26759E+09,1.27048E+09,1.27336E+09,1.27622E+09,1.27906E+09,1.2819E+09,1.28473E+09,1.28754E+09,1.29033E+09,1.29309E+09,1.29583E+09,1.29854E+09,1.30124E+09,1.30391E+09,1.30655E+09,1.30917E+09,1.31176E+09,1.31433E+09,1.31687E+09,1.31938E+09,1.32186E+09,1.32431E+09,1.32674E+09,1.32913E+09,1.3315E+09,1.33384E+09,1.33614E+09,1.33842E+09,1.34067E+09,1.34288E+09,1.34505E+09,1.34719E+09,1.3493E+09,1.35137E+09,1.35341E+09,1.35541E+09,1.35737E+09,1.35931E+09,1.3612E+09,1.36307E+09,1.36491E+09,1.3667E+09,1.36847E+09,1.3702E+09,1.37192E+09,1.3736E+09,1.37527E+09,1.37691E+09,1.37853E+09,1.38014E+09,1.38172E+09,1.38328E+09,1.38482E+09,1.38633E+09,1.38782E+09,1.38928E+09,1.39073E+09,1.39216E+09,1.39355E+09,1.39491E+09,1.39625E+09,1.39773E+09,1.39919E+09,1.40064E+09,1.4021E+09,1.40356E+09,1.40504E+09,1.40654E+09,1.40806E+09,1.4096E+09,1.41117E+09,1.41277E+09,1.41441E+09,1.41608E+09,1.4178E+09,1.41957E+09,1.42139E+09,1.42325E+09,1.42517E+09,1.42714E+09,1.42916E+09,1.43123E+09,1.43335E+09,1.43551E+09,1.43772E+09,1.43996E+09
"Cost of Hospitalizations Cumulative[West Virginia]",0,0,0,0,0,0,0,0,0,0,0,0,0,0,0,0,0,0,0,0,0,0,0,0,0,0,0,0,0,0,0,0,0,0.452515,6.26114,24.516,62.7274,129.347,234.13,388.699,607.275,907.557,1312.42,1851.63,2561.7,3486.61,4681.31,6217.24,8185.87,10704,13921.6,18033.7,23295.6,30040.9,38702.1,49836.3,64158.9,82570.6,106189,136413,175048,224430,287523,368049,470696,601272,766653,974895,1.23552E+06,1.55953E+06,1.95886E+06,2.44566E+06,3.03183E+06,3.72854E+06,4.54494E+06,5.48645E+06,6.55431E+06,7.74215E+06,9.01974E+06,1.03499E+07,1.17056E+07,1.30695E+07,1.44303E+07,1.57799E+07,1.71123E+07,1.84233E+07,1.97096E+07,2.09687E+07,2.21993E+07,2.34004E+07,2.45715E+07,2.57126E+07,2.6824E+07,2.7906E+07,2.89592E+07,2.99846E+07,3.09831E+07,3.19556E+07,3.29029E+07,3.38257E+07,3.47245E+07,3.55998E+07,3.64523E+07,3.72825E+07,3.80907E+07,3.88775E+07,3.96431E+07,4.03881E+07,4.11128E+07,4.18174E+07,4.25024E+07,4.31679E+07,4.38141E+07,4.44414E+07,4.505E+07,4.56402E+07,4.60974E+07,4.64212E+07,4.67301E+07,4.7035E+07,4.73362E+07,4.76254E+07,4.7899E+07,4.81707E+07,4.84506E+07,4.87241E+07,4.89872E+07,4.9253E+07,4.95187E+07,4.97771E+07,5.00294E+07,5.02746E+07,5.05187E+07,5.07609E+07,5.09976E+07,5.12269E+07,5.14452E+07,5.16506E+07,5.18459E+07,5.20325E+07,5.22115E+07,5.23858E+07,5.25566E+07,5.27211E+07,5.28792E+07,5.30329E+07,5.3179E+07,5.33172E+07,5.34477E+07,5.35699E+07,5.36846E+07,5.3792E+07,5.38914E+07,5.39861E+07,5.40767E+07,5.41628E+07,5.42451E+07,5.43254E+07,5.44036E+07,5.44799E+07,5.45547E+07,5.46292E+07,5.47052E+07,5.47863E+07,5.4872E+07,5.4957E+07,5.50403E+07,5.5123E+07,5.52045E+07,5.5284E+07,5.53592E+07,5.54288E+07,5.54955E+07,5.5561E+07,5.56241E+07,5.56851E+07,5.57444E+07,5.58018E+07,5.58566E+07,5.59101E+07,5.59632E+07,5.60165E+07,5.60706E+07,5.61251E+07,5.61801E+07,5.62352E+07,5.62906E+07,5.63469E+07,5.64043E+07,5.64627E+07,5.6521E+07,5.65793E+07,5.66391E+07,5.66996E+07,5.67608E+07,5.68217E+07,5.68841E+07,5.69506E+07,5.70201E+07,5.70911E+07,5.71652E+07,5.72444E+07,5.73289E+07,5.74165E+07,5.7505E+07,5.75958E+07,5.76907E+07,5.77906E+07,5.78955E+07,5.80046E+07,5.81186E+07,5.82381E+07,5.83649E+07,5.84973E+07,5.86365E+07,5.8782E+07,5.89341E+07,5.90935E+07,5.92626E+07,5.94407E+07,5.96295E+07,5.98271E+07,6.00337E+07,6.02516E+07,6.04841E+07,6.07328E+07,6.09995E+07,6.12862E+07,6.15949E+07,6.19274E+07,6.22868E+07,6.26753E+07,6.30865E+07,6.35246E+07,6.39995E+07,6.45051E+07,6.50347E+07,6.5585E+07,6.61507E+07,6.67387E+07,6.73346E+07,6.79175E+07,6.84949E+07,6.9074E+07,6.96475E+07,7.021E+07,7.0766E+07,7.13144E+07,7.18595E+07,7.23993E+07,7.29214E+07,7.34269E+07,7.39166E+07,7.4386E+07,7.4839E+07,7.5276E+07,7.56963E+07,7.61024E+07,7.64948E+07,7.68805E+07,7.72608E+07,7.76319E+07,7.79931E+07,7.83434E+07,7.86832E+07,7.9019E+07,7.93482E+07,7.96689E+07,7.99855E+07,8.02991E+07,8.06059E+07,8.0906E+07,8.11974E+07,8.14808E+07,8.17583E+07,8.20281E+07,8.22906E+07,8.25481E+07,8.28024E+07,8.30554E+07,8.33055E+07,8.35523E+07,8.37955E+07,8.40326E+07,8.42657E+07,8.44954E+07,8.47186E+07,8.49357E+07,8.51477E+07,8.5356E+07,8.55626E+07,8.57662E+07,8.5964E+07,8.6158E+07,8.63497E+07,8.65395E+07,8.6727E+07,8.6912E+07,8.70922E+07,8.72682E+07,8.74438E+07,8.76201E+07,8.77975E+07,8.79766E+07,8.81561E+07,8.83369E+07,8.85194E+07,8.87033E+07,8.88883E+07,8.90736E+07,8.92579E+07,8.94435E+07,8.96309E+07,8.98194E+07,9.00076E+07,9.01966E+07,9.03886E+07,9.05845E+07,9.07832E+07,9.09844E+07,9.11884E+07,9.13962E+07,9.16082E+07,9.18247E+07,9.20453E+07,9.22711E+07,9.25027E+07,9.2741E+07,9.29863E+07,9.3239E+07,9.34994E+07,9.37687E+07,9.40471E+07,9.43359E+07,9.46381E+07,9.49548E+07,9.52867E+07,9.56342E+07,9.59989E+07,9.63844E+07,9.67898E+07,9.72131E+07,9.76582E+07,9.81282E+07,9.8625E+07,9.91509E+07,9.9704E+07,1.00286E+08,1.00905E+08,1.01561E+08,1.02253E+08,1.02981E+08,1.03746E+08,1.04551E+08,1.05387E+08,1.06239E+08,1.0711E+08,1.07995E+08,1.0889E+08,1.09787E+08,1.10678E+08,1.1157E+08,1.12468E+08,1.13363E+08,1.14252E+08,1.15132E+08,1.16002E+08,1.16861E+08,1.1771E+08,1.18549E+08,1.1938E+08,1.20204E+08,1.21019E+08,1.21828E+08,1.22629E+08,1.23427E+08,1.24219E+08,1.25002E+08,1.25778E+08,1.26546E+08,1.27303E+08,1.28048E+08,1.28781E+08,1.29503E+08,1.30213E+08,1.30911E+08,1.31608E+08,1.32308E+08,1.33009E+08,1.33711E+08,1.34416E+08,1.35123E+08,1.35832E+08,1.36543E+08,1.37255E+08,1.3797E+08,1.38686E+08,1.39405E+08,1.4013E+08,1.40859E+08,1.41589E+08,1.4232E+08,1.43056E+08,1.43794E+08,1.44532E+08,1.4527E+08,1.4601E+08,1.46752E+08,1.47491E+08,1.48221E+08,1.48944E+08,1.49664E+08,1.50383E+08,1.51099E+08,1.51814E+08,1.52527E+08,1.5324E+08,1.53951E+08,1.54661E+08,1.55371E+08,1.5608E+08,1.56789E+08,1.57499E+08,1.58207E+08,1.58915E+08,1.59621E+08,1.60326E+08,1.6103E+08,1.61734E+08,1.62438E+08,1.63143E+08,1.63847E+08,1.64552E+08,1.65257E+08,1.65963E+08,1.66667E+08,1.67367E+08,1.68063E+08,1.68756E+08,1.69445E+08,1.70136E+08,1.70826E+08,1.71511E+08,1.72195E+08,1.72874E+08,1.73544E+08,1.74204E+08,1.74853E+08,1.75488E+08,1.76115E+08,1.76738E+08,1.77363E+08,1.77988E+08,1.78609E+08,1.79224E+08,1.79831E+08,1.80424E+08,1.80994E+08,1.81555E+08,1.8211E+08,1.82659E+08,1.83203E+08,1.83736E+08,1.84273E+08,1.84823E+08,1.85368E+08,1.85912E+08,1.86456E+08,1.86999E+08,1.87549E+08,1.88102E+08,1.88662E+08,1.89226E+08,1.89788E+08,1.90344E+08,1.90896E+08,1.91442E+08,1.91987E+08,1.92525E+08,1.93055E+08,1.93581E+08,1.94104E+08,1.94624E+08,1.9514E+08,1.9565E+08,1.96158E+08,1.96663E+08,1.97166E+08,1.97668E+08,1.98165E+08,1.98661E+08,1.99155E+08,1.99643E+08,2.00125E+08,2.00605E+08,2.0108E+08,2.01549E+08,2.02012E+08,2.02473E+08,2.02929E+08,2.03381E+08,2.03827E+08,2.0427E+08,2.04713E+08,2.05153E+08,2.05592E+08,2.06033E+08,2.06469E+08,2.06902E+08,2.07331E+08,2.07756E+08,2.08179E+08,2.08595E+08,2.09002E+08,2.09407E+08,2.0981E+08,2.10212E+08,2.10615E+08,2.11015E+08,2.11415E+08,2.11812E+08,2.12208E+08,2.12602E+08,2.12994E+08,2.13384E+08,2.13772E+08,2.14159E+08,2.14547E+08,2.14933E+08,2.15319E+08,2.15707E+08,2.16096E+08,2.16484E+08,2.16874E+08,2.17267E+08,2.17663E+08,2.18064E+08,2.18465E+08,2.18866E+08,2.19269E+08,2.19672E+08,2.20078E+08,2.20485E+08,2.20894E+08,2.21307E+08,2.21721E+08,2.22141E+08,2.22564E+08,2.22987E+08,2.23413E+08,2.23842E+08,2.24274E+08,2.2471E+08,2.25152E+08,2.25599E+08,2.26051E+08,2.26505E+08,2.26968E+08,2.27437E+08,2.27909E+08,2.28381E+08,2.28852E+08,2.29327E+08,2.29809E+08,2.30293E+08,2.30775E+08,2.31253E+08,2.31734E+08,2.32221E+08,2.32708E+08,2.33194E+08,2.33679E+08,2.34169E+08,2.3466E+08,2.35144E+08,2.35622E+08,2.36097E+08,2.36567E+08,2.37036E+08,2.37503E+08,2.37968E+08,2.3843E+08,2.3889E+08,2.3935E+08,2.3981E+08,2.40266E+08,2.40719E+08,2.41171E+08,2.41622E+08,2.42071E+08,2.42519E+08,2.42967E+08,2.43416E+08,2.43864E+08,2.44312E+08,2.44757E+08,2.45203E+08,2.45652E+08,2.461E+08,2.46548E+08,2.46995E+08,2.4744E+08,2.47896E+08,2.4837E+08,2.48842E+08,2.49314E+08,2.49791E+08,2.50272E+08,2.50757E+08,2.51235E+08,2.51694E+08,2.52156E+08,2.52621E+08,2.53086E+08,2.53552E+08,2.54023E+08,2.54504E+08,2.54997E+08,2.55491E+08,2.55987E+08,2.56487E+08,2.56991E+08,2.57501E+08,2.58015E+08,2.58534E+08,2.5907E+08,2.59622E+08,2.60197E+08,2.60795E+08,2.61421E+08,2.62077E+08,2.62771E+08,2.63502E+08,2.64263E+08,2.65055E+08,2.65885E+08,2.66758E+08,2.67672E+08,2.68622E+08,2.6961E+08,2.70633E+08,2.71691E+08,2.72784E+08,2.73915E+08,2.75074E+08,2.76258E+08,2.77465E+08,2.78693E+08,2.79932E+08,2.81183E+08,2.82452E+08,2.8374E+08,2.85045E+08,2.86361E+08,2.87686E+08,2.89013E+08,2.90343E+08,2.91675E+08,2.93013E+08,2.94351E+08,2.95687E+08,2.97019E+08,2.98346E+08,2.99649E+08,3.0093E+08,3.02208E+08,3.03504E+08,3.04814E+08,3.0612E+08,3.07419E+08,3.08724E+08,3.10035E+08,3.1134E+08,3.12627E+08,3.13892E+08,3.15144E+08,3.16389E+08,3.17631E+08,3.18864E+08,3.20086E+08,3.2131E+08,3.2254E+08,3.2376E+08,3.2497E+08,3.26168E+08,3.2736E+08,3.28543E+08,3.29705E+08,3.30839E+08,3.31967E+08,3.33087E+08,3.34204E+08,3.35319E+08,3.36429E+08,3.37529E+08,3.38624E+08,3.39713E+08,3.40802E+08,3.41888E+08,3.42964E+08,3.44035E+08,3.45106E+08,3.46181E+08,3.47263E+08,3.48345E+08,3.49425E+08,3.50512E+08,3.51601E+08,3.52688E+08,3.53772E+08,3.54855E+08,3.5594E+08,3.5703E+08,3.58121E+08,3.59211E+08,3.60304E+08,3.61403E+08,3.62504E+08,3.63614E+08,3.64735E+08,3.65861E+08,3.66993E+08,3.68139E+08,3.69299E+08,3.70477E+08,3.71671E+08,3.7288E+08,3.74111E+08,3.75358E+08,3.76619E+08,3.77888E+08,3.79164E+08,3.80452E+08,3.81747E+08,3.83051E+08,3.84364E+08,3.85684E+08,3.87016E+08,3.88357E+08,3.89702E+08,3.91048E+08,3.9239E+08,3.93718E+08,3.95018E+08,3.96283E+08,3.97541E+08,3.98809E+08,4.00091E+08,4.01396E+08,4.02729E+08,4.04101E+08,4.05507E+08,4.06923E+08,4.08337E+08,4.09749E+08,4.11167E+08,4.12588E+08,4.14012E+08,4.15439E+08,4.1687E+08,4.18311E+08,4.19759E+08,4.21213E+08,4.22671E+08,4.24139E+08,4.25616E+08,4.27104E+08,4.28603E+08,4.30108E+08,4.31619E+08,4.33139E+08,4.34652E+08,4.36149E+08,4.37625E+08,4.39094E+08,4.40566E+08,4.42038E+08,4.43516E+08,4.45012E+08,4.46518E+08,4.48035E+08,4.49572E+08,4.51162E+08,4.52828E+08,4.54424E+08,4.56041E+08,4.57677E+08,4.59328E+08,4.60985E+08,4.62639E+08,4.64294E+08,4.65959E+08,4.67645E+08,4.6935E+08,4.71064E+08,4.72777E+08,4.74492E+08,4.76204E+08,4.77909E+08,4.79614E+08,4.81329E+08,4.83061E+08,4.84816E+08,4.86584E+08,4.88366E+08,4.90158E+08,4.91942E+08,4.9372E+08,4.9549E+08,4.97257E+08,4.99023E+08,5.00788E+08,5.02551E+08,5.04314E+08,5.06066E+08,5.07805E+08,5.09534E+08,5.1125E+08,5.12956E+08,5.1463E+08,5.16274E+08,5.17911E+08,5.19547E+08,5.21175E+08,5.2279E+08,5.24389E+08,5.25994E+08,5.27609E+08,5.29219E+08,5.30824E+08,5.32425E+08,5.3402E+08,5.35594E+08,5.37143E+08,5.38673E+08,5.4019E+08,5.41695E+08,5.43192E+08,5.4468E+08,5.46171E+08,5.4766E+08,5.4913E+08,5.50585E+08,5.52029E+08,5.53456E+08,5.54863E+08,5.56243E+08,5.57588E+08,5.58904E+08,5.60194E+08,5.61465E+08,5.6273E+08,5.63985E+08,5.65229E+08,5.66464E+08,5.6769E+08,5.68903E+08,5.701E+08,5.71279E+08,5.72443E+08,5.73586E+08,5.747E+08,5.75791E+08,5.76863E+08,5.7792E+08,5.7896E+08,5.79975E+08,5.80965E+08,5.81935E+08,5.8289E+08,5.83834E+08,5.84767E+08,5.85686E+08,5.86588E+08,5.87471E+08,5.8834E+08,5.89191E+08,5.90028E+08,5.90849E+08,5.91655E+08,5.92447E+08,5.93223E+08,5.93982E+08,5.94727E+08,5.95458E+08,5.96177E+08,5.96882E+08,5.9757E+08,5.98232E+08,5.98872E+08,5.99494E+08,6.00101E+08,6.00697E+08,6.0129E+08,6.01887E+08,6.02495E+08,6.03114E+08,6.03735E+08,6.04358E+08,6.0498E+08,6.0559E+08,6.06183E+08,6.06767E+08,6.07343E+08,6.07912E+08,6.08482E+08,6.09058E+08,6.09641E+08,6.10233E+08,6.10831E+08,6.11433E+08,6.12038E+08,6.12646E+08,6.13253E+08,6.13865E+08,6.14481E+08,6.15103E+08,6.15738E+08,6.16391E+08,6.17056E+08,6.17727E+08,6.18403E+08,6.19088E+08,6.19788E+08,6.20486E+08,6.21184E+08,6.21876E+08,6.22572E+08,6.23273E+08,6.2397E+08,6.2467E+08,6.25406E+08,6.26133E+08,6.26886E+08,6.27655E+08,6.28443E+08,6.29259E+08,6.30106E+08,6.30954E+08,6.31777E+08,6.32591E+08,6.33422E+08,6.34278E+08,6.35156E+08,6.36067E+08,6.37017E+08,6.38035E+08,6.39101E+08,6.40201E+08,6.41325E+08,6.42468E+08,6.43641E+08,6.4488E+08,6.46104E+08,6.47381E+08,6.48696E+08,6.50051E+08,6.51444E+08,6.52867E+08,6.54321E+08,6.55813E+08,6.57344E+08,6.58918E+08,6.60523E+08,6.62166E+08,6.6386E+08,6.65612E+08,6.67374E+08,6.69158E+08,6.70964E+08,6.72792E+08,6.74643E+08,6.76518E+08,6.78398E+08,6.80278E+08,6.82159E+08,6.84034E+08,6.85901E+08,6.87761E+08,6.8961E+08,6.91442E+08,6.9326E+08,6.95058E+08,6.96839E+08,6.98597E+08,7.00329E+08,7.02026E+08,7.03676E+08,7.05303E+08,7.06906E+08,7.0848E+08,7.10025E+08,7.11545E+08,7.13052E+08,7.14528E+08,7.15967E+08,7.17368E+08,7.18737E+08,7.20069E+08,7.21368E+08,7.22646E+08,7.23898E+08,7.25123E+08,7.26318E+08,7.27485E+08,7.28628E+08,7.29751E+08,7.30852E+08,7.3193E+08,7.32985E+08,7.34019E+08,7.35033E+08,7.36034E+08,7.37018E+08,7.37985E+08,7.3894E+08,7.39882E+08,7.4081E+08,7.41729E+08,7.42636E+08,7.43534E+08,7.44426E+08,7.45307E+08,7.46182E+08,7.47054E+08,7.47918E+08,7.48772E+08,7.49614E+08,7.50443E+08,7.51288E+08,7.52125E+08,7.52963E+08,7.53802E+08,7.54646E+08,7.55497E+08,7.56345E+08,7.57177E+08,7.57995E+08,7.58811E+08,7.59633E+08,7.60466E+08,7.61308E+08,7.62161E+08,7.63027E+08,7.63903E+08,7.64741E+08,7.65731E+08,7.66718E+08,7.67718E+08,7.68734E+08,7.69769E+08,7.70824E+08,7.71901E+08,7.73001E+08,7.74124E+08,7.75272E+08,7.76444E+08,7.77642E+08,7.78864E+08,7.80112E+08,7.81384E+08,7.82681E+08,7.84002E+08,7.85347E+08,7.86714E+08,7.88102E+08,7.89511E+08,7.90938E+08,7.92383E+08,7.93844E+08,7.9532E+08
"Cost of Hospitalizations Cumulative[Wisconsin]",0,0,0,0,0,0,0,0,0,0,0,0,0,0,0,0,0,0,0,0,0,0,0,0,0,0,0,0,0,0,0,0,0,0,0,0,0,0,0,0,0,0,0,0,0,0,1.14222,9.45009,31.9751,76.2756,151.224,268.005,441.496,691.836,1046.44,1542.7,2230.27,3174.65,4461.43,6205.28,8567.84,11783.8,16189.1,22254,30634.2,42236.8,58291.2,80430.7,110830,152335,208544,284090,384994,519057,696112,927815,1.22728E+06,1.60868E+06,2.08748E+06,2.68076E+06,3.40637E+06,4.28172E+06,5.32314E+06,6.54632E+06,7.96703E+06,9.59762E+06,1.14451E+07,1.35088E+07,1.57342E+07,1.80403E+07,2.03866E+07,2.2752E+07,2.51236E+07,2.74933E+07,2.98558E+07,3.22085E+07,3.45499E+07,3.68794E+07,3.91965E+07,4.15005E+07,4.37915E+07,4.60697E+07,4.83354E+07,5.05888E+07,5.28295E+07,5.50571E+07,5.72709E+07,5.947E+07,6.16535E+07,6.34576E+07,6.49712E+07,6.64911E+07,6.80225E+07,6.95492E+07,7.10462E+07,7.25152E+07,7.39675E+07,7.54112E+07,7.68502E+07,7.82889E+07,7.97264E+07,8.11788E+07,8.26463E+07,8.41105E+07,8.55889E+07,8.7098E+07,8.864E+07,9.02156E+07,9.17933E+07,9.33351E+07,9.48423E+07,9.63339E+07,9.78066E+07,9.92417E+07,1.00635E+08,1.01986E+08,1.03305E+08,1.04602E+08,1.05876E+08,1.07127E+08,1.08352E+08,1.09556E+08,1.10741E+08,1.1191E+08,1.13061E+08,1.14185E+08,1.15283E+08,1.16363E+08,1.17423E+08,1.18459E+08,1.1947E+08,1.20454E+08,1.21416E+08,1.22358E+08,1.2328E+08,1.24186E+08,1.25077E+08,1.25954E+08,1.26814E+08,1.27661E+08,1.285E+08,1.29329E+08,1.30146E+08,1.30952E+08,1.31748E+08,1.32537E+08,1.33317E+08,1.34087E+08,1.3485E+08,1.35604E+08,1.36346E+08,1.37076E+08,1.37791E+08,1.38491E+08,1.39176E+08,1.39849E+08,1.40513E+08,1.41163E+08,1.41798E+08,1.42424E+08,1.43038E+08,1.43647E+08,1.44251E+08,1.44853E+08,1.4545E+08,1.46039E+08,1.46619E+08,1.47196E+08,1.47771E+08,1.48337E+08,1.48887E+08,1.49426E+08,1.4996E+08,1.5049E+08,1.51009E+08,1.51518E+08,1.52018E+08,1.52514E+08,1.53008E+08,1.53497E+08,1.53982E+08,1.54463E+08,1.5494E+08,1.55413E+08,1.55883E+08,1.56346E+08,1.56801E+08,1.57249E+08,1.57693E+08,1.58139E+08,1.58589E+08,1.59045E+08,1.59508E+08,1.59981E+08,1.60465E+08,1.60963E+08,1.61477E+08,1.62012E+08,1.62574E+08,1.63165E+08,1.63793E+08,1.64459E+08,1.65172E+08,1.6594E+08,1.6677E+08,1.67665E+08,1.68638E+08,1.69703E+08,1.7087E+08,1.7214E+08,1.73516E+08,1.75004E+08,1.76614E+08,1.78321E+08,1.80069E+08,1.81816E+08,1.83559E+08,1.85293E+08,1.87004E+08,1.88682E+08,1.90323E+08,1.91936E+08,1.93524E+08,1.95085E+08,1.96606E+08,1.9809E+08,1.99542E+08,2.00963E+08,2.02353E+08,2.03711E+08,2.05037E+08,2.0633E+08,2.07589E+08,2.08816E+08,2.10006E+08,2.11161E+08,2.12279E+08,2.13362E+08,2.14422E+08,2.1546E+08,2.16471E+08,2.17455E+08,2.18414E+08,2.1935E+08,2.20265E+08,2.21156E+08,2.22024E+08,2.2287E+08,2.23694E+08,2.24496E+08,2.25276E+08,2.26033E+08,2.26768E+08,2.27482E+08,2.28179E+08,2.28859E+08,2.29521E+08,2.30164E+08,2.3079E+08,2.31401E+08,2.31996E+08,2.32573E+08,2.33134E+08,2.33681E+08,2.34218E+08,2.34745E+08,2.3526E+08,2.35767E+08,2.36268E+08,2.36763E+08,2.37252E+08,2.37738E+08,2.38222E+08,2.38704E+08,2.39185E+08,2.39668E+08,2.40157E+08,2.40653E+08,2.41156E+08,2.4167E+08,2.42196E+08,2.42739E+08,2.43286E+08,2.43853E+08,2.44456E+08,2.45099E+08,2.45795E+08,2.46554E+08,2.47389E+08,2.48315E+08,2.49331E+08,2.50447E+08,2.51675E+08,2.53026E+08,2.54511E+08,2.56139E+08,2.57912E+08,2.59837E+08,2.61924E+08,2.6416E+08,2.66513E+08,2.68936E+08,2.71382E+08,2.7382E+08,2.76228E+08,2.78598E+08,2.80927E+08,2.8322E+08,2.85471E+08,2.8768E+08,2.89866E+08,2.92024E+08,2.94158E+08,2.96272E+08,2.98361E+08,3.00419E+08,3.0244E+08,3.04421E+08,3.06383E+08,3.0832E+08,3.10232E+08,3.12135E+08,3.14048E+08,3.15966E+08,3.17887E+08,3.19803E+08,3.21721E+08,3.2364E+08,3.25556E+08,3.27464E+08,3.29375E+08,3.31294E+08,3.33215E+08,3.35136E+08,3.37063E+08,3.39001E+08,3.40948E+08,3.42907E+08,3.44877E+08,3.46862E+08,3.48863E+08,3.50882E+08,3.52924E+08,3.54989E+08,3.57077E+08,3.59188E+08,3.61321E+08,3.63473E+08,3.65644E+08,3.67838E+08,3.70052E+08,3.72283E+08,3.74528E+08,3.76784E+08,3.79056E+08,3.81336E+08,3.8362E+08,3.85908E+08,3.88194E+08,3.9047E+08,3.92726E+08,3.94973E+08,3.97229E+08,3.99494E+08,4.01772E+08,4.04078E+08,4.06417E+08,4.08795E+08,4.11199E+08,4.13616E+08,4.16047E+08,4.18503E+08,4.20972E+08,4.23456E+08,4.25962E+08,4.28484E+08,4.3101E+08,4.33537E+08,4.36071E+08,4.38612E+08,4.41155E+08,4.43695E+08,4.46228E+08,4.48762E+08,4.51291E+08,4.53807E+08,4.56306E+08,4.58771E+08,4.61166E+08,4.63508E+08,4.65825E+08,4.68123E+08,4.70393E+08,4.72639E+08,4.74871E+08,4.77097E+08,4.79311E+08,4.81516E+08,4.837E+08,4.85874E+08,4.88047E+08,4.90212E+08,4.92401E+08,4.94602E+08,4.96789E+08,4.98962E+08,5.01117E+08,5.03252E+08,5.05382E+08,5.07507E+08,5.09628E+08,5.11749E+08,5.13871E+08,5.15986E+08,5.18096E+08,5.20216E+08,5.2234E+08,5.24453E+08,5.26555E+08,5.28653E+08,5.30751E+08,5.32837E+08,5.34908E+08,5.36968E+08,5.39011E+08,5.41041E+08,5.43062E+08,5.45067E+08,5.47053E+08,5.49009E+08,5.50938E+08,5.5286E+08,5.5478E+08,5.56693E+08,5.58612E+08,5.60537E+08,5.62465E+08,5.64406E+08,5.66358E+08,5.68323E+08,5.70298E+08,5.72279E+08,5.74275E+08,5.76302E+08,5.78358E+08,5.80445E+08,5.82554E+08,5.84719E+08,5.86944E+08,5.89191E+08,5.91455E+08,5.93723E+08,5.95991E+08,5.98264E+08,6.0052E+08,6.02745E+08,6.04962E+08,6.07172E+08,6.09387E+08,6.11604E+08,6.1382E+08,6.16036E+08,6.18249E+08,6.20464E+08,6.22676E+08,6.24883E+08,6.27087E+08,6.29286E+08,6.31474E+08,6.33647E+08,6.3581E+08,6.3796E+08,6.40096E+08,6.42219E+08,6.44322E+08,6.46389E+08,6.48417E+08,6.50423E+08,6.52411E+08,6.54375E+08,6.56316E+08,6.58233E+08,6.60137E+08,6.62028E+08,6.63892E+08,6.65727E+08,6.67538E+08,6.69322E+08,6.71083E+08,6.72826E+08,6.74556E+08,6.76275E+08,6.77982E+08,6.79682E+08,6.81374E+08,6.83057E+08,6.84732E+08,6.86396E+08,6.88043E+08,6.89678E+08,6.91304E+08,6.92926E+08,6.94541E+08,6.9615E+08,6.9776E+08,6.99374E+08,7.00989E+08,7.02597E+08,7.042E+08,7.058E+08,7.07399E+08,7.08994E+08,7.10582E+08,7.12165E+08,7.13745E+08,7.15323E+08,7.16893E+08,7.18451E+08,7.19998E+08,7.2154E+08,7.23075E+08,7.246E+08,7.26114E+08,7.27623E+08,7.29121E+08,7.30603E+08,7.32065E+08,7.3352E+08,7.34975E+08,7.3643E+08,7.37884E+08,7.39333E+08,7.40774E+08,7.42214E+08,7.43642E+08,7.45057E+08,7.46472E+08,7.47891E+08,7.49314E+08,7.50733E+08,7.52141E+08,7.53547E+08,7.54952E+08,7.56349E+08,7.57737E+08,7.5909E+08,7.60419E+08,7.61763E+08,7.63112E+08,7.64462E+08,7.65814E+08,7.67173E+08,7.68553E+08,7.69939E+08,7.71302E+08,7.72651E+08,7.73994E+08,7.75334E+08,7.76677E+08,7.78018E+08,7.79353E+08,7.80679E+08,7.82001E+08,7.83325E+08,7.84651E+08,7.85978E+08,7.87309E+08,7.8864E+08,7.8997E+08,7.913E+08,7.92629E+08,7.93956E+08,7.95276E+08,7.96584E+08,7.97876E+08,7.99157E+08,8.00433E+08,8.01699E+08,8.02955E+08,8.04201E+08,8.05437E+08,8.06674E+08,8.07929E+08,8.09199E+08,8.10485E+08,8.11786E+08,8.13107E+08,8.1445E+08,8.1581E+08,8.17177E+08,8.18554E+08,8.1994E+08,8.21335E+08,8.22741E+08,8.24163E+08,8.25608E+08,8.27064E+08,8.28534E+08,8.30025E+08,8.31532E+08,8.33055E+08,8.34598E+08,8.36173E+08,8.37797E+08,8.39473E+08,8.41198E+08,8.42972E+08,8.44798E+08,8.46681E+08,8.48612E+08,8.50584E+08,8.52618E+08,8.54727E+08,8.5691E+08,8.59151E+08,8.61444E+08,8.63804E+08,8.6623E+08,8.6869E+08,8.71151E+08,8.73608E+08,8.76064E+08,8.78528E+08,8.81004E+08,8.83482E+08,8.85963E+08,8.88452E+08,8.90953E+08,8.93474E+08,8.96007E+08,8.98552E+08,9.01117E+08,9.03696E+08,9.06292E+08,9.08909E+08,9.11539E+08,9.14185E+08,9.1685E+08,9.19528E+08,9.22229E+08,9.24956E+08,9.27697E+08,9.30438E+08,9.33157E+08,9.35879E+08,9.38649E+08,9.4146E+08,9.44306E+08,9.47185E+08,9.50107E+08,9.53094E+08,9.56127E+08,9.59176E+08,9.62242E+08,9.65326E+08,9.68423E+08,9.71524E+08,9.74632E+08,9.77759E+08,9.80903E+08,9.84053E+08,9.87201E+08,9.90359E+08,9.93525E+08,9.96701E+08,9.99879E+08,1.00305E+09,1.00623E+09,1.00942E+09,1.01261E+09,1.01582E+09,1.01903E+09,1.02226E+09,1.0255E+09,1.02875E+09,1.03202E+09,1.03531E+09,1.03862E+09,1.04195E+09,1.04528E+09,1.04861E+09,1.05196E+09,1.05532E+09,1.05869E+09,1.06205E+09,1.06542E+09,1.06881E+09,1.07221E+09,1.07563E+09,1.07906E+09,1.08251E+09,1.08596E+09,1.08943E+09,1.0929E+09,1.09639E+09,1.09988E+09,1.10338E+09,1.10689E+09,1.11042E+09,1.11397E+09,1.11754E+09,1.12113E+09,1.12473E+09,1.12837E+09,1.13201E+09,1.13568E+09,1.13935E+09,1.14304E+09,1.14674E+09,1.15045E+09,1.15417E+09,1.1579E+09,1.16163E+09,1.16537E+09,1.16911E+09,1.17287E+09,1.17663E+09,1.18039E+09,1.18416E+09,1.18793E+09,1.1917E+09,1.19548E+09,1.19924E+09,1.20296E+09,1.20665E+09,1.21033E+09,1.21401E+09,1.2177E+09,1.2214E+09,1.22511E+09,1.22887E+09,1.23266E+09,1.23644E+09,1.24021E+09,1.24397E+09,1.24772E+09,1.25146E+09,1.25519E+09,1.2589E+09,1.2626E+09,1.26629E+09,1.26996E+09,1.27363E+09,1.27729E+09,1.28095E+09,1.2846E+09,1.28824E+09,1.29187E+09,1.2955E+09,1.29913E+09,1.30276E+09,1.30639E+09,1.30998E+09,1.31353E+09,1.31707E+09,1.32059E+09,1.3241E+09,1.3276E+09,1.33109E+09,1.33459E+09,1.33807E+09,1.34154E+09,1.345E+09,1.34845E+09,1.35189E+09,1.3553E+09,1.3587E+09,1.3621E+09,1.36548E+09,1.36885E+09,1.37224E+09,1.37552E+09,1.37877E+09,1.38201E+09,1.38522E+09,1.38838E+09,1.39162E+09,1.39493E+09,1.39798E+09,1.40101E+09,1.40402E+09,1.407E+09,1.40994E+09,1.41284E+09,1.41574E+09,1.41854E+09,1.42128E+09,1.42399E+09,1.42666E+09,1.42931E+09,1.43193E+09,1.43451E+09,1.43705E+09,1.43955E+09,1.442E+09,1.44443E+09,1.44681E+09,1.44916E+09,1.45146E+09,1.45374E+09,1.45601E+09,1.45826E+09,1.46051E+09,1.46276E+09,1.465E+09,1.46723E+09,1.46947E+09,1.47171E+09,1.47394E+09,1.47619E+09,1.47844E+09,1.48071E+09,1.48295E+09,1.48519E+09,1.48744E+09,1.48969E+09,1.49196E+09,1.49423E+09,1.49652E+09,1.49883E+09,1.50114E+09,1.50346E+09,1.50577E+09,1.50808E+09,1.51041E+09,1.51275E+09,1.5151E+09,1.51747E+09,1.51985E+09,1.52226E+09,1.52469E+09,1.52715E+09,1.52962E+09,1.53212E+09,1.53464E+09,1.53718E+09,1.53972E+09,1.54227E+09,1.54483E+09,1.54739E+09,1.54993E+09,1.55246E+09,1.55498E+09,1.55749E+09,1.55999E+09,1.56248E+09,1.56494E+09,1.56738E+09,1.56982E+09,1.57225E+09,1.57466E+09,1.57706E+09,1.57945E+09,1.58184E+09,1.58423E+09,1.5866E+09,1.58898E+09,1.59135E+09,1.59372E+09,1.59608E+09,1.59845E+09,1.60083E+09,1.60321E+09,1.60558E+09,1.60796E+09,1.61032E+09,1.61269E+09,1.61505E+09,1.61741E+09,1.61978E+09,1.62216E+09,1.62454E+09,1.62694E+09,1.62934E+09,1.63174E+09,1.63415E+09,1.63657E+09,1.639E+09,1.64143E+09,1.64386E+09,1.64629E+09,1.64873E+09,1.65117E+09,1.65361E+09,1.65606E+09,1.65851E+09,1.66097E+09,1.66344E+09,1.66591E+09,1.66839E+09,1.67089E+09,1.67338E+09,1.67589E+09,1.6784E+09,1.68091E+09,1.68342E+09,1.68594E+09,1.68846E+09,1.69099E+09,1.69352E+09,1.69605E+09,1.69859E+09,1.70113E+09,1.70367E+09,1.70621E+09,1.70876E+09,1.7113E+09,1.71384E+09,1.71637E+09,1.71888E+09,1.72137E+09,1.72387E+09,1.7264E+09,1.72893E+09,1.73147E+09,1.73403E+09,1.73663E+09,1.73924E+09,1.74183E+09,1.74442E+09,1.74701E+09,1.74961E+09,1.75221E+09,1.75483E+09,1.75745E+09,1.76008E+09,1.76271E+09,1.76537E+09,1.76804E+09,1.77072E+09,1.77342E+09,1.77614E+09,1.77888E+09,1.78165E+09,1.78443E+09,1.78724E+09,1.79006E+09,1.79292E+09,1.79579E+09,1.79869E+09,1.80162E+09,1.80457E+09,1.80757E+09,1.81059E+09,1.81363E+09,1.81671E+09,1.81985E+09,1.82303E+09,1.82626E+09,1.82953E+09,1.83286E+09,1.83625E+09,1.83968E+09,1.84312E+09,1.8466E+09,1.85011E+09,1.85363E+09,1.85718E+09,1.86073E+09,1.86431E+09,1.86788E+09,1.87146E+09,1.87504E+09,1.87861E+09,1.88216E+09,1.8857E+09,1.88921E+09,1.89269E+09,1.89613E+09,1.89954E+09,1.9029E+09,1.90622E+09,1.90949E+09,1.91271E+09,1.91588E+09,1.91899E+09,1.92204E+09,1.92503E+09,1.92797E+09,1.93085E+09,1.93368E+09,1.93644E+09,1.93915E+09,1.94179E+09,1.94438E+09,1.94692E+09,1.9494E+09,1.95182E+09,1.9542E+09,1.95653E+09,1.95881E+09,1.96105E+09,1.96325E+09,1.96541E+09,1.96754E+09,1.96965E+09,1.97172E+09,1.97377E+09,1.97581E+09,1.97783E+09,1.97985E+09,1.98187E+09,1.98389E+09,1.98592E+09,1.98796E+09,1.99003E+09,1.99213E+09,1.99424E+09,1.99641E+09,1.99864E+09,2.00095E+09,2.00332E+09,2.00577E+09,2.0083E+09,2.01093E+09,2.01363E+09,2.01639E+09,2.01921E+09,2.02207E+09,2.02499E+09,2.02794E+09,2.03093E+09,2.03395E+09,2.03698E+09,2.04003E+09,2.04308E+09,2.04615E+09,2.04922E+09,2.05229E+09,2.05536E+09,2.05842E+09,2.06148E+09,2.06452E+09,2.06755E+09,2.07057E+09,2.07358E+09,2.07656E+09,2.07953E+09,2.08249E+09,2.08542E+09,2.08833E+09,2.09123E+09,2.0941E+09,2.09696E+09,2.0998E+09,2.10262E+09,2.10543E+09,2.10822E+09,2.11099E+09,2.11375E+09,2.1165E+09
"Cost of Hospitalizations Cumulative[Wyoming]",0,0,0,0,0,0,0,0,0,0,0,0,0,0,0,0,0,0,0,0,0,0,0,0,0,0,0,0.131443,4.76299,23.6537,70.0027,163.222,333.565,629.028,1126.26,1948.61,3291.94,5462.48,8940.33,14482.9,23281.4,37211.8,59183.6,93569,146503,225744,339250,492410,685864,915329,1.17327E+06,1.45125E+06,1.74178E+06,2.03903E+06,2.33865E+06,2.63751E+06,2.93336E+06,3.2246E+06,3.50998E+06,3.78856E+06,4.0596E+06,4.32256E+06,4.57703E+06,4.82272E+06,5.05943E+06,5.28707E+06,5.5056E+06,5.71505E+06,5.91552E+06,6.10713E+06,6.29005E+06,6.4645E+06,6.63071E+06,6.78892E+06,6.9394E+06,7.08248E+06,7.2185E+06,7.34787E+06,7.47104E+06,7.58847E+06,7.70066E+06,7.80809E+06,7.91122E+06,8.01049E+06,8.10635E+06,8.1992E+06,8.28947E+06,8.37753E+06,8.46375E+06,8.54846E+06,8.63195E+06,8.71449E+06,8.79636E+06,8.87775E+06,8.95888E+06,9.03996E+06,9.1212E+06,9.2028E+06,9.28494E+06,9.36785E+06,9.45175E+06,9.53689E+06,9.62346E+06,9.71165E+06,9.80162E+06,9.89358E+06,9.98771E+06,1.00842E+07,1.01832E+07,1.02849E+07,1.03895E+07,1.04969E+07,1.06075E+07,1.07213E+07,1.08385E+07,1.09591E+07,1.10834E+07,1.12115E+07,1.13435E+07,1.14798E+07,1.15985E+07,1.16888E+07,1.17813E+07,1.18813E+07,1.19808E+07,1.20999E+07,1.22271E+07,1.23434E+07,1.24623E+07,1.25872E+07,1.27128E+07,1.28449E+07,1.2985E+07,1.31394E+07,1.33021E+07,1.34653E+07,1.36305E+07,1.37883E+07,1.39453E+07,1.41127E+07,1.42823E+07,1.4441E+07,1.45952E+07,1.4748E+07,1.48948E+07,1.50925E+07,1.53072E+07,1.54977E+07,1.56706E+07,1.58304E+07,1.59763E+07,1.61113E+07,1.62262E+07,1.63165E+07,1.64004E+07,1.64771E+07,1.65479E+07,1.6615E+07,1.6678E+07,1.67365E+07,1.67917E+07,1.68433E+07,1.68913E+07,1.69341E+07,1.69728E+07,1.70087E+07,1.70432E+07,1.70748E+07,1.71043E+07,1.71326E+07,1.71596E+07,1.71846E+07,1.7207E+07,1.72265E+07,1.72472E+07,1.72704E+07,1.72919E+07,1.73121E+07,1.73311E+07,1.73513E+07,1.73731E+07,1.73933E+07,1.74131E+07,1.74341E+07,1.74545E+07,1.74746E+07,1.74941E+07,1.75129E+07,1.75321E+07,1.75507E+07,1.75671E+07,1.75835E+07,1.76E+07,1.76161E+07,1.76324E+07,1.76496E+07,1.76657E+07,1.76821E+07,1.76984E+07,1.77151E+07,1.77339E+07,1.77544E+07,1.77739E+07,1.77941E+07,1.78155E+07,1.78384E+07,1.78621E+07,1.78852E+07,1.79064E+07,1.79287E+07,1.79518E+07,1.79754E+07,1.79994E+07,1.80245E+07,1.8051E+07,1.80834E+07,1.81228E+07,1.81632E+07,1.82052E+07,1.825E+07,1.82978E+07,1.83478E+07,1.83958E+07,1.84391E+07,1.84877E+07,1.85411E+07,1.85981E+07,1.86587E+07,1.87228E+07,1.879E+07,1.88606E+07,1.89348E+07,1.9012E+07,1.90935E+07,1.91785E+07,1.92677E+07,1.93608E+07,1.94593E+07,1.95646E+07,1.96739E+07,1.97844E+07,1.98982E+07,2.00149E+07,2.01335E+07,2.02601E+07,2.0395E+07,2.0528E+07,2.06631E+07,2.07963E+07,2.09278E+07,2.10586E+07,2.11829E+07,2.12973E+07,2.14134E+07,2.15283E+07,2.16427E+07,2.17549E+07,2.18621E+07,2.1965E+07,2.20658E+07,2.21624E+07,2.22527E+07,2.23395E+07,2.24238E+07,2.25073E+07,2.25881E+07,2.26654E+07,2.27405E+07,2.28144E+07,2.28867E+07,2.29577E+07,2.30267E+07,2.30942E+07,2.316E+07,2.32229E+07,2.32824E+07,2.33386E+07,2.3395E+07,2.34572E+07,2.35237E+07,2.35932E+07,2.36671E+07,2.37415E+07,2.38187E+07,2.38989E+07,2.39809E+07,2.40699E+07,2.41608E+07,2.42514E+07,2.43434E+07,2.44362E+07,2.45283E+07,2.46174E+07,2.46932E+07,2.47631E+07,2.48379E+07,2.49196E+07,2.50106E+07,2.5105E+07,2.52016E+07,2.53083E+07,2.54246E+07,2.55421E+07,2.56636E+07,2.57893E+07,2.59167E+07,2.60484E+07,2.618E+07,2.63097E+07,2.64472E+07,2.65837E+07,2.67158E+07,2.68524E+07,2.69953E+07,2.71457E+07,2.72985E+07,2.7451E+07,2.7608E+07,2.77685E+07,2.79324E+07,2.80949E+07,2.82531E+07,2.84137E+07,2.85712E+07,2.87349E+07,2.89106E+07,2.90853E+07,2.92562E+07,2.94228E+07,2.95842E+07,2.97516E+07,2.99244E+07,3.00885E+07,3.02513E+07,3.04125E+07,3.05782E+07,3.07511E+07,3.09229E+07,3.10897E+07,3.12593E+07,3.14325E+07,3.16088E+07,3.17822E+07,3.19555E+07,3.21389E+07,3.2325E+07,3.25178E+07,3.27144E+07,3.29163E+07,3.31242E+07,3.3333E+07,3.35383E+07,3.37491E+07,3.39617E+07,3.41758E+07,3.43982E+07,3.46435E+07,3.49003E+07,3.51599E+07,3.54237E+07,3.56878E+07,3.59516E+07,3.62138E+07,3.64709E+07,3.6721E+07,3.69681E+07,3.72094E+07,3.74519E+07,3.76974E+07,3.79419E+07,3.81875E+07,3.84376E+07,3.86896E+07,3.89424E+07,3.91947E+07,3.9447E+07,3.97007E+07,3.99542E+07,4.02093E+07,4.0465E+07,4.07184E+07,4.09732E+07,4.1226E+07,4.14783E+07,4.17284E+07,4.19746E+07,4.22215E+07,4.24729E+07,4.27199E+07,4.29641E+07,4.32064E+07,4.34476E+07,4.36848E+07,4.39198E+07,4.41493E+07,4.43776E+07,4.46041E+07,4.48277E+07,4.5047E+07,4.52663E+07,4.5489E+07,4.57197E+07,4.59531E+07,4.61878E+07,4.64245E+07,4.66654E+07,4.69103E+07,4.71559E+07,4.73932E+07,4.76261E+07,4.78636E+07,4.81056E+07,4.83512E+07,4.85989E+07,4.88535E+07,4.91234E+07,4.93916E+07,4.966E+07,4.99293E+07,5.02001E+07,5.04715E+07,5.07348E+07,5.09867E+07,5.12453E+07,5.15065E+07,5.17662E+07,5.20206E+07,5.22695E+07,5.25211E+07,5.27785E+07,5.30296E+07,5.3277E+07,5.35206E+07,5.37627E+07,5.40052E+07,5.42409E+07,5.44665E+07,5.46919E+07,5.49153E+07,5.51368E+07,5.53573E+07,5.55749E+07,5.57904E+07,5.60072E+07,5.62241E+07,5.64403E+07,5.66579E+07,5.68757E+07,5.70944E+07,5.73158E+07,5.75391E+07,5.77654E+07,5.79934E+07,5.8223E+07,5.84548E+07,5.86898E+07,5.89252E+07,5.91566E+07,5.93854E+07,5.96159E+07,5.98483E+07,6.00793E+07,6.03029E+07,6.05262E+07,6.07531E+07,6.09809E+07,6.12085E+07,6.14412E+07,6.16849E+07,6.19352E+07,6.21841E+07,6.24294E+07,6.2672E+07,6.2913E+07,6.3149E+07,6.33778E+07,6.36055E+07,6.38344E+07,6.40641E+07,6.42899E+07,6.45137E+07,6.47365E+07,6.49638E+07,6.52006E+07,6.54391E+07,6.56746E+07,6.59086E+07,6.61427E+07,6.63771E+07,6.66038E+07,6.68252E+07,6.70502E+07,6.72708E+07,6.74908E+07,6.77095E+07,6.79255E+07,6.8141E+07,6.83494E+07,6.85463E+07,6.87433E+07,6.89396E+07,6.91358E+07,6.93327E+07,6.95276E+07,6.97158E+07,6.98997E+07,7.0084E+07,7.02673E+07,7.04468E+07,7.06239E+07,7.08016E+07,7.09819E+07,7.11627E+07,7.13437E+07,7.15268E+07,7.17106E+07,7.18952E+07,7.20783E+07,7.22581E+07,7.24389E+07,7.26198E+07,7.27995E+07,7.29784E+07,7.31565E+07,7.33336E+07,7.35125E+07,7.36922E+07,7.38698E+07,7.40463E+07,7.42232E+07,7.44E+07,7.45806E+07,7.47609E+07,7.49358E+07,7.51147E+07,7.52962E+07,7.54774E+07,7.56586E+07,7.58373E+07,7.60131E+07,7.61908E+07,7.63654E+07,7.65382E+07,7.67115E+07,7.68852E+07,7.70601E+07,7.7237E+07,7.74135E+07,7.75872E+07,7.77605E+07,7.79337E+07,7.81071E+07,7.82774E+07,7.8444E+07,7.86119E+07,7.87799E+07,7.89482E+07,7.91174E+07,7.92884E+07,7.94642E+07,7.96407E+07,7.98145E+07,7.9992E+07,8.01688E+07,8.03447E+07,8.05171E+07,8.06844E+07,8.08514E+07,8.10236E+07,8.11976E+07,8.13746E+07,8.15533E+07,8.17344E+07,8.19178E+07,8.21039E+07,8.22891E+07,8.24706E+07,8.26505E+07,8.283E+07,8.30082E+07,8.31859E+07,8.33627E+07,8.35364E+07,8.37094E+07,8.38822E+07,8.40544E+07,8.42285E+07,8.44042E+07,8.45784E+07,8.47524E+07,8.49268E+07,8.51001E+07,8.52732E+07,8.54453E+07,8.56147E+07,8.57826E+07,8.59501E+07,8.61191E+07,8.62899E+07,8.64597E+07,8.66271E+07,8.67938E+07,8.69633E+07,8.71364E+07,8.7309E+07,8.74834E+07,8.76606E+07,8.78407E+07,8.80288E+07,8.82262E+07,8.84207E+07,8.86132E+07,8.88057E+07,8.90003E+07,8.91988E+07,8.9399E+07,8.96021E+07,8.98167E+07,9.00395E+07,9.02677E+07,9.05004E+07,9.07383E+07,9.09826E+07,9.12308E+07,9.14828E+07,9.17412E+07,9.20049E+07,9.22718E+07,9.25419E+07,9.28141E+07,9.30868E+07,9.33642E+07,9.36447E+07,9.39253E+07,9.42041E+07,9.44814E+07,9.47626E+07,9.50498E+07,9.53321E+07,9.56136E+07,9.58989E+07,9.61873E+07,9.64772E+07,9.67701E+07,9.70661E+07,9.73643E+07,9.76647E+07,9.79668E+07,9.82737E+07,9.85848E+07,9.88948E+07,9.92055E+07,9.95222E+07,9.98423E+07,1.00163E+08,1.00485E+08,1.00809E+08,1.01132E+08,1.01456E+08,1.01788E+08,1.02123E+08,1.02457E+08,1.02789E+08,1.0312E+08,1.03454E+08,1.03786E+08,1.04122E+08,1.0446E+08,1.04798E+08,1.05137E+08,1.05477E+08,1.05817E+08,1.06163E+08,1.06504E+08,1.06843E+08,1.07184E+08,1.07527E+08,1.07869E+08,1.08216E+08,1.08561E+08,1.08904E+08,1.09246E+08,1.09589E+08,1.09931E+08,1.10273E+08,1.10613E+08,1.10953E+08,1.11294E+08,1.11633E+08,1.11969E+08,1.12303E+08,1.12636E+08,1.1297E+08,1.13301E+08,1.13631E+08,1.13962E+08,1.14293E+08,1.14627E+08,1.14961E+08,1.15296E+08,1.1563E+08,1.15964E+08,1.16302E+08,1.16646E+08,1.1699E+08,1.17336E+08,1.17686E+08,1.18041E+08,1.18399E+08,1.18757E+08,1.19116E+08,1.19479E+08,1.19844E+08,1.20212E+08,1.20583E+08,1.20955E+08,1.21328E+08,1.21703E+08,1.22077E+08,1.22453E+08,1.22828E+08,1.232E+08,1.2357E+08,1.2394E+08,1.24309E+08,1.24676E+08,1.2504E+08,1.25402E+08,1.25761E+08,1.26119E+08,1.26474E+08,1.26826E+08,1.27178E+08,1.2753E+08,1.27883E+08,1.28236E+08,1.28589E+08,1.28942E+08,1.29298E+08,1.29654E+08,1.30011E+08,1.3037E+08,1.30728E+08,1.31078E+08,1.31425E+08,1.31774E+08,1.32125E+08,1.32476E+08,1.32824E+08,1.33176E+08,1.3354E+08,1.33909E+08,1.34276E+08,1.34641E+08,1.35005E+08,1.35367E+08,1.35726E+08,1.36081E+08,1.36434E+08,1.36788E+08,1.37144E+08,1.37501E+08,1.3786E+08,1.3822E+08,1.38581E+08,1.38948E+08,1.39317E+08,1.39689E+08,1.40064E+08,1.40439E+08,1.40819E+08,1.41204E+08,1.41587E+08,1.4197E+08,1.42354E+08,1.4274E+08,1.43127E+08,1.4351E+08,1.43892E+08,1.44277E+08,1.44666E+08,1.45059E+08,1.45455E+08,1.45858E+08,1.46264E+08,1.46673E+08,1.47087E+08,1.47501E+08,1.47914E+08,1.48326E+08,1.48741E+08,1.49151E+08,1.49567E+08,1.4998E+08,1.50391E+08,1.50798E+08,1.51201E+08,1.51617E+08,1.52053E+08,1.52433E+08,1.52816E+08,1.53197E+08,1.5357E+08,1.53944E+08,1.54332E+08,1.54694E+08,1.55058E+08,1.55417E+08,1.5576E+08,1.561E+08,1.56434E+08,1.56771E+08,1.57092E+08,1.57408E+08,1.57717E+08,1.58021E+08,1.58321E+08,1.58617E+08,1.5891E+08,1.59196E+08,1.59476E+08,1.59755E+08,1.60029E+08,1.603E+08,1.60568E+08,1.60827E+08,1.61082E+08,1.61337E+08,1.61589E+08,1.61838E+08,1.62083E+08,1.62325E+08,1.62563E+08,1.62798E+08,1.63033E+08,1.63266E+08,1.63501E+08,1.63736E+08,1.6397E+08,1.64206E+08,1.64442E+08,1.6467E+08,1.64895E+08,1.65114E+08,1.65332E+08,1.6555E+08,1.65764E+08,1.65971E+08,1.66176E+08,1.66379E+08,1.66582E+08,1.66786E+08,1.66987E+08,1.67185E+08,1.67383E+08,1.67583E+08,1.67784E+08,1.67984E+08,1.68183E+08,1.68381E+08,1.68581E+08,1.68782E+08,1.68982E+08,1.69182E+08,1.69382E+08,1.69583E+08,1.69784E+08,1.69982E+08,1.70176E+08,1.70372E+08,1.70569E+08,1.70766E+08,1.70965E+08,1.71167E+08,1.71371E+08,1.71577E+08,1.71785E+08,1.71995E+08,1.72208E+08,1.72424E+08,1.72641E+08,1.72861E+08,1.73085E+08,1.73311E+08,1.73538E+08,1.73768E+08,1.74001E+08,1.74235E+08,1.74469E+08,1.74703E+08,1.74938E+08,1.75174E+08,1.75412E+08,1.75654E+08,1.75898E+08,1.7615E+08,1.76408E+08,1.7667E+08,1.76935E+08,1.77203E+08,1.77473E+08,1.77744E+08,1.78015E+08,1.78288E+08,1.78564E+08,1.78843E+08,1.79125E+08,1.79409E+08,1.79696E+08,1.79986E+08,1.80276E+08,1.80565E+08,1.80854E+08,1.81144E+08,1.81434E+08,1.81724E+08,1.82014E+08,1.82306E+08,1.82596E+08,1.82884E+08,1.83169E+08,1.83454E+08,1.83738E+08,1.8402E+08,1.84302E+08,1.84578E+08,1.84853E+08,1.85128E+08,1.854E+08,1.85667E+08,1.85941E+08,1.8622E+08,1.86483E+08,1.8675E+08,1.8702E+08,1.8729E+08,1.87563E+08,1.87859E+08,1.88158E+08,1.88412E+08,1.88671E+08,1.88931E+08,1.89193E+08,1.89455E+08,1.8979E+08,1.90133E+08,1.90393E+08,1.90674E+08,1.90958E+08,1.91245E+08,1.91534E+08,1.91841E+08,1.92154E+08,1.92438E+08,1.92731E+08,1.93029E+08,1.93329E+08,1.93631E+08,1.93953E+08,1.9428E+08,1.94581E+08,1.94889E+08,1.952E+08,1.95515E+08,1.95834E+08,1.96174E+08,1.96519E+08,1.96842E+08,1.97172E+08,1.97503E+08,1.97835E+08,1.98168E+08,1.98528E+08,1.98889E+08,1.99213E+08,1.9954E+08,1.99868E+08,2.00197E+08,2.00524E+08,2.00863E+08,2.01204E+08,2.01518E+08,2.01836E+08,2.02152E+08,2.02465E+08,2.02775E+08,2.03102E+08,2.03428E+08,2.03717E+08,2.0401E+08,2.04301E+08,2.0459E+08,2.04879E+08,2.05188E+08,2.05499E+08,2.05777E+08,2.06056E+08,2.06336E+08,2.06613E+08,2.06887E+08,2.07173E+08,2.07463E+08,2.07724E+08,2.07986E+08,2.08248E+08,2.08508E+08,2.08767E+08,2.09038E+08,2.09312E+08,2.09562E+08,2.09814E+08,2.10066E+08,2.10316E+08,2.10566E+08,2.10821E+08,2.11078E+08,2.11321E+08,2.11565E+08,2.11809E+08,2.12054E+08,2.12298E+08,2.12546E+08,2.12798E+08,2.13039E+08,2.13283E+08,2.13527E+08,2.1377E+08,2.14013E+08,2.14259E+08,2.14509E+08,2.14754E+08,2.15E+08,2.15249E+08,2.15498E+08,2.1575E+08,2.16003E+08,2.1626E+08,2.16513E+08,2.16767E+08,2.17021E+08,2.17277E+08,2.17533E+08,2.17793E+08,2.18057E+08,2.18315E+08,2.18562E+08,2.18829E+08,2.19093E+08,2.19358E+08,2.19624E+08,2.19891E+08,2.20158E+08,2.20427E+08,2.20696E+08,2.20966E+08,2.21237E+08,2.21508E+08,2.2178E+08,2.22053E+08,2.22327E+08,2.22601E+08,2.22876E+08,2.23151E+08,2.23427E+08,2.23703E+08,2.23979E+08,2.24256E+08,2.24533E+08,2.2481E+08,2.25088E+08,2.25365E+08
"Vaccine Taking Population[Alabama]",0,0,0,0,0,0,0,0,0,0,0,0,0,0,0,0,0,0,0,0,0,0,0,0,0,0,0,0,0,0,0,0,0,0,0,0,0,0,0,0,0,0,0,0,0,0,0,0,0,0,0,0,0,0,0,0,0,0,0,0,0,0,0,0,0,0,0,0,0,0,0,0,0,0,0,0,0,0,0,0,0,0,0,0,0,0,0,0,0,0,0,0,0,0,0,0,0,0,0,0,0,0,0,0,0,0,0,0,0,0,0,0,0,0,0,0,0,0,0,0,0,0,0,0,0,0,0,0,0,0,0,0,0,0,0,0,0,0,0,0,0,0,0,0,0,0,0,0,0,0,0,0,0,0,0,0,0,0,0,0,0,0,0,0,0,0,0,0,0,0,0,0,0,0,0,0,0,0,0,0,0,0,0,0,0,0,0,0,0,0,0,0,0,0,0,0,0,0,0,0,0,0,0,0,0,0,0,0,0,0,0,0,0,0,0,0,0,0,0,0,0,0,0,0,0,0,0,0,0,0,0,0,0,0,0,0,0,0,0,0,0,0,0,0,0,0,0,0,0,0,0,0,0,0,0,0,0,0,0,0,0,0,0,0,0,0,0,0,0,0,0,0,0,0,0,0,0,0,0,0,0,0,0,0,0,0,0,0,0,0,0,0,0,0,0,0,0,0,0,0,0,0,0,0,0,0,0,0,0,0,0,0,0,0,0,0,0,0,0,0,0,0,0,0,0,0,0,0,0,0,0,0,0,0,0,0,0,0,0,0,0,0,0,0,0,0,0,0,0,0,0,0,0,0,0,0,0,0,0,0,0,0,0,0,0,0,0,0,0,0,0,0,0,0,0,0,0,0,0,0,0,0,0,0,0,0,0,0,0,0,0,0,0,0,0,0,0,0,0,0,0,0,0,0,0,0,0,0,0,0,0,0,0,0,0,0,0,0,0,0,0,0,0,0,0,0,0,0,0,0,0,0,0,0,0,0,0,0,0,0,0,0,0,0,0,0,0,0,0,0,0,0,0,0,0,0,0,0,0,0,0,0,0,0,0,0,0,0,0,0,0,0,0,0,0,0,0,0,0,0,0,0,0,0,0,0,0,0,0,0,0,0,0,0,0,0,0,0,0,0,0,0,0,0,0,0,0,0,0,0,0,0,0,0,0,0,0,0,0,0,0,0,0,0,0,0,0,0,0,0,0,0,0,0,0,0,0,0,0,0,0,0,0,0,0,0,0,0,0,0,0,0,0,0,0,0,0,0,0,0,0,0,0,0,0,0,0,0,0,0,0,0,0,0,0,0,0,0,0,0,0,0,0,0,0,0,0,0,0,0,0,0,0,0,0,0,0,0,0,0,0,0,0,0,0,0,0,0,0,0,0,0,0,0,0,0,0,0,0,0,0,0,0,0,0,0,0,0,0,0,0,0,0,0,0,0,0,0,0,0,0,0,0,0,0,0,0,0,0,0,0,0,0,0,0,0,0,0,0,0,0,0,0,0,0,0,0,0,0,0,0,0,0,0,0,0,0,0,0,0,0,0,0,0,0,0,0,0,0,0,0,0,0,0,0,0,0,0,0,0,0,0,0,0,0,0,0,0,0,0,0,0,0,0,0,0,0,0,0,0,0,0,0,0,0,0,0,0,0,0,0,0,0,0,0,0,0,0,0,0,0,0,0,0,0,0,0,0,0,0,0,0,0,0,0,0,0,0,0,0,0,0,0,0,0,0,0,0,0,0,0,0,0,0,0,0,0,0,0,0,0,0,0,0,0,0,0,0,0,0,0,0,0,0,0,0,0,0,0,0,0,0,0,0,0,0,0,0,0,0,0,0,0,0,0,0,0,0,0,0,0,0,0,0,0,0,0,0,0,0,0,0,0,0,0,0,0,0,0,0,0,0,0,0,0,0,0,0,0,0,0,0,0,0,0,0,0,0,0,0,0,0,0,0,0,0,0,0,0,0,0,0,0,0,0,0,0,0,0,0,0,0,0,0,0,0,0,0,0,0,0,0,0,0,0,0,0,0,0,0,0,0,0,0,0,0,0,0,0,0,0,0,0,0,0,0,0,0,0,0,0,0,0,0,0,0,0,0,0,0,0,0,0,0,0,0,0,0,0,0,0,0,0,0,0,0,0,0,0,0,0,0,0,0,0,0,0,0,0,0,0,0,0,0,0,0,0,0,0,0,0,0,0,0,0,0,0,0,0,0,0,0,0,0,0,0,0,0,0,0,0,0,0,0,0,0,0,0,0,0,0,0,0,0,0,0,0,0,0,0,0,0,0,0,0,0,0,0,0,0,0,0,0,0,0,0,0,0,0,0,0,0,0,0,0,0,0,0,0,0,0,0,0,0,0,0,0,0,0,0,0,0,0,0,0,0,0,0,0,0,0,0,0,0,0,0,0,0,0,0,0
"Vaccine Taking Population[Alaska]",0,0,0,0,0,0,0,0,0,0,0,0,0,0,0,0,0,0,0,0,0,0,0,0,0,0,0,0,0,0,0,0,0,0,0,0,0,0,0,0,0,0,0,0,0,0,0,0,0,0,0,0,0,0,0,0,0,0,0,0,0,0,0,0,0,0,0,0,0,0,0,0,0,0,0,0,0,0,0,0,0,0,0,0,0,0,0,0,0,0,0,0,0,0,0,0,0,0,0,0,0,0,0,0,0,0,0,0,0,0,0,0,0,0,0,0,0,0,0,0,0,0,0,0,0,0,0,0,0,0,0,0,0,0,0,0,0,0,0,0,0,0,0,0,0,0,0,0,0,0,0,0,0,0,0,0,0,0,0,0,0,0,0,0,0,0,0,0,0,0,0,0,0,0,0,0,0,0,0,0,0,0,0,0,0,0,0,0,0,0,0,0,0,0,0,0,0,0,0,0,0,0,0,0,0,0,0,0,0,0,0,0,0,0,0,0,0,0,0,0,0,0,0,0,0,0,0,0,0,0,0,0,0,0,0,0,0,0,0,0,0,0,0,0,0,0,0,0,0,0,0,0,0,0,0,0,0,0,0,0,0,0,0,0,0,0,0,0,0,0,0,0,0,0,0,0,0,0,0,0,0,0,0,0,0,0,0,0,0,0,0,0,0,0,0,0,0,0,0,0,0,0,0,0,0,0,0,0,0,0,0,0,0,0,0,0,0,0,0,0,0,0,0,0,0,0,0,0,0,0,0,0,0,0,0,0,0,0,0,0,0,0,0,0,0,0,0,0,0,0,0,0,0,0,0,0,0,0,0,0,0,0,0,0,0,0,0,0,0,0,0,0,0,0,0,0,0,0,0,0,0,0,0,0,0,0,0,0,0,0,0,0,0,0,0,0,0,0,0,0,0,0,0,0,0,0,0,0,0,0,0,0,0,0,0,0,0,0,0,0,0,0,0,0,0,0,0,0,0,0,0,0,0,0,0,0,0,0,0,0,0,0,0,0,0,0,0,0,0,0,0,0,0,0,0,0,0,0,0,0,0,0,0,0,0,0,0,0,0,0,0,0,0,0,0,0,0,0,0,0,0,0,0,0,0,0,0,0,0,0,0,0,0,0,0,0,0,0,0,0,0,0,0,0,0,0,0,0,0,0,0,0,0,0,0,0,0,0,0,0,0,0,0,0,0,0,0,0,0,0,0,0,0,0,0,0,0,0,0,0,0,0,0,0,0,0,0,0,0,0,0,0,0,0,0,0,0,0,0,0,0,0,0,0,0,0,0,0,0,0,0,0,0,0,0,0,0,0,0,0,0,0,0,0,0,0,0,0,0,0,0,0,0,0,0,0,0,0,0,0,0,0,0,0,0,0,0,0,0,0,0,0,0,0,0,0,0,0,0,0,0,0,0,0,0,0,0,0,0,0,0,0,0,0,0,0,0,0,0,0,0,0,0,0,0,0,0,0,0,0,0,0,0,0,0,0,0,0,0,0,0,0,0,0,0,0,0,0,0,0,0,0,0,0,0,0,0,0,0,0,0,0,0,0,0,0,0,0,0,0,0,0,0,0,0,0,0,0,0,0,0,0,0,0,0,0,0,0,0,0,0,0,0,0,0,0,0,0,0,0,0,0,0,0,0,0,0,0,0,0,0,0,0,0,0,0,0,0,0,0,0,0,0,0,0,0,0,0,0,0,0,0,0,0,0,0,0,0,0,0,0,0,0,0,0,0,0,0,0,0,0,0,0,0,0,0,0,0,0,0,0,0,0,0,0,0,0,0,0,0,0,0,0,0,0,0,0,0,0,0,0,0,0,0,0,0,0,0,0,0,0,0,0,0,0,0,0,0,0,0,0,0,0,0,0,0,0,0,0,0,0,0,0,0,0,0,0,0,0,0,0,0,0,0,0,0,0,0,0,0,0,0,0,0,0,0,0,0,0,0,0,0,0,0,0,0,0,0,0,0,0,0,0,0,0,0,0,0,0,0,0,0,0,0,0,0,0,0,0,0,0,0,0,0,0,0,0,0,0,0,0,0,0,0,0,0,0,0,0,0,0,0,0,0,0,0,0,0,0,0,0,0,0,0,0,0,0,0,0,0,0,0,0,0,0,0,0,0,0,0,0,0,0,0,0,0,0,0,0,0,0,0,0,0,0,0,0,0,0,0,0,0,0,0,0,0,0,0,0,0,0,0,0,0,0,0,0,0,0,0,0,0,0,0,0,0,0,0,0,0,0,0,0,0,0,0,0,0,0,0,0,0,0,0,0,0,0,0,0,0,0,0,0,0,0,0,0,0,0,0,0,0,0,0,0,0,0,0,0,0,0,0,0,0,0,0,0,0,0,0,0,0,0,0,0,0,0,0,0,0,0,0,0,0,0,0,0,0,0,0,0,0,0,0,0,0,0,0,0,0,0
"Vaccine Taking Population[Arizona]",0,0,0,0,0,0,0,0,0,0,0,0,0,0,0,0,0,0,0,0,0,0,0,0,0,0,0,0,0,0,0,0,0,0,0,0,0,0,0,0,0,0,0,0,0,0,0,0,0,0,0,0,0,0,0,0,0,0,0,0,0,0,0,0,0,0,0,0,0,0,0,0,0,0,0,0,0,0,0,0,0,0,0,0,0,0,0,0,0,0,0,0,0,0,0,0,0,0,0,0,0,0,0,0,0,0,0,0,0,0,0,0,0,0,0,0,0,0,0,0,0,0,0,0,0,0,0,0,0,0,0,0,0,0,0,0,0,0,0,0,0,0,0,0,0,0,0,0,0,0,0,0,0,0,0,0,0,0,0,0,0,0,0,0,0,0,0,0,0,0,0,0,0,0,0,0,0,0,0,0,0,0,0,0,0,0,0,0,0,0,0,0,0,0,0,0,0,0,0,0,0,0,0,0,0,0,0,0,0,0,0,0,0,0,0,0,0,0,0,0,0,0,0,0,0,0,0,0,0,0,0,0,0,0,0,0,0,0,0,0,0,0,0,0,0,0,0,0,0,0,0,0,0,0,0,0,0,0,0,0,0,0,0,0,0,0,0,0,0,0,0,0,0,0,0,0,0,0,0,0,0,0,0,0,0,0,0,0,0,0,0,0,0,0,0,0,0,0,0,0,0,0,0,0,0,0,0,0,0,0,0,0,0,0,0,0,0,0,0,0,0,0,0,0,0,0,0,0,0,0,0,0,0,0,0,0,0,0,0,0,0,0,0,0,0,0,0,0,0,0,0,0,0,0,0,0,0,0,0,0,0,0,0,0,0,0,0,0,0,0,0,0,0,0,0,0,0,0,0,0,0,0,0,0,0,0,0,0,0,0,0,0,0,0,0,0,0,0,0,0,0,0,0,0,0,0,0,0,0,0,0,0,0,0,0,0,0,0,0,0,0,0,0,0,0,0,0,0,0,0,0,0,0,0,0,0,0,0,0,0,0,0,0,0,0,0,0,0,0,0,0,0,0,0,0,0,0,0,0,0,0,0,0,0,0,0,0,0,0,0,0,0,0,0,0,0,0,0,0,0,0,0,0,0,0,0,0,0,0,0,0,0,0,0,0,0,0,0,0,0,0,0,0,0,0,0,0,0,0,0,0,0,0,0,0,0,0,0,0,0,0,0,0,0,0,0,0,0,0,0,0,0,0,0,0,0,0,0,0,0,0,0,0,0,0,0,0,0,0,0,0,0,0,0,0,0,0,0,0,0,0,0,0,0,0,0,0,0,0,0,0,0,0,0,0,0,0,0,0,0,0,0,0,0,0,0,0,0,0,0,0,0,0,0,0,0,0,0,0,0,0,0,0,0,0,0,0,0,0,0,0,0,0,0,0,0,0,0,0,0,0,0,0,0,0,0,0,0,0,0,0,0,0,0,0,0,0,0,0,0,0,0,0,0,0,0,0,0,0,0,0,0,0,0,0,0,0,0,0,0,0,0,0,0,0,0,0,0,0,0,0,0,0,0,0,0,0,0,0,0,0,0,0,0,0,0,0,0,0,0,0,0,0,0,0,0,0,0,0,0,0,0,0,0,0,0,0,0,0,0,0,0,0,0,0,0,0,0,0,0,0,0,0,0,0,0,0,0,0,0,0,0,0,0,0,0,0,0,0,0,0,0,0,0,0,0,0,0,0,0,0,0,0,0,0,0,0,0,0,0,0,0,0,0,0,0,0,0,0,0,0,0,0,0,0,0,0,0,0,0,0,0,0,0,0,0,0,0,0,0,0,0,0,0,0,0,0,0,0,0,0,0,0,0,0,0,0,0,0,0,0,0,0,0,0,0,0,0,0,0,0,0,0,0,0,0,0,0,0,0,0,0,0,0,0,0,0,0,0,0,0,0,0,0,0,0,0,0,0,0,0,0,0,0,0,0,0,0,0,0,0,0,0,0,0,0,0,0,0,0,0,0,0,0,0,0,0,0,0,0,0,0,0,0,0,0,0,0,0,0,0,0,0,0,0,0,0,0,0,0,0,0,0,0,0,0,0,0,0,0,0,0,0,0,0,0,0,0,0,0,0,0,0,0,0,0,0,0,0,0,0,0,0,0,0,0,0,0,0,0,0,0,0,0,0,0,0,0,0,0,0,0,0,0,0,0,0,0,0,0,0,0,0,0,0,0,0,0,0,0,0,0,0,0,0,0,0,0,0,0,0,0,0,0,0,0,0,0,0,0,0,0,0,0,0,0,0,0,0,0,0,0,0,0,0,0,0,0,0,0,0,0,0,0,0,0,0,0,0,0,0,0,0,0,0,0,0,0,0,0,0,0,0,0,0,0,0,0,0,0,0,0,0,0,0,0,0,0,0,0,0,0,0,0,0,0,0,0,0,0,0,0,0,0,0,0,0,0,0,0,0
"Vaccine Taking Population[Arkansas]",0,0,0,0,0,0,0,0,0,0,0,0,0,0,0,0,0,0,0,0,0,0,0,0,0,0,0,0,0,0,0,0,0,0,0,0,0,0,0,0,0,0,0,0,0,0,0,0,0,0,0,0,0,0,0,0,0,0,0,0,0,0,0,0,0,0,0,0,0,0,0,0,0,0,0,0,0,0,0,0,0,0,0,0,0,0,0,0,0,0,0,0,0,0,0,0,0,0,0,0,0,0,0,0,0,0,0,0,0,0,0,0,0,0,0,0,0,0,0,0,0,0,0,0,0,0,0,0,0,0,0,0,0,0,0,0,0,0,0,0,0,0,0,0,0,0,0,0,0,0,0,0,0,0,0,0,0,0,0,0,0,0,0,0,0,0,0,0,0,0,0,0,0,0,0,0,0,0,0,0,0,0,0,0,0,0,0,0,0,0,0,0,0,0,0,0,0,0,0,0,0,0,0,0,0,0,0,0,0,0,0,0,0,0,0,0,0,0,0,0,0,0,0,0,0,0,0,0,0,0,0,0,0,0,0,0,0,0,0,0,0,0,0,0,0,0,0,0,0,0,0,0,0,0,0,0,0,0,0,0,0,0,0,0,0,0,0,0,0,0,0,0,0,0,0,0,0,0,0,0,0,0,0,0,0,0,0,0,0,0,0,0,0,0,0,0,0,0,0,0,0,0,0,0,0,0,0,0,0,0,0,0,0,0,0,0,0,0,0,0,0,0,0,0,0,0,0,0,0,0,0,0,0,0,0,0,0,0,0,0,0,0,0,0,0,0,0,0,0,0,0,0,0,0,0,0,0,0,0,0,0,0,0,0,0,0,0,0,0,0,0,0,0,0,0,0,0,0,0,0,0,0,0,0,0,0,0,0,0,0,0,0,0,0,0,0,0,0,0,0,0,0,0,0,0,0,0,0,0,0,0,0,0,0,0,0,0,0,0,0,0,0,0,0,0,0,0,0,0,0,0,0,0,0,0,0,0,0,0,0,0,0,0,0,0,0,0,0,0,0,0,0,0,0,0,0,0,0,0,0,0,0,0,0,0,0,0,0,0,0,0,0,0,0,0,0,0,0,0,0,0,0,0,0,0,0,0,0,0,0,0,0,0,0,0,0,0,0,0,0,0,0,0,0,0,0,0,0,0,0,0,0,0,0,0,0,0,0,0,0,0,0,0,0,0,0,0,0,0,0,0,0,0,0,0,0,0,0,0,0,0,0,0,0,0,0,0,0,0,0,0,0,0,0,0,0,0,0,0,0,0,0,0,0,0,0,0,0,0,0,0,0,0,0,0,0,0,0,0,0,0,0,0,0,0,0,0,0,0,0,0,0,0,0,0,0,0,0,0,0,0,0,0,0,0,0,0,0,0,0,0,0,0,0,0,0,0,0,0,0,0,0,0,0,0,0,0,0,0,0,0,0,0,0,0,0,0,0,0,0,0,0,0,0,0,0,0,0,0,0,0,0,0,0,0,0,0,0,0,0,0,0,0,0,0,0,0,0,0,0,0,0,0,0,0,0,0,0,0,0,0,0,0,0,0,0,0,0,0,0,0,0,0,0,0,0,0,0,0,0,0,0,0,0,0,0,0,0,0,0,0,0,0,0,0,0,0,0,0,0,0,0,0,0,0,0,0,0,0,0,0,0,0,0,0,0,0,0,0,0,0,0,0,0,0,0,0,0,0,0,0,0,0,0,0,0,0,0,0,0,0,0,0,0,0,0,0,0,0,0,0,0,0,0,0,0,0,0,0,0,0,0,0,0,0,0,0,0,0,0,0,0,0,0,0,0,0,0,0,0,0,0,0,0,0,0,0,0,0,0,0,0,0,0,0,0,0,0,0,0,0,0,0,0,0,0,0,0,0,0,0,0,0,0,0,0,0,0,0,0,0,0,0,0,0,0,0,0,0,0,0,0,0,0,0,0,0,0,0,0,0,0,0,0,0,0,0,0,0,0,0,0,0,0,0,0,0,0,0,0,0,0,0,0,0,0,0,0,0,0,0,0,0,0,0,0,0,0,0,0,0,0,0,0,0,0,0,0,0,0,0,0,0,0,0,0,0,0,0,0,0,0,0,0,0,0,0,0,0,0,0,0,0,0,0,0,0,0,0,0,0,0,0,0,0,0,0,0,0,0,0,0,0,0,0,0,0,0,0,0,0,0,0,0,0,0,0,0,0,0,0,0,0,0,0,0,0,0,0,0,0,0,0,0,0,0,0,0,0,0,0,0,0,0,0,0,0,0,0,0,0,0,0,0,0,0,0,0,0,0,0,0,0,0,0,0,0,0,0,0,0,0,0,0,0,0,0,0,0,0,0,0,0,0,0,0,0,0,0,0,0,0,0,0,0,0,0,0,0,0,0,0,0,0,0,0,0,0,0,0,0,0,0,0,0,0,0,0,0,0,0
"Vaccine Taking Population[California]",0,0,0,0,0,0,0,0,0,0,0,0,0,0,0,0,0,0,0,0,0,0,0,0,0,0,0,0,0,0,0,0,0,0,0,0,0,0,0,0,0,0,0,0,0,0,0,0,0,0,0,0,0,0,0,0,0,0,0,0,0,0,0,0,0,0,0,0,0,0,0,0,0,0,0,0,0,0,0,0,0,0,0,0,0,0,0,0,0,0,0,0,0,0,0,0,0,0,0,0,0,0,0,0,0,0,0,0,0,0,0,0,0,0,0,0,0,0,0,0,0,0,0,0,0,0,0,0,0,0,0,0,0,0,0,0,0,0,0,0,0,0,0,0,0,0,0,0,0,0,0,0,0,0,0,0,0,0,0,0,0,0,0,0,0,0,0,0,0,0,0,0,0,0,0,0,0,0,0,0,0,0,0,0,0,0,0,0,0,0,0,0,0,0,0,0,0,0,0,0,0,0,0,0,0,0,0,0,0,0,0,0,0,0,0,0,0,0,0,0,0,0,0,0,0,0,0,0,0,0,0,0,0,0,0,0,0,0,0,0,0,0,0,0,0,0,0,0,0,0,0,0,0,0,0,0,0,0,0,0,0,0,0,0,0,0,0,0,0,0,0,0,0,0,0,0,0,0,0,0,0,0,0,0,0,0,0,0,0,0,0,0,0,0,0,0,0,0,0,0,0,0,0,0,0,0,0,0,0,0,0,0,0,0,0,0,0,0,0,0,0,0,0,0,0,0,0,0,0,0,0,0,0,0,0,0,0,0,0,0,0,0,0,0,0,0,0,0,0,0,0,0,0,0,0,0,0,0,0,0,0,0,0,0,0,0,0,0,0,0,0,0,0,0,0,0,0,0,0,0,0,0,0,0,0,0,0,0,0,0,0,0,0,0,0,0,0,0,0,0,0,0,0,0,0,0,0,0,0,0,0,0,0,0,0,0,0,0,0,0,0,0,0,0,0,0,0,0,0,0,0,0,0,0,0,0,0,0,0,0,0,0,0,0,0,0,0,0,0,0,0,0,0,0,0,0,0,0,0,0,0,0,0,0,0,0,0,0,0,0,0,0,0,0,0,0,0,0,0,0,0,0,0,0,0,0,0,0,0,0,0,0,0,0,0,0,0,0,0,0,0,0,0,0,0,0,0,0,0,0,0,0,0,0,0,0,0,0,0,0,0,0,0,0,0,0,0,0,0,0,0,0,0,0,0,0,0,0,0,0,0,0,0,0,0,0,0,0,0,0,0,0,0,0,0,0,0,0,0,0,0,0,0,0,0,0,0,0,0,0,0,0,0,0,0,0,0,0,0,0,0,0,0,0,0,0,0,0,0,0,0,0,0,0,0,0,0,0,0,0,0,0,0,0,0,0,0,0,0,0,0,0,0,0,0,0,0,0,0,0,0,0,0,0,0,0,0,0,0,0,0,0,0,0,0,0,0,0,0,0,0,0,0,0,0,0,0,0,0,0,0,0,0,0,0,0,0,0,0,0,0,0,0,0,0,0,0,0,0,0,0,0,0,0,0,0,0,0,0,0,0,0,0,0,0,0,0,0,0,0,0,0,0,0,0,0,0,0,0,0,0,0,0,0,0,0,0,0,0,0,0,0,0,0,0,0,0,0,0,0,0,0,0,0,0,0,0,0,0,0,0,0,0,0,0,0,0,0,0,0,0,0,0,0,0,0,0,0,0,0,0,0,0,0,0,0,0,0,0,0,0,0,0,0,0,0,0,0,0,0,0,0,0,0,0,0,0,0,0,0,0,0,0,0,0,0,0,0,0,0,0,0,0,0,0,0,0,0,0,0,0,0,0,0,0,0,0,0,0,0,0,0,0,0,0,0,0,0,0,0,0,0,0,0,0,0,0,0,0,0,0,0,0,0,0,0,0,0,0,0,0,0,0,0,0,0,0,0,0,0,0,0,0,0,0,0,0,0,0,0,0,0,0,0,0,0,0,0,0,0,0,0,0,0,0,0,0,0,0,0,0,0,0,0,0,0,0,0,0,0,0,0,0,0,0,0,0,0,0,0,0,0,0,0,0,0,0,0,0,0,0,0,0,0,0,0,0,0,0,0,0,0,0,0,0,0,0,0,0,0,0,0,0,0,0,0,0,0,0,0,0,0,0,0,0,0,0,0,0,0,0,0,0,0,0,0,0,0,0,0,0,0,0,0,0,0,0,0,0,0,0,0,0,0,0,0,0,0,0,0,0,0,0,0,0,0,0,0,0,0,0,0,0,0,0,0,0,0,0,0,0,0,0,0,0,0,0,0,0,0,0,0,0,0,0,0,0,0,0,0,0,0,0,0,0,0,0,0,0,0,0,0,0,0,0,0,0,0,0,0,0,0,0,0,0,0,0,0,0,0,0,0,0,0,0,0,0,0,0,0,0,0,0,0,0,0,0,0,0,0,0
"Vaccine Taking Population[Colorado]",0,0,0,0,0,0,0,0,0,0,0,0,0,0,0,0,0,0,0,0,0,0,0,0,0,0,0,0,0,0,0,0,0,0,0,0,0,0,0,0,0,0,0,0,0,0,0,0,0,0,0,0,0,0,0,0,0,0,0,0,0,0,0,0,0,0,0,0,0,0,0,0,0,0,0,0,0,0,0,0,0,0,0,0,0,0,0,0,0,0,0,0,0,0,0,0,0,0,0,0,0,0,0,0,0,0,0,0,0,0,0,0,0,0,0,0,0,0,0,0,0,0,0,0,0,0,0,0,0,0,0,0,0,0,0,0,0,0,0,0,0,0,0,0,0,0,0,0,0,0,0,0,0,0,0,0,0,0,0,0,0,0,0,0,0,0,0,0,0,0,0,0,0,0,0,0,0,0,0,0,0,0,0,0,0,0,0,0,0,0,0,0,0,0,0,0,0,0,0,0,0,0,0,0,0,0,0,0,0,0,0,0,0,0,0,0,0,0,0,0,0,0,0,0,0,0,0,0,0,0,0,0,0,0,0,0,0,0,0,0,0,0,0,0,0,0,0,0,0,0,0,0,0,0,0,0,0,0,0,0,0,0,0,0,0,0,0,0,0,0,0,0,0,0,0,0,0,0,0,0,0,0,0,0,0,0,0,0,0,0,0,0,0,0,0,0,0,0,0,0,0,0,0,0,0,0,0,0,0,0,0,0,0,0,0,0,0,0,0,0,0,0,0,0,0,0,0,0,0,0,0,0,0,0,0,0,0,0,0,0,0,0,0,0,0,0,0,0,0,0,0,0,0,0,0,0,0,0,0,0,0,0,0,0,0,0,0,0,0,0,0,0,0,0,0,0,0,0,0,0,0,0,0,0,0,0,0,0,0,0,0,0,0,0,0,0,0,0,0,0,0,0,0,0,0,0,0,0,0,0,0,0,0,0,0,0,0,0,0,0,0,0,0,0,0,0,0,0,0,0,0,0,0,0,0,0,0,0,0,0,0,0,0,0,0,0,0,0,0,0,0,0,0,0,0,0,0,0,0,0,0,0,0,0,0,0,0,0,0,0,0,0,0,0,0,0,0,0,0,0,0,0,0,0,0,0,0,0,0,0,0,0,0,0,0,0,0,0,0,0,0,0,0,0,0,0,0,0,0,0,0,0,0,0,0,0,0,0,0,0,0,0,0,0,0,0,0,0,0,0,0,0,0,0,0,0,0,0,0,0,0,0,0,0,0,0,0,0,0,0,0,0,0,0,0,0,0,0,0,0,0,0,0,0,0,0,0,0,0,0,0,0,0,0,0,0,0,0,0,0,0,0,0,0,0,0,0,0,0,0,0,0,0,0,0,0,0,0,0,0,0,0,0,0,0,0,0,0,0,0,0,0,0,0,0,0,0,0,0,0,0,0,0,0,0,0,0,0,0,0,0,0,0,0,0,0,0,0,0,0,0,0,0,0,0,0,0,0,0,0,0,0,0,0,0,0,0,0,0,0,0,0,0,0,0,0,0,0,0,0,0,0,0,0,0,0,0,0,0,0,0,0,0,0,0,0,0,0,0,0,0,0,0,0,0,0,0,0,0,0,0,0,0,0,0,0,0,0,0,0,0,0,0,0,0,0,0,0,0,0,0,0,0,0,0,0,0,0,0,0,0,0,0,0,0,0,0,0,0,0,0,0,0,0,0,0,0,0,0,0,0,0,0,0,0,0,0,0,0,0,0,0,0,0,0,0,0,0,0,0,0,0,0,0,0,0,0,0,0,0,0,0,0,0,0,0,0,0,0,0,0,0,0,0,0,0,0,0,0,0,0,0,0,0,0,0,0,0,0,0,0,0,0,0,0,0,0,0,0,0,0,0,0,0,0,0,0,0,0,0,0,0,0,0,0,0,0,0,0,0,0,0,0,0,0,0,0,0,0,0,0,0,0,0,0,0,0,0,0,0,0,0,0,0,0,0,0,0,0,0,0,0,0,0,0,0,0,0,0,0,0,0,0,0,0,0,0,0,0,0,0,0,0,0,0,0,0,0,0,0,0,0,0,0,0,0,0,0,0,0,0,0,0,0,0,0,0,0,0,0,0,0,0,0,0,0,0,0,0,0,0,0,0,0,0,0,0,0,0,0,0,0,0,0,0,0,0,0,0,0,0,0,0,0,0,0,0,0,0,0,0,0,0,0,0,0,0,0,0,0,0,0,0,0,0,0,0,0,0,0,0,0,0,0,0,0,0,0,0,0,0,0,0,0,0,0,0,0,0,0,0,0,0,0,0,0,0,0,0,0,0,0,0,0,0,0,0,0,0,0,0,0,0,0,0,0,0,0,0,0,0,0,0,0,0,0,0,0,0,0,0,0,0,0,0,0,0,0,0,0,0,0,0,0,0,0,0,0,0,0,0,0,0,0,0,0,0,0,0,0,0
"Vaccine Taking Population[Connecticut]",0,0,0,0,0,0,0,0,0,0,0,0,0,0,0,0,0,0,0,0,0,0,0,0,0,0,0,0,0,0,0,0,0,0,0,0,0,0,0,0,0,0,0,0,0,0,0,0,0,0,0,0,0,0,0,0,0,0,0,0,0,0,0,0,0,0,0,0,0,0,0,0,0,0,0,0,0,0,0,0,0,0,0,0,0,0,0,0,0,0,0,0,0,0,0,0,0,0,0,0,0,0,0,0,0,0,0,0,0,0,0,0,0,0,0,0,0,0,0,0,0,0,0,0,0,0,0,0,0,0,0,0,0,0,0,0,0,0,0,0,0,0,0,0,0,0,0,0,0,0,0,0,0,0,0,0,0,0,0,0,0,0,0,0,0,0,0,0,0,0,0,0,0,0,0,0,0,0,0,0,0,0,0,0,0,0,0,0,0,0,0,0,0,0,0,0,0,0,0,0,0,0,0,0,0,0,0,0,0,0,0,0,0,0,0,0,0,0,0,0,0,0,0,0,0,0,0,0,0,0,0,0,0,0,0,0,0,0,0,0,0,0,0,0,0,0,0,0,0,0,0,0,0,0,0,0,0,0,0,0,0,0,0,0,0,0,0,0,0,0,0,0,0,0,0,0,0,0,0,0,0,0,0,0,0,0,0,0,0,0,0,0,0,0,0,0,0,0,0,0,0,0,0,0,0,0,0,0,0,0,0,0,0,0,0,0,0,0,0,0,0,0,0,0,0,0,0,0,0,0,0,0,0,0,0,0,0,0,0,0,0,0,0,0,0,0,0,0,0,0,0,0,0,0,0,0,0,0,0,0,0,0,0,0,0,0,0,0,0,0,0,0,0,0,0,0,0,0,0,0,0,0,0,0,0,0,0,0,0,0,0,0,0,0,0,0,0,0,0,0,0,0,0,0,0,0,0,0,0,0,0,0,0,0,0,0,0,0,0,0,0,0,0,0,0,0,0,0,0,0,0,0,0,0,0,0,0,0,0,0,0,0,0,0,0,0,0,0,0,0,0,0,0,0,0,0,0,0,0,0,0,0,0,0,0,0,0,0,0,0,0,0,0,0,0,0,0,0,0,0,0,0,0,0,0,0,0,0,0,0,0,0,0,0,0,0,0,0,0,0,0,0,0,0,0,0,0,0,0,0,0,0,0,0,0,0,0,0,0,0,0,0,0,0,0,0,0,0,0,0,0,0,0,0,0,0,0,0,0,0,0,0,0,0,0,0,0,0,0,0,0,0,0,0,0,0,0,0,0,0,0,0,0,0,0,0,0,0,0,0,0,0,0,0,0,0,0,0,0,0,0,0,0,0,0,0,0,0,0,0,0,0,0,0,0,0,0,0,0,0,0,0,0,0,0,0,0,0,0,0,0,0,0,0,0,0,0,0,0,0,0,0,0,0,0,0,0,0,0,0,0,0,0,0,0,0,0,0,0,0,0,0,0,0,0,0,0,0,0,0,0,0,0,0,0,0,0,0,0,0,0,0,0,0,0,0,0,0,0,0,0,0,0,0,0,0,0,0,0,0,0,0,0,0,0,0,0,0,0,0,0,0,0,0,0,0,0,0,0,0,0,0,0,0,0,0,0,0,0,0,0,0,0,0,0,0,0,0,0,0,0,0,0,0,0,0,0,0,0,0,0,0,0,0,0,0,0,0,0,0,0,0,0,0,0,0,0,0,0,0,0,0,0,0,0,0,0,0,0,0,0,0,0,0,0,0,0,0,0,0,0,0,0,0,0,0,0,0,0,0,0,0,0,0,0,0,0,0,0,0,0,0,0,0,0,0,0,0,0,0,0,0,0,0,0,0,0,0,0,0,0,0,0,0,0,0,0,0,0,0,0,0,0,0,0,0,0,0,0,0,0,0,0,0,0,0,0,0,0,0,0,0,0,0,0,0,0,0,0,0,0,0,0,0,0,0,0,0,0,0,0,0,0,0,0,0,0,0,0,0,0,0,0,0,0,0,0,0,0,0,0,0,0,0,0,0,0,0,0,0,0,0,0,0,0,0,0,0,0,0,0,0,0,0,0,0,0,0,0,0,0,0,0,0,0,0,0,0,0,0,0,0,0,0,0,0,0,0,0,0,0,0,0,0,0,0,0,0,0,0,0,0,0,0,0,0,0,0,0,0,0,0,0,0,0,0,0,0,0,0,0,0,0,0,0,0,0,0,0,0,0,0,0,0,0,0,0,0,0,0,0,0,0,0,0,0,0,0,0,0,0,0,0,0,0,0,0,0,0,0,0,0,0,0,0,0,0,0,0,0,0,0,0,0,0,0,0,0,0,0,0,0,0,0,0,0,0,0,0,0,0,0,0,0,0,0,0,0,0,0,0,0,0,0,0,0,0,0,0,0,0,0,0,0,0,0,0,0,0,0,0,0,0,0,0,0,0,0,0,0,0
"Vaccine Taking Population[District of Columbia]",0,0,0,0,0,0,0,0,0,0,0,0,0,0,0,0,0,0,0,0,0,0,0,0,0,0,0,0,0,0,0,0,0,0,0,0,0,0,0,0,0,0,0,0,0,0,0,0,0,0,0,0,0,0,0,0,0,0,0,0,0,0,0,0,0,0,0,0,0,0,0,0,0,0,0,0,0,0,0,0,0,0,0,0,0,0,0,0,0,0,0,0,0,0,0,0,0,0,0,0,0,0,0,0,0,0,0,0,0,0,0,0,0,0,0,0,0,0,0,0,0,0,0,0,0,0,0,0,0,0,0,0,0,0,0,0,0,0,0,0,0,0,0,0,0,0,0,0,0,0,0,0,0,0,0,0,0,0,0,0,0,0,0,0,0,0,0,0,0,0,0,0,0,0,0,0,0,0,0,0,0,0,0,0,0,0,0,0,0,0,0,0,0,0,0,0,0,0,0,0,0,0,0,0,0,0,0,0,0,0,0,0,0,0,0,0,0,0,0,0,0,0,0,0,0,0,0,0,0,0,0,0,0,0,0,0,0,0,0,0,0,0,0,0,0,0,0,0,0,0,0,0,0,0,0,0,0,0,0,0,0,0,0,0,0,0,0,0,0,0,0,0,0,0,0,0,0,0,0,0,0,0,0,0,0,0,0,0,0,0,0,0,0,0,0,0,0,0,0,0,0,0,0,0,0,0,0,0,0,0,0,0,0,0,0,0,0,0,0,0,0,0,0,0,0,0,0,0,0,0,0,0,0,0,0,0,0,0,0,0,0,0,0,0,0,0,0,0,0,0,0,0,0,0,0,0,0,0,0,0,0,0,0,0,0,0,0,0,0,0,0,0,0,0,0,0,0,0,0,0,0,0,0,0,0,0,0,0,0,0,0,0,0,0,0,0,0,0,0,0,0,0,0,0,0,0,0,0,0,0,0,0,0,0,0,0,0,0,0,0,0,0,0,0,0,0,0,0,0,0,0,0,0,0,0,0,0,0,0,0,0,0,0,0,0,0,0,0,0,0,0,0,0,0,0,0,0,0,0,0,0,0,0,0,0,0,0,0,0,0,0,0,0,0,0,0,0,0,0,0,0,0,0,0,0,0,0,0,0,0,0,0,0,0,0,0,0,0,0,0,0,0,0,0,0,0,0,0,0,0,0,0,0,0,0,0,0,0,0,0,0,0,0,0,0,0,0,0,0,0,0,0,0,0,0,0,0,0,0,0,0,0,0,0,0,0,0,0,0,0,0,0,0,0,0,0,0,0,0,0,0,0,0,0,0,0,0,0,0,0,0,0,0,0,0,0,0,0,0,0,0,0,0,0,0,0,0,0,0,0,0,0,0,0,0,0,0,0,0,0,0,0,0,0,0,0,0,0,0,0,0,0,0,0,0,0,0,0,0,0,0,0,0,0,0,0,0,0,0,0,0,0,0,0,0,0,0,0,0,0,0,0,0,0,0,0,0,0,0,0,0,0,0,0,0,0,0,0,0,0,0,0,0,0,0,0,0,0,0,0,0,0,0,0,0,0,0,0,0,0,0,0,0,0,0,0,0,0,0,0,0,0,0,0,0,0,0,0,0,0,0,0,0,0,0,0,0,0,0,0,0,0,0,0,0,0,0,0,0,0,0,0,0,0,0,0,0,0,0,0,0,0,0,0,0,0,0,0,0,0,0,0,0,0,0,0,0,0,0,0,0,0,0,0,0,0,0,0,0,0,0,0,0,0,0,0,0,0,0,0,0,0,0,0,0,0,0,0,0,0,0,0,0,0,0,0,0,0,0,0,0,0,0,0,0,0,0,0,0,0,0,0,0,0,0,0,0,0,0,0,0,0,0,0,0,0,0,0,0,0,0,0,0,0,0,0,0,0,0,0,0,0,0,0,0,0,0,0,0,0,0,0,0,0,0,0,0,0,0,0,0,0,0,0,0,0,0,0,0,0,0,0,0,0,0,0,0,0,0,0,0,0,0,0,0,0,0,0,0,0,0,0,0,0,0,0,0,0,0,0,0,0,0,0,0,0,0,0,0,0,0,0,0,0,0,0,0,0,0,0,0,0,0,0,0,0,0,0,0,0,0,0,0,0,0,0,0,0,0,0,0,0,0,0,0,0,0,0,0,0,0,0,0,0,0,0,0,0,0,0,0,0,0,0,0,0,0,0,0,0,0,0,0,0,0,0,0,0,0,0,0,0,0,0,0,0,0,0,0,0,0,0,0,0,0,0,0,0,0,0,0,0,0,0,0,0,0,0,0,0,0,0,0,0,0,0,0,0,0,0,0,0,0,0,0,0,0,0,0,0,0,0,0,0,0,0,0,0,0,0,0,0,0,0,0,0,0,0,0,0,0,0,0,0,0,0,0,0,0,0,0,0,0,0,0,0,0,0,0,0,0,0,0,0,0,0,0,0,0,0,0
"Vaccine Taking Population[Delaware]",0,0,0,0,0,0,0,0,0,0,0,0,0,0,0,0,0,0,0,0,0,0,0,0,0,0,0,0,0,0,0,0,0,0,0,0,0,0,0,0,0,0,0,0,0,0,0,0,0,0,0,0,0,0,0,0,0,0,0,0,0,0,0,0,0,0,0,0,0,0,0,0,0,0,0,0,0,0,0,0,0,0,0,0,0,0,0,0,0,0,0,0,0,0,0,0,0,0,0,0,0,0,0,0,0,0,0,0,0,0,0,0,0,0,0,0,0,0,0,0,0,0,0,0,0,0,0,0,0,0,0,0,0,0,0,0,0,0,0,0,0,0,0,0,0,0,0,0,0,0,0,0,0,0,0,0,0,0,0,0,0,0,0,0,0,0,0,0,0,0,0,0,0,0,0,0,0,0,0,0,0,0,0,0,0,0,0,0,0,0,0,0,0,0,0,0,0,0,0,0,0,0,0,0,0,0,0,0,0,0,0,0,0,0,0,0,0,0,0,0,0,0,0,0,0,0,0,0,0,0,0,0,0,0,0,0,0,0,0,0,0,0,0,0,0,0,0,0,0,0,0,0,0,0,0,0,0,0,0,0,0,0,0,0,0,0,0,0,0,0,0,0,0,0,0,0,0,0,0,0,0,0,0,0,0,0,0,0,0,0,0,0,0,0,0,0,0,0,0,0,0,0,0,0,0,0,0,0,0,0,0,0,0,0,0,0,0,0,0,0,0,0,0,0,0,0,0,0,0,0,0,0,0,0,0,0,0,0,0,0,0,0,0,0,0,0,0,0,0,0,0,0,0,0,0,0,0,0,0,0,0,0,0,0,0,0,0,0,0,0,0,0,0,0,0,0,0,0,0,0,0,0,0,0,0,0,0,0,0,0,0,0,0,0,0,0,0,0,0,0,0,0,0,0,0,0,0,0,0,0,0,0,0,0,0,0,0,0,0,0,0,0,0,0,0,0,0,0,0,0,0,0,0,0,0,0,0,0,0,0,0,0,0,0,0,0,0,0,0,0,0,0,0,0,0,0,0,0,0,0,0,0,0,0,0,0,0,0,0,0,0,0,0,0,0,0,0,0,0,0,0,0,0,0,0,0,0,0,0,0,0,0,0,0,0,0,0,0,0,0,0,0,0,0,0,0,0,0,0,0,0,0,0,0,0,0,0,0,0,0,0,0,0,0,0,0,0,0,0,0,0,0,0,0,0,0,0,0,0,0,0,0,0,0,0,0,0,0,0,0,0,0,0,0,0,0,0,0,0,0,0,0,0,0,0,0,0,0,0,0,0,0,0,0,0,0,0,0,0,0,0,0,0,0,0,0,0,0,0,0,0,0,0,0,0,0,0,0,0,0,0,0,0,0,0,0,0,0,0,0,0,0,0,0,0,0,0,0,0,0,0,0,0,0,0,0,0,0,0,0,0,0,0,0,0,0,0,0,0,0,0,0,0,0,0,0,0,0,0,0,0,0,0,0,0,0,0,0,0,0,0,0,0,0,0,0,0,0,0,0,0,0,0,0,0,0,0,0,0,0,0,0,0,0,0,0,0,0,0,0,0,0,0,0,0,0,0,0,0,0,0,0,0,0,0,0,0,0,0,0,0,0,0,0,0,0,0,0,0,0,0,0,0,0,0,0,0,0,0,0,0,0,0,0,0,0,0,0,0,0,0,0,0,0,0,0,0,0,0,0,0,0,0,0,0,0,0,0,0,0,0,0,0,0,0,0,0,0,0,0,0,0,0,0,0,0,0,0,0,0,0,0,0,0,0,0,0,0,0,0,0,0,0,0,0,0,0,0,0,0,0,0,0,0,0,0,0,0,0,0,0,0,0,0,0,0,0,0,0,0,0,0,0,0,0,0,0,0,0,0,0,0,0,0,0,0,0,0,0,0,0,0,0,0,0,0,0,0,0,0,0,0,0,0,0,0,0,0,0,0,0,0,0,0,0,0,0,0,0,0,0,0,0,0,0,0,0,0,0,0,0,0,0,0,0,0,0,0,0,0,0,0,0,0,0,0,0,0,0,0,0,0,0,0,0,0,0,0,0,0,0,0,0,0,0,0,0,0,0,0,0,0,0,0,0,0,0,0,0,0,0,0,0,0,0,0,0,0,0,0,0,0,0,0,0,0,0,0,0,0,0,0,0,0,0,0,0,0,0,0,0,0,0,0,0,0,0,0,0,0,0,0,0,0,0,0,0,0,0,0,0,0,0,0,0,0,0,0,0,0,0,0,0,0,0,0,0,0,0,0,0,0,0,0,0,0,0,0,0,0,0,0,0,0,0,0,0,0,0,0,0,0,0,0,0,0,0,0,0,0,0,0,0,0,0,0,0,0,0,0,0,0,0,0,0,0,0,0,0,0,0,0,0,0,0,0,0,0,0,0,0,0,0,0,0,0,0,0,0,0,0
"Vaccine Taking Population[Florida]",0,0,0,0,0,0,0,0,0,0,0,0,0,0,0,0,0,0,0,0,0,0,0,0,0,0,0,0,0,0,0,0,0,0,0,0,0,0,0,0,0,0,0,0,0,0,0,0,0,0,0,0,0,0,0,0,0,0,0,0,0,0,0,0,0,0,0,0,0,0,0,0,0,0,0,0,0,0,0,0,0,0,0,0,0,0,0,0,0,0,0,0,0,0,0,0,0,0,0,0,0,0,0,0,0,0,0,0,0,0,0,0,0,0,0,0,0,0,0,0,0,0,0,0,0,0,0,0,0,0,0,0,0,0,0,0,0,0,0,0,0,0,0,0,0,0,0,0,0,0,0,0,0,0,0,0,0,0,0,0,0,0,0,0,0,0,0,0,0,0,0,0,0,0,0,0,0,0,0,0,0,0,0,0,0,0,0,0,0,0,0,0,0,0,0,0,0,0,0,0,0,0,0,0,0,0,0,0,0,0,0,0,0,0,0,0,0,0,0,0,0,0,0,0,0,0,0,0,0,0,0,0,0,0,0,0,0,0,0,0,0,0,0,0,0,0,0,0,0,0,0,0,0,0,0,0,0,0,0,0,0,0,0,0,0,0,0,0,0,0,0,0,0,0,0,0,0,0,0,0,0,0,0,0,0,0,0,0,0,0,0,0,0,0,0,0,0,0,0,0,0,0,0,0,0,0,0,0,0,0,0,0,0,0,0,0,0,0,0,0,0,0,0,0,0,0,0,0,0,0,0,0,0,0,0,0,0,0,0,0,0,0,0,0,0,0,0,0,0,0,0,0,0,0,0,0,0,0,0,0,0,0,0,0,0,0,0,0,0,0,0,0,0,0,0,0,0,0,0,0,0,0,0,0,0,0,0,0,0,0,0,0,0,0,0,0,0,0,0,0,0,0,0,0,0,0,0,0,0,0,0,0,0,0,0,0,0,0,0,0,0,0,0,0,0,0,0,0,0,0,0,0,0,0,0,0,0,0,0,0,0,0,0,0,0,0,0,0,0,0,0,0,0,0,0,0,0,0,0,0,0,0,0,0,0,0,0,0,0,0,0,0,0,0,0,0,0,0,0,0,0,0,0,0,0,0,0,0,0,0,0,0,0,0,0,0,0,0,0,0,0,0,0,0,0,0,0,0,0,0,0,0,0,0,0,0,0,0,0,0,0,0,0,0,0,0,0,0,0,0,0,0,0,0,0,0,0,0,0,0,0,0,0,0,0,0,0,0,0,0,0,0,0,0,0,0,0,0,0,0,0,0,0,0,0,0,0,0,0,0,0,0,0,0,0,0,0,0,0,0,0,0,0,0,0,0,0,0,0,0,0,0,0,0,0,0,0,0,0,0,0,0,0,0,0,0,0,0,0,0,0,0,0,0,0,0,0,0,0,0,0,0,0,0,0,0,0,0,0,0,0,0,0,0,0,0,0,0,0,0,0,0,0,0,0,0,0,0,0,0,0,0,0,0,0,0,0,0,0,0,0,0,0,0,0,0,0,0,0,0,0,0,0,0,0,0,0,0,0,0,0,0,0,0,0,0,0,0,0,0,0,0,0,0,0,0,0,0,0,0,0,0,0,0,0,0,0,0,0,0,0,0,0,0,0,0,0,0,0,0,0,0,0,0,0,0,0,0,0,0,0,0,0,0,0,0,0,0,0,0,0,0,0,0,0,0,0,0,0,0,0,0,0,0,0,0,0,0,0,0,0,0,0,0,0,0,0,0,0,0,0,0,0,0,0,0,0,0,0,0,0,0,0,0,0,0,0,0,0,0,0,0,0,0,0,0,0,0,0,0,0,0,0,0,0,0,0,0,0,0,0,0,0,0,0,0,0,0,0,0,0,0,0,0,0,0,0,0,0,0,0,0,0,0,0,0,0,0,0,0,0,0,0,0,0,0,0,0,0,0,0,0,0,0,0,0,0,0,0,0,0,0,0,0,0,0,0,0,0,0,0,0,0,0,0,0,0,0,0,0,0,0,0,0,0,0,0,0,0,0,0,0,0,0,0,0,0,0,0,0,0,0,0,0,0,0,0,0,0,0,0,0,0,0,0,0,0,0,0,0,0,0,0,0,0,0,0,0,0,0,0,0,0,0,0,0,0,0,0,0,0,0,0,0,0,0,0,0,0,0,0,0,0,0,0,0,0,0,0,0,0,0,0,0,0,0,0,0,0,0,0,0,0,0,0,0,0,0,0,0,0,0,0,0,0,0,0,0,0,0,0,0,0,0,0,0,0,0,0,0,0,0,0,0,0,0,0,0,0,0,0,0,0,0,0,0,0,0,0,0,0,0,0,0,0,0,0,0,0,0,0,0,0,0,0,0,0,0,0,0,0,0,0,0,0,0,0,0,0,0,0,0,0,0,0,0,0,0,0,0,0,0,0,0,0,0,0,0,0,0,0
"Vaccine Taking Population[Georgia]",0,0,0,0,0,0,0,0,0,0,0,0,0,0,0,0,0,0,0,0,0,0,0,0,0,0,0,0,0,0,0,0,0,0,0,0,0,0,0,0,0,0,0,0,0,0,0,0,0,0,0,0,0,0,0,0,0,0,0,0,0,0,0,0,0,0,0,0,0,0,0,0,0,0,0,0,0,0,0,0,0,0,0,0,0,0,0,0,0,0,0,0,0,0,0,0,0,0,0,0,0,0,0,0,0,0,0,0,0,0,0,0,0,0,0,0,0,0,0,0,0,0,0,0,0,0,0,0,0,0,0,0,0,0,0,0,0,0,0,0,0,0,0,0,0,0,0,0,0,0,0,0,0,0,0,0,0,0,0,0,0,0,0,0,0,0,0,0,0,0,0,0,0,0,0,0,0,0,0,0,0,0,0,0,0,0,0,0,0,0,0,0,0,0,0,0,0,0,0,0,0,0,0,0,0,0,0,0,0,0,0,0,0,0,0,0,0,0,0,0,0,0,0,0,0,0,0,0,0,0,0,0,0,0,0,0,0,0,0,0,0,0,0,0,0,0,0,0,0,0,0,0,0,0,0,0,0,0,0,0,0,0,0,0,0,0,0,0,0,0,0,0,0,0,0,0,0,0,0,0,0,0,0,0,0,0,0,0,0,0,0,0,0,0,0,0,0,0,0,0,0,0,0,0,0,0,0,0,0,0,0,0,0,0,0,0,0,0,0,0,0,0,0,0,0,0,0,0,0,0,0,0,0,0,0,0,0,0,0,0,0,0,0,0,0,0,0,0,0,0,0,0,0,0,0,0,0,0,0,0,0,0,0,0,0,0,0,0,0,0,0,0,0,0,0,0,0,0,0,0,0,0,0,0,0,0,0,0,0,0,0,0,0,0,0,0,0,0,0,0,0,0,0,0,0,0,0,0,0,0,0,0,0,0,0,0,0,0,0,0,0,0,0,0,0,0,0,0,0,0,0,0,0,0,0,0,0,0,0,0,0,0,0,0,0,0,0,0,0,0,0,0,0,0,0,0,0,0,0,0,0,0,0,0,0,0,0,0,0,0,0,0,0,0,0,0,0,0,0,0,0,0,0,0,0,0,0,0,0,0,0,0,0,0,0,0,0,0,0,0,0,0,0,0,0,0,0,0,0,0,0,0,0,0,0,0,0,0,0,0,0,0,0,0,0,0,0,0,0,0,0,0,0,0,0,0,0,0,0,0,0,0,0,0,0,0,0,0,0,0,0,0,0,0,0,0,0,0,0,0,0,0,0,0,0,0,0,0,0,0,0,0,0,0,0,0,0,0,0,0,0,0,0,0,0,0,0,0,0,0,0,0,0,0,0,0,0,0,0,0,0,0,0,0,0,0,0,0,0,0,0,0,0,0,0,0,0,0,0,0,0,0,0,0,0,0,0,0,0,0,0,0,0,0,0,0,0,0,0,0,0,0,0,0,0,0,0,0,0,0,0,0,0,0,0,0,0,0,0,0,0,0,0,0,0,0,0,0,0,0,0,0,0,0,0,0,0,0,0,0,0,0,0,0,0,0,0,0,0,0,0,0,0,0,0,0,0,0,0,0,0,0,0,0,0,0,0,0,0,0,0,0,0,0,0,0,0,0,0,0,0,0,0,0,0,0,0,0,0,0,0,0,0,0,0,0,0,0,0,0,0,0,0,0,0,0,0,0,0,0,0,0,0,0,0,0,0,0,0,0,0,0,0,0,0,0,0,0,0,0,0,0,0,0,0,0,0,0,0,0,0,0,0,0,0,0,0,0,0,0,0,0,0,0,0,0,0,0,0,0,0,0,0,0,0,0,0,0,0,0,0,0,0,0,0,0,0,0,0,0,0,0,0,0,0,0,0,0,0,0,0,0,0,0,0,0,0,0,0,0,0,0,0,0,0,0,0,0,0,0,0,0,0,0,0,0,0,0,0,0,0,0,0,0,0,0,0,0,0,0,0,0,0,0,0,0,0,0,0,0,0,0,0,0,0,0,0,0,0,0,0,0,0,0,0,0,0,0,0,0,0,0,0,0,0,0,0,0,0,0,0,0,0,0,0,0,0,0,0,0,0,0,0,0,0,0,0,0,0,0,0,0,0,0,0,0,0,0,0,0,0,0,0,0,0,0,0,0,0,0,0,0,0,0,0,0,0,0,0,0,0,0,0,0,0,0,0,0,0,0,0,0,0,0,0,0,0,0,0,0,0,0,0,0,0,0,0,0,0,0,0,0,0,0,0,0,0,0,0,0,0,0,0,0,0,0,0,0,0,0,0,0,0,0,0,0,0,0,0,0,0,0,0,0,0,0,0,0,0,0,0,0,0,0,0,0,0,0,0,0,0,0,0,0,0,0,0,0,0,0,0,0,0,0,0,0,0,0,0,0,0,0,0,0,0,0,0,0,0,0,0
"Vaccine Taking Population[Hawaii]",0,0,0,0,0,0,0,0,0,0,0,0,0,0,0,0,0,0,0,0,0,0,0,0,0,0,0,0,0,0,0,0,0,0,0,0,0,0,0,0,0,0,0,0,0,0,0,0,0,0,0,0,0,0,0,0,0,0,0,0,0,0,0,0,0,0,0,0,0,0,0,0,0,0,0,0,0,0,0,0,0,0,0,0,0,0,0,0,0,0,0,0,0,0,0,0,0,0,0,0,0,0,0,0,0,0,0,0,0,0,0,0,0,0,0,0,0,0,0,0,0,0,0,0,0,0,0,0,0,0,0,0,0,0,0,0,0,0,0,0,0,0,0,0,0,0,0,0,0,0,0,0,0,0,0,0,0,0,0,0,0,0,0,0,0,0,0,0,0,0,0,0,0,0,0,0,0,0,0,0,0,0,0,0,0,0,0,0,0,0,0,0,0,0,0,0,0,0,0,0,0,0,0,0,0,0,0,0,0,0,0,0,0,0,0,0,0,0,0,0,0,0,0,0,0,0,0,0,0,0,0,0,0,0,0,0,0,0,0,0,0,0,0,0,0,0,0,0,0,0,0,0,0,0,0,0,0,0,0,0,0,0,0,0,0,0,0,0,0,0,0,0,0,0,0,0,0,0,0,0,0,0,0,0,0,0,0,0,0,0,0,0,0,0,0,0,0,0,0,0,0,0,0,0,0,0,0,0,0,0,0,0,0,0,0,0,0,0,0,0,0,0,0,0,0,0,0,0,0,0,0,0,0,0,0,0,0,0,0,0,0,0,0,0,0,0,0,0,0,0,0,0,0,0,0,0,0,0,0,0,0,0,0,0,0,0,0,0,0,0,0,0,0,0,0,0,0,0,0,0,0,0,0,0,0,0,0,0,0,0,0,0,0,0,0,0,0,0,0,0,0,0,0,0,0,0,0,0,0,0,0,0,0,0,0,0,0,0,0,0,0,0,0,0,0,0,0,0,0,0,0,0,0,0,0,0,0,0,0,0,0,0,0,0,0,0,0,0,0,0,0,0,0,0,0,0,0,0,0,0,0,0,0,0,0,0,0,0,0,0,0,0,0,0,0,0,0,0,0,0,0,0,0,0,0,0,0,0,0,0,0,0,0,0,0,0,0,0,0,0,0,0,0,0,0,0,0,0,0,0,0,0,0,0,0,0,0,0,0,0,0,0,0,0,0,0,0,0,0,0,0,0,0,0,0,0,0,0,0,0,0,0,0,0,0,0,0,0,0,0,0,0,0,0,0,0,0,0,0,0,0,0,0,0,0,0,0,0,0,0,0,0,0,0,0,0,0,0,0,0,0,0,0,0,0,0,0,0,0,0,0,0,0,0,0,0,0,0,0,0,0,0,0,0,0,0,0,0,0,0,0,0,0,0,0,0,0,0,0,0,0,0,0,0,0,0,0,0,0,0,0,0,0,0,0,0,0,0,0,0,0,0,0,0,0,0,0,0,0,0,0,0,0,0,0,0,0,0,0,0,0,0,0,0,0,0,0,0,0,0,0,0,0,0,0,0,0,0,0,0,0,0,0,0,0,0,0,0,0,0,0,0,0,0,0,0,0,0,0,0,0,0,0,0,0,0,0,0,0,0,0,0,0,0,0,0,0,0,0,0,0,0,0,0,0,0,0,0,0,0,0,0,0,0,0,0,0,0,0,0,0,0,0,0,0,0,0,0,0,0,0,0,0,0,0,0,0,0,0,0,0,0,0,0,0,0,0,0,0,0,0,0,0,0,0,0,0,0,0,0,0,0,0,0,0,0,0,0,0,0,0,0,0,0,0,0,0,0,0,0,0,0,0,0,0,0,0,0,0,0,0,0,0,0,0,0,0,0,0,0,0,0,0,0,0,0,0,0,0,0,0,0,0,0,0,0,0,0,0,0,0,0,0,0,0,0,0,0,0,0,0,0,0,0,0,0,0,0,0,0,0,0,0,0,0,0,0,0,0,0,0,0,0,0,0,0,0,0,0,0,0,0,0,0,0,0,0,0,0,0,0,0,0,0,0,0,0,0,0,0,0,0,0,0,0,0,0,0,0,0,0,0,0,0,0,0,0,0,0,0,0,0,0,0,0,0,0,0,0,0,0,0,0,0,0,0,0,0,0,0,0,0,0,0,0,0,0,0,0,0,0,0,0,0,0,0,0,0,0,0,0,0,0,0,0,0,0,0,0,0,0,0,0,0,0,0,0,0,0,0,0,0,0,0,0,0,0,0,0,0,0,0,0,0,0,0,0,0,0,0,0,0,0,0,0,0,0,0,0,0,0,0,0,0,0,0,0,0,0,0,0,0,0,0,0,0,0,0,0,0,0,0,0,0,0,0,0,0,0,0,0,0,0,0,0,0,0,0,0,0,0,0,0,0,0,0,0,0,0,0,0,0,0,0,0,0,0,0,0,0,0
"Vaccine Taking Population[Idaho]",0,0,0,0,0,0,0,0,0,0,0,0,0,0,0,0,0,0,0,0,0,0,0,0,0,0,0,0,0,0,0,0,0,0,0,0,0,0,0,0,0,0,0,0,0,0,0,0,0,0,0,0,0,0,0,0,0,0,0,0,0,0,0,0,0,0,0,0,0,0,0,0,0,0,0,0,0,0,0,0,0,0,0,0,0,0,0,0,0,0,0,0,0,0,0,0,0,0,0,0,0,0,0,0,0,0,0,0,0,0,0,0,0,0,0,0,0,0,0,0,0,0,0,0,0,0,0,0,0,0,0,0,0,0,0,0,0,0,0,0,0,0,0,0,0,0,0,0,0,0,0,0,0,0,0,0,0,0,0,0,0,0,0,0,0,0,0,0,0,0,0,0,0,0,0,0,0,0,0,0,0,0,0,0,0,0,0,0,0,0,0,0,0,0,0,0,0,0,0,0,0,0,0,0,0,0,0,0,0,0,0,0,0,0,0,0,0,0,0,0,0,0,0,0,0,0,0,0,0,0,0,0,0,0,0,0,0,0,0,0,0,0,0,0,0,0,0,0,0,0,0,0,0,0,0,0,0,0,0,0,0,0,0,0,0,0,0,0,0,0,0,0,0,0,0,0,0,0,0,0,0,0,0,0,0,0,0,0,0,0,0,0,0,0,0,0,0,0,0,0,0,0,0,0,0,0,0,0,0,0,0,0,0,0,0,0,0,0,0,0,0,0,0,0,0,0,0,0,0,0,0,0,0,0,0,0,0,0,0,0,0,0,0,0,0,0,0,0,0,0,0,0,0,0,0,0,0,0,0,0,0,0,0,0,0,0,0,0,0,0,0,0,0,0,0,0,0,0,0,0,0,0,0,0,0,0,0,0,0,0,0,0,0,0,0,0,0,0,0,0,0,0,0,0,0,0,0,0,0,0,0,0,0,0,0,0,0,0,0,0,0,0,0,0,0,0,0,0,0,0,0,0,0,0,0,0,0,0,0,0,0,0,0,0,0,0,0,0,0,0,0,0,0,0,0,0,0,0,0,0,0,0,0,0,0,0,0,0,0,0,0,0,0,0,0,0,0,0,0,0,0,0,0,0,0,0,0,0,0,0,0,0,0,0,0,0,0,0,0,0,0,0,0,0,0,0,0,0,0,0,0,0,0,0,0,0,0,0,0,0,0,0,0,0,0,0,0,0,0,0,0,0,0,0,0,0,0,0,0,0,0,0,0,0,0,0,0,0,0,0,0,0,0,0,0,0,0,0,0,0,0,0,0,0,0,0,0,0,0,0,0,0,0,0,0,0,0,0,0,0,0,0,0,0,0,0,0,0,0,0,0,0,0,0,0,0,0,0,0,0,0,0,0,0,0,0,0,0,0,0,0,0,0,0,0,0,0,0,0,0,0,0,0,0,0,0,0,0,0,0,0,0,0,0,0,0,0,0,0,0,0,0,0,0,0,0,0,0,0,0,0,0,0,0,0,0,0,0,0,0,0,0,0,0,0,0,0,0,0,0,0,0,0,0,0,0,0,0,0,0,0,0,0,0,0,0,0,0,0,0,0,0,0,0,0,0,0,0,0,0,0,0,0,0,0,0,0,0,0,0,0,0,0,0,0,0,0,0,0,0,0,0,0,0,0,0,0,0,0,0,0,0,0,0,0,0,0,0,0,0,0,0,0,0,0,0,0,0,0,0,0,0,0,0,0,0,0,0,0,0,0,0,0,0,0,0,0,0,0,0,0,0,0,0,0,0,0,0,0,0,0,0,0,0,0,0,0,0,0,0,0,0,0,0,0,0,0,0,0,0,0,0,0,0,0,0,0,0,0,0,0,0,0,0,0,0,0,0,0,0,0,0,0,0,0,0,0,0,0,0,0,0,0,0,0,0,0,0,0,0,0,0,0,0,0,0,0,0,0,0,0,0,0,0,0,0,0,0,0,0,0,0,0,0,0,0,0,0,0,0,0,0,0,0,0,0,0,0,0,0,0,0,0,0,0,0,0,0,0,0,0,0,0,0,0,0,0,0,0,0,0,0,0,0,0,0,0,0,0,0,0,0,0,0,0,0,0,0,0,0,0,0,0,0,0,0,0,0,0,0,0,0,0,0,0,0,0,0,0,0,0,0,0,0,0,0,0,0,0,0,0,0,0,0,0,0,0,0,0,0,0,0,0,0,0,0,0,0,0,0,0,0,0,0,0,0,0,0,0,0,0,0,0,0,0,0,0,0,0,0,0,0,0,0,0,0,0,0,0,0,0,0,0,0,0,0,0,0,0,0,0,0,0,0,0,0,0,0,0,0,0,0,0,0,0,0,0,0,0,0,0,0,0,0,0,0,0,0,0,0,0,0,0,0,0,0,0,0,0,0,0,0,0,0,0,0,0,0,0,0,0,0,0,0,0,0,0,0,0,0,0
"Vaccine Taking Population[Illinois]",0,0,0,0,0,0,0,0,0,0,0,0,0,0,0,0,0,0,0,0,0,0,0,0,0,0,0,0,0,0,0,0,0,0,0,0,0,0,0,0,0,0,0,0,0,0,0,0,0,0,0,0,0,0,0,0,0,0,0,0,0,0,0,0,0,0,0,0,0,0,0,0,0,0,0,0,0,0,0,0,0,0,0,0,0,0,0,0,0,0,0,0,0,0,0,0,0,0,0,0,0,0,0,0,0,0,0,0,0,0,0,0,0,0,0,0,0,0,0,0,0,0,0,0,0,0,0,0,0,0,0,0,0,0,0,0,0,0,0,0,0,0,0,0,0,0,0,0,0,0,0,0,0,0,0,0,0,0,0,0,0,0,0,0,0,0,0,0,0,0,0,0,0,0,0,0,0,0,0,0,0,0,0,0,0,0,0,0,0,0,0,0,0,0,0,0,0,0,0,0,0,0,0,0,0,0,0,0,0,0,0,0,0,0,0,0,0,0,0,0,0,0,0,0,0,0,0,0,0,0,0,0,0,0,0,0,0,0,0,0,0,0,0,0,0,0,0,0,0,0,0,0,0,0,0,0,0,0,0,0,0,0,0,0,0,0,0,0,0,0,0,0,0,0,0,0,0,0,0,0,0,0,0,0,0,0,0,0,0,0,0,0,0,0,0,0,0,0,0,0,0,0,0,0,0,0,0,0,0,0,0,0,0,0,0,0,0,0,0,0,0,0,0,0,0,0,0,0,0,0,0,0,0,0,0,0,0,0,0,0,0,0,0,0,0,0,0,0,0,0,0,0,0,0,0,0,0,0,0,0,0,0,0,0,0,0,0,0,0,0,0,0,0,0,0,0,0,0,0,0,0,0,0,0,0,0,0,0,0,0,0,0,0,0,0,0,0,0,0,0,0,0,0,0,0,0,0,0,0,0,0,0,0,0,0,0,0,0,0,0,0,0,0,0,0,0,0,0,0,0,0,0,0,0,0,0,0,0,0,0,0,0,0,0,0,0,0,0,0,0,0,0,0,0,0,0,0,0,0,0,0,0,0,0,0,0,0,0,0,0,0,0,0,0,0,0,0,0,0,0,0,0,0,0,0,0,0,0,0,0,0,0,0,0,0,0,0,0,0,0,0,0,0,0,0,0,0,0,0,0,0,0,0,0,0,0,0,0,0,0,0,0,0,0,0,0,0,0,0,0,0,0,0,0,0,0,0,0,0,0,0,0,0,0,0,0,0,0,0,0,0,0,0,0,0,0,0,0,0,0,0,0,0,0,0,0,0,0,0,0,0,0,0,0,0,0,0,0,0,0,0,0,0,0,0,0,0,0,0,0,0,0,0,0,0,0,0,0,0,0,0,0,0,0,0,0,0,0,0,0,0,0,0,0,0,0,0,0,0,0,0,0,0,0,0,0,0,0,0,0,0,0,0,0,0,0,0,0,0,0,0,0,0,0,0,0,0,0,0,0,0,0,0,0,0,0,0,0,0,0,0,0,0,0,0,0,0,0,0,0,0,0,0,0,0,0,0,0,0,0,0,0,0,0,0,0,0,0,0,0,0,0,0,0,0,0,0,0,0,0,0,0,0,0,0,0,0,0,0,0,0,0,0,0,0,0,0,0,0,0,0,0,0,0,0,0,0,0,0,0,0,0,0,0,0,0,0,0,0,0,0,0,0,0,0,0,0,0,0,0,0,0,0,0,0,0,0,0,0,0,0,0,0,0,0,0,0,0,0,0,0,0,0,0,0,0,0,0,0,0,0,0,0,0,0,0,0,0,0,0,0,0,0,0,0,0,0,0,0,0,0,0,0,0,0,0,0,0,0,0,0,0,0,0,0,0,0,0,0,0,0,0,0,0,0,0,0,0,0,0,0,0,0,0,0,0,0,0,0,0,0,0,0,0,0,0,0,0,0,0,0,0,0,0,0,0,0,0,0,0,0,0,0,0,0,0,0,0,0,0,0,0,0,0,0,0,0,0,0,0,0,0,0,0,0,0,0,0,0,0,0,0,0,0,0,0,0,0,0,0,0,0,0,0,0,0,0,0,0,0,0,0,0,0,0,0,0,0,0,0,0,0,0,0,0,0,0,0,0,0,0,0,0,0,0,0,0,0,0,0,0,0,0,0,0,0,0,0,0,0,0,0,0,0,0,0,0,0,0,0,0,0,0,0,0,0,0,0,0,0,0,0,0,0,0,0,0,0,0,0,0,0,0,0,0,0,0,0,0,0,0,0,0,0,0,0,0,0,0,0,0,0,0,0,0,0,0,0,0,0,0,0,0,0,0,0,0,0,0,0,0,0,0,0,0,0,0,0,0,0,0,0,0,0,0,0,0,0,0,0,0,0,0,0,0,0,0,0,0,0,0,0,0,0,0,0,0,0,0,0,0,0,0,0,0,0,0,0,0,0,0
"Vaccine Taking Population[Indiana]",0,0,0,0,0,0,0,0,0,0,0,0,0,0,0,0,0,0,0,0,0,0,0,0,0,0,0,0,0,0,0,0,0,0,0,0,0,0,0,0,0,0,0,0,0,0,0,0,0,0,0,0,0,0,0,0,0,0,0,0,0,0,0,0,0,0,0,0,0,0,0,0,0,0,0,0,0,0,0,0,0,0,0,0,0,0,0,0,0,0,0,0,0,0,0,0,0,0,0,0,0,0,0,0,0,0,0,0,0,0,0,0,0,0,0,0,0,0,0,0,0,0,0,0,0,0,0,0,0,0,0,0,0,0,0,0,0,0,0,0,0,0,0,0,0,0,0,0,0,0,0,0,0,0,0,0,0,0,0,0,0,0,0,0,0,0,0,0,0,0,0,0,0,0,0,0,0,0,0,0,0,0,0,0,0,0,0,0,0,0,0,0,0,0,0,0,0,0,0,0,0,0,0,0,0,0,0,0,0,0,0,0,0,0,0,0,0,0,0,0,0,0,0,0,0,0,0,0,0,0,0,0,0,0,0,0,0,0,0,0,0,0,0,0,0,0,0,0,0,0,0,0,0,0,0,0,0,0,0,0,0,0,0,0,0,0,0,0,0,0,0,0,0,0,0,0,0,0,0,0,0,0,0,0,0,0,0,0,0,0,0,0,0,0,0,0,0,0,0,0,0,0,0,0,0,0,0,0,0,0,0,0,0,0,0,0,0,0,0,0,0,0,0,0,0,0,0,0,0,0,0,0,0,0,0,0,0,0,0,0,0,0,0,0,0,0,0,0,0,0,0,0,0,0,0,0,0,0,0,0,0,0,0,0,0,0,0,0,0,0,0,0,0,0,0,0,0,0,0,0,0,0,0,0,0,0,0,0,0,0,0,0,0,0,0,0,0,0,0,0,0,0,0,0,0,0,0,0,0,0,0,0,0,0,0,0,0,0,0,0,0,0,0,0,0,0,0,0,0,0,0,0,0,0,0,0,0,0,0,0,0,0,0,0,0,0,0,0,0,0,0,0,0,0,0,0,0,0,0,0,0,0,0,0,0,0,0,0,0,0,0,0,0,0,0,0,0,0,0,0,0,0,0,0,0,0,0,0,0,0,0,0,0,0,0,0,0,0,0,0,0,0,0,0,0,0,0,0,0,0,0,0,0,0,0,0,0,0,0,0,0,0,0,0,0,0,0,0,0,0,0,0,0,0,0,0,0,0,0,0,0,0,0,0,0,0,0,0,0,0,0,0,0,0,0,0,0,0,0,0,0,0,0,0,0,0,0,0,0,0,0,0,0,0,0,0,0,0,0,0,0,0,0,0,0,0,0,0,0,0,0,0,0,0,0,0,0,0,0,0,0,0,0,0,0,0,0,0,0,0,0,0,0,0,0,0,0,0,0,0,0,0,0,0,0,0,0,0,0,0,0,0,0,0,0,0,0,0,0,0,0,0,0,0,0,0,0,0,0,0,0,0,0,0,0,0,0,0,0,0,0,0,0,0,0,0,0,0,0,0,0,0,0,0,0,0,0,0,0,0,0,0,0,0,0,0,0,0,0,0,0,0,0,0,0,0,0,0,0,0,0,0,0,0,0,0,0,0,0,0,0,0,0,0,0,0,0,0,0,0,0,0,0,0,0,0,0,0,0,0,0,0,0,0,0,0,0,0,0,0,0,0,0,0,0,0,0,0,0,0,0,0,0,0,0,0,0,0,0,0,0,0,0,0,0,0,0,0,0,0,0,0,0,0,0,0,0,0,0,0,0,0,0,0,0,0,0,0,0,0,0,0,0,0,0,0,0,0,0,0,0,0,0,0,0,0,0,0,0,0,0,0,0,0,0,0,0,0,0,0,0,0,0,0,0,0,0,0,0,0,0,0,0,0,0,0,0,0,0,0,0,0,0,0,0,0,0,0,0,0,0,0,0,0,0,0,0,0,0,0,0,0,0,0,0,0,0,0,0,0,0,0,0,0,0,0,0,0,0,0,0,0,0,0,0,0,0,0,0,0,0,0,0,0,0,0,0,0,0,0,0,0,0,0,0,0,0,0,0,0,0,0,0,0,0,0,0,0,0,0,0,0,0,0,0,0,0,0,0,0,0,0,0,0,0,0,0,0,0,0,0,0,0,0,0,0,0,0,0,0,0,0,0,0,0,0,0,0,0,0,0,0,0,0,0,0,0,0,0,0,0,0,0,0,0,0,0,0,0,0,0,0,0,0,0,0,0,0,0,0,0,0,0,0,0,0,0,0,0,0,0,0,0,0,0,0,0,0,0,0,0,0,0,0,0,0,0,0,0,0,0,0,0,0,0,0,0,0,0,0,0,0,0,0,0,0,0,0,0,0,0,0,0,0,0,0,0,0,0,0,0,0,0,0,0,0,0,0,0,0,0,0,0,0,0,0,0,0,0,0,0
"Vaccine Taking Population[Iowa]",0,0,0,0,0,0,0,0,0,0,0,0,0,0,0,0,0,0,0,0,0,0,0,0,0,0,0,0,0,0,0,0,0,0,0,0,0,0,0,0,0,0,0,0,0,0,0,0,0,0,0,0,0,0,0,0,0,0,0,0,0,0,0,0,0,0,0,0,0,0,0,0,0,0,0,0,0,0,0,0,0,0,0,0,0,0,0,0,0,0,0,0,0,0,0,0,0,0,0,0,0,0,0,0,0,0,0,0,0,0,0,0,0,0,0,0,0,0,0,0,0,0,0,0,0,0,0,0,0,0,0,0,0,0,0,0,0,0,0,0,0,0,0,0,0,0,0,0,0,0,0,0,0,0,0,0,0,0,0,0,0,0,0,0,0,0,0,0,0,0,0,0,0,0,0,0,0,0,0,0,0,0,0,0,0,0,0,0,0,0,0,0,0,0,0,0,0,0,0,0,0,0,0,0,0,0,0,0,0,0,0,0,0,0,0,0,0,0,0,0,0,0,0,0,0,0,0,0,0,0,0,0,0,0,0,0,0,0,0,0,0,0,0,0,0,0,0,0,0,0,0,0,0,0,0,0,0,0,0,0,0,0,0,0,0,0,0,0,0,0,0,0,0,0,0,0,0,0,0,0,0,0,0,0,0,0,0,0,0,0,0,0,0,0,0,0,0,0,0,0,0,0,0,0,0,0,0,0,0,0,0,0,0,0,0,0,0,0,0,0,0,0,0,0,0,0,0,0,0,0,0,0,0,0,0,0,0,0,0,0,0,0,0,0,0,0,0,0,0,0,0,0,0,0,0,0,0,0,0,0,0,0,0,0,0,0,0,0,0,0,0,0,0,0,0,0,0,0,0,0,0,0,0,0,0,0,0,0,0,0,0,0,0,0,0,0,0,0,0,0,0,0,0,0,0,0,0,0,0,0,0,0,0,0,0,0,0,0,0,0,0,0,0,0,0,0,0,0,0,0,0,0,0,0,0,0,0,0,0,0,0,0,0,0,0,0,0,0,0,0,0,0,0,0,0,0,0,0,0,0,0,0,0,0,0,0,0,0,0,0,0,0,0,0,0,0,0,0,0,0,0,0,0,0,0,0,0,0,0,0,0,0,0,0,0,0,0,0,0,0,0,0,0,0,0,0,0,0,0,0,0,0,0,0,0,0,0,0,0,0,0,0,0,0,0,0,0,0,0,0,0,0,0,0,0,0,0,0,0,0,0,0,0,0,0,0,0,0,0,0,0,0,0,0,0,0,0,0,0,0,0,0,0,0,0,0,0,0,0,0,0,0,0,0,0,0,0,0,0,0,0,0,0,0,0,0,0,0,0,0,0,0,0,0,0,0,0,0,0,0,0,0,0,0,0,0,0,0,0,0,0,0,0,0,0,0,0,0,0,0,0,0,0,0,0,0,0,0,0,0,0,0,0,0,0,0,0,0,0,0,0,0,0,0,0,0,0,0,0,0,0,0,0,0,0,0,0,0,0,0,0,0,0,0,0,0,0,0,0,0,0,0,0,0,0,0,0,0,0,0,0,0,0,0,0,0,0,0,0,0,0,0,0,0,0,0,0,0,0,0,0,0,0,0,0,0,0,0,0,0,0,0,0,0,0,0,0,0,0,0,0,0,0,0,0,0,0,0,0,0,0,0,0,0,0,0,0,0,0,0,0,0,0,0,0,0,0,0,0,0,0,0,0,0,0,0,0,0,0,0,0,0,0,0,0,0,0,0,0,0,0,0,0,0,0,0,0,0,0,0,0,0,0,0,0,0,0,0,0,0,0,0,0,0,0,0,0,0,0,0,0,0,0,0,0,0,0,0,0,0,0,0,0,0,0,0,0,0,0,0,0,0,0,0,0,0,0,0,0,0,0,0,0,0,0,0,0,0,0,0,0,0,0,0,0,0,0,0,0,0,0,0,0,0,0,0,0,0,0,0,0,0,0,0,0,0,0,0,0,0,0,0,0,0,0,0,0,0,0,0,0,0,0,0,0,0,0,0,0,0,0,0,0,0,0,0,0,0,0,0,0,0,0,0,0,0,0,0,0,0,0,0,0,0,0,0,0,0,0,0,0,0,0,0,0,0,0,0,0,0,0,0,0,0,0,0,0,0,0,0,0,0,0,0,0,0,0,0,0,0,0,0,0,0,0,0,0,0,0,0,0,0,0,0,0,0,0,0,0,0,0,0,0,0,0,0,0,0,0,0,0,0,0,0,0,0,0,0,0,0,0,0,0,0,0,0,0,0,0,0,0,0,0,0,0,0,0,0,0,0,0,0,0,0,0,0,0,0,0,0,0,0,0,0,0,0,0,0,0,0,0,0,0,0,0,0,0,0,0,0,0,0,0,0,0,0,0,0,0,0,0,0,0,0,0,0,0,0,0,0,0,0,0,0,0,0,0,0,0,0,0
"Vaccine Taking Population[Kansas]",0,0,0,0,0,0,0,0,0,0,0,0,0,0,0,0,0,0,0,0,0,0,0,0,0,0,0,0,0,0,0,0,0,0,0,0,0,0,0,0,0,0,0,0,0,0,0,0,0,0,0,0,0,0,0,0,0,0,0,0,0,0,0,0,0,0,0,0,0,0,0,0,0,0,0,0,0,0,0,0,0,0,0,0,0,0,0,0,0,0,0,0,0,0,0,0,0,0,0,0,0,0,0,0,0,0,0,0,0,0,0,0,0,0,0,0,0,0,0,0,0,0,0,0,0,0,0,0,0,0,0,0,0,0,0,0,0,0,0,0,0,0,0,0,0,0,0,0,0,0,0,0,0,0,0,0,0,0,0,0,0,0,0,0,0,0,0,0,0,0,0,0,0,0,0,0,0,0,0,0,0,0,0,0,0,0,0,0,0,0,0,0,0,0,0,0,0,0,0,0,0,0,0,0,0,0,0,0,0,0,0,0,0,0,0,0,0,0,0,0,0,0,0,0,0,0,0,0,0,0,0,0,0,0,0,0,0,0,0,0,0,0,0,0,0,0,0,0,0,0,0,0,0,0,0,0,0,0,0,0,0,0,0,0,0,0,0,0,0,0,0,0,0,0,0,0,0,0,0,0,0,0,0,0,0,0,0,0,0,0,0,0,0,0,0,0,0,0,0,0,0,0,0,0,0,0,0,0,0,0,0,0,0,0,0,0,0,0,0,0,0,0,0,0,0,0,0,0,0,0,0,0,0,0,0,0,0,0,0,0,0,0,0,0,0,0,0,0,0,0,0,0,0,0,0,0,0,0,0,0,0,0,0,0,0,0,0,0,0,0,0,0,0,0,0,0,0,0,0,0,0,0,0,0,0,0,0,0,0,0,0,0,0,0,0,0,0,0,0,0,0,0,0,0,0,0,0,0,0,0,0,0,0,0,0,0,0,0,0,0,0,0,0,0,0,0,0,0,0,0,0,0,0,0,0,0,0,0,0,0,0,0,0,0,0,0,0,0,0,0,0,0,0,0,0,0,0,0,0,0,0,0,0,0,0,0,0,0,0,0,0,0,0,0,0,0,0,0,0,0,0,0,0,0,0,0,0,0,0,0,0,0,0,0,0,0,0,0,0,0,0,0,0,0,0,0,0,0,0,0,0,0,0,0,0,0,0,0,0,0,0,0,0,0,0,0,0,0,0,0,0,0,0,0,0,0,0,0,0,0,0,0,0,0,0,0,0,0,0,0,0,0,0,0,0,0,0,0,0,0,0,0,0,0,0,0,0,0,0,0,0,0,0,0,0,0,0,0,0,0,0,0,0,0,0,0,0,0,0,0,0,0,0,0,0,0,0,0,0,0,0,0,0,0,0,0,0,0,0,0,0,0,0,0,0,0,0,0,0,0,0,0,0,0,0,0,0,0,0,0,0,0,0,0,0,0,0,0,0,0,0,0,0,0,0,0,0,0,0,0,0,0,0,0,0,0,0,0,0,0,0,0,0,0,0,0,0,0,0,0,0,0,0,0,0,0,0,0,0,0,0,0,0,0,0,0,0,0,0,0,0,0,0,0,0,0,0,0,0,0,0,0,0,0,0,0,0,0,0,0,0,0,0,0,0,0,0,0,0,0,0,0,0,0,0,0,0,0,0,0,0,0,0,0,0,0,0,0,0,0,0,0,0,0,0,0,0,0,0,0,0,0,0,0,0,0,0,0,0,0,0,0,0,0,0,0,0,0,0,0,0,0,0,0,0,0,0,0,0,0,0,0,0,0,0,0,0,0,0,0,0,0,0,0,0,0,0,0,0,0,0,0,0,0,0,0,0,0,0,0,0,0,0,0,0,0,0,0,0,0,0,0,0,0,0,0,0,0,0,0,0,0,0,0,0,0,0,0,0,0,0,0,0,0,0,0,0,0,0,0,0,0,0,0,0,0,0,0,0,0,0,0,0,0,0,0,0,0,0,0,0,0,0,0,0,0,0,0,0,0,0,0,0,0,0,0,0,0,0,0,0,0,0,0,0,0,0,0,0,0,0,0,0,0,0,0,0,0,0,0,0,0,0,0,0,0,0,0,0,0,0,0,0,0,0,0,0,0,0,0,0,0,0,0,0,0,0,0,0,0,0,0,0,0,0,0,0,0,0,0,0,0,0,0,0,0,0,0,0,0,0,0,0,0,0,0,0,0,0,0,0,0,0,0,0,0,0,0,0,0,0,0,0,0,0,0,0,0,0,0,0,0,0,0,0,0,0,0,0,0,0,0,0,0,0,0,0,0,0,0,0,0,0,0,0,0,0,0,0,0,0,0,0,0,0,0,0,0,0,0,0,0,0,0,0,0,0,0,0,0,0,0,0,0,0,0,0,0,0,0,0,0,0,0,0,0,0,0,0,0,0,0,0,0,0,0,0,0,0,0,0
"Vaccine Taking Population[Kentucky]",0,0,0,0,0,0,0,0,0,0,0,0,0,0,0,0,0,0,0,0,0,0,0,0,0,0,0,0,0,0,0,0,0,0,0,0,0,0,0,0,0,0,0,0,0,0,0,0,0,0,0,0,0,0,0,0,0,0,0,0,0,0,0,0,0,0,0,0,0,0,0,0,0,0,0,0,0,0,0,0,0,0,0,0,0,0,0,0,0,0,0,0,0,0,0,0,0,0,0,0,0,0,0,0,0,0,0,0,0,0,0,0,0,0,0,0,0,0,0,0,0,0,0,0,0,0,0,0,0,0,0,0,0,0,0,0,0,0,0,0,0,0,0,0,0,0,0,0,0,0,0,0,0,0,0,0,0,0,0,0,0,0,0,0,0,0,0,0,0,0,0,0,0,0,0,0,0,0,0,0,0,0,0,0,0,0,0,0,0,0,0,0,0,0,0,0,0,0,0,0,0,0,0,0,0,0,0,0,0,0,0,0,0,0,0,0,0,0,0,0,0,0,0,0,0,0,0,0,0,0,0,0,0,0,0,0,0,0,0,0,0,0,0,0,0,0,0,0,0,0,0,0,0,0,0,0,0,0,0,0,0,0,0,0,0,0,0,0,0,0,0,0,0,0,0,0,0,0,0,0,0,0,0,0,0,0,0,0,0,0,0,0,0,0,0,0,0,0,0,0,0,0,0,0,0,0,0,0,0,0,0,0,0,0,0,0,0,0,0,0,0,0,0,0,0,0,0,0,0,0,0,0,0,0,0,0,0,0,0,0,0,0,0,0,0,0,0,0,0,0,0,0,0,0,0,0,0,0,0,0,0,0,0,0,0,0,0,0,0,0,0,0,0,0,0,0,0,0,0,0,0,0,0,0,0,0,0,0,0,0,0,0,0,0,0,0,0,0,0,0,0,0,0,0,0,0,0,0,0,0,0,0,0,0,0,0,0,0,0,0,0,0,0,0,0,0,0,0,0,0,0,0,0,0,0,0,0,0,0,0,0,0,0,0,0,0,0,0,0,0,0,0,0,0,0,0,0,0,0,0,0,0,0,0,0,0,0,0,0,0,0,0,0,0,0,0,0,0,0,0,0,0,0,0,0,0,0,0,0,0,0,0,0,0,0,0,0,0,0,0,0,0,0,0,0,0,0,0,0,0,0,0,0,0,0,0,0,0,0,0,0,0,0,0,0,0,0,0,0,0,0,0,0,0,0,0,0,0,0,0,0,0,0,0,0,0,0,0,0,0,0,0,0,0,0,0,0,0,0,0,0,0,0,0,0,0,0,0,0,0,0,0,0,0,0,0,0,0,0,0,0,0,0,0,0,0,0,0,0,0,0,0,0,0,0,0,0,0,0,0,0,0,0,0,0,0,0,0,0,0,0,0,0,0,0,0,0,0,0,0,0,0,0,0,0,0,0,0,0,0,0,0,0,0,0,0,0,0,0,0,0,0,0,0,0,0,0,0,0,0,0,0,0,0,0,0,0,0,0,0,0,0,0,0,0,0,0,0,0,0,0,0,0,0,0,0,0,0,0,0,0,0,0,0,0,0,0,0,0,0,0,0,0,0,0,0,0,0,0,0,0,0,0,0,0,0,0,0,0,0,0,0,0,0,0,0,0,0,0,0,0,0,0,0,0,0,0,0,0,0,0,0,0,0,0,0,0,0,0,0,0,0,0,0,0,0,0,0,0,0,0,0,0,0,0,0,0,0,0,0,0,0,0,0,0,0,0,0,0,0,0,0,0,0,0,0,0,0,0,0,0,0,0,0,0,0,0,0,0,0,0,0,0,0,0,0,0,0,0,0,0,0,0,0,0,0,0,0,0,0,0,0,0,0,0,0,0,0,0,0,0,0,0,0,0,0,0,0,0,0,0,0,0,0,0,0,0,0,0,0,0,0,0,0,0,0,0,0,0,0,0,0,0,0,0,0,0,0,0,0,0,0,0,0,0,0,0,0,0,0,0,0,0,0,0,0,0,0,0,0,0,0,0,0,0,0,0,0,0,0,0,0,0,0,0,0,0,0,0,0,0,0,0,0,0,0,0,0,0,0,0,0,0,0,0,0,0,0,0,0,0,0,0,0,0,0,0,0,0,0,0,0,0,0,0,0,0,0,0,0,0,0,0,0,0,0,0,0,0,0,0,0,0,0,0,0,0,0,0,0,0,0,0,0,0,0,0,0,0,0,0,0,0,0,0,0,0,0,0,0,0,0,0,0,0,0,0,0,0,0,0,0,0,0,0,0,0,0,0,0,0,0,0,0,0,0,0,0,0,0,0,0,0,0,0,0,0,0,0,0,0,0,0,0,0,0,0,0,0,0,0,0,0,0,0,0,0,0,0,0,0,0,0,0,0,0,0,0,0,0,0,0,0,0,0,0,0,0,0,0,0,0,0,0,0,0,0,0,0,0,0
"Vaccine Taking Population[Louisiana]",0,0,0,0,0,0,0,0,0,0,0,0,0,0,0,0,0,0,0,0,0,0,0,0,0,0,0,0,0,0,0,0,0,0,0,0,0,0,0,0,0,0,0,0,0,0,0,0,0,0,0,0,0,0,0,0,0,0,0,0,0,0,0,0,0,0,0,0,0,0,0,0,0,0,0,0,0,0,0,0,0,0,0,0,0,0,0,0,0,0,0,0,0,0,0,0,0,0,0,0,0,0,0,0,0,0,0,0,0,0,0,0,0,0,0,0,0,0,0,0,0,0,0,0,0,0,0,0,0,0,0,0,0,0,0,0,0,0,0,0,0,0,0,0,0,0,0,0,0,0,0,0,0,0,0,0,0,0,0,0,0,0,0,0,0,0,0,0,0,0,0,0,0,0,0,0,0,0,0,0,0,0,0,0,0,0,0,0,0,0,0,0,0,0,0,0,0,0,0,0,0,0,0,0,0,0,0,0,0,0,0,0,0,0,0,0,0,0,0,0,0,0,0,0,0,0,0,0,0,0,0,0,0,0,0,0,0,0,0,0,0,0,0,0,0,0,0,0,0,0,0,0,0,0,0,0,0,0,0,0,0,0,0,0,0,0,0,0,0,0,0,0,0,0,0,0,0,0,0,0,0,0,0,0,0,0,0,0,0,0,0,0,0,0,0,0,0,0,0,0,0,0,0,0,0,0,0,0,0,0,0,0,0,0,0,0,0,0,0,0,0,0,0,0,0,0,0,0,0,0,0,0,0,0,0,0,0,0,0,0,0,0,0,0,0,0,0,0,0,0,0,0,0,0,0,0,0,0,0,0,0,0,0,0,0,0,0,0,0,0,0,0,0,0,0,0,0,0,0,0,0,0,0,0,0,0,0,0,0,0,0,0,0,0,0,0,0,0,0,0,0,0,0,0,0,0,0,0,0,0,0,0,0,0,0,0,0,0,0,0,0,0,0,0,0,0,0,0,0,0,0,0,0,0,0,0,0,0,0,0,0,0,0,0,0,0,0,0,0,0,0,0,0,0,0,0,0,0,0,0,0,0,0,0,0,0,0,0,0,0,0,0,0,0,0,0,0,0,0,0,0,0,0,0,0,0,0,0,0,0,0,0,0,0,0,0,0,0,0,0,0,0,0,0,0,0,0,0,0,0,0,0,0,0,0,0,0,0,0,0,0,0,0,0,0,0,0,0,0,0,0,0,0,0,0,0,0,0,0,0,0,0,0,0,0,0,0,0,0,0,0,0,0,0,0,0,0,0,0,0,0,0,0,0,0,0,0,0,0,0,0,0,0,0,0,0,0,0,0,0,0,0,0,0,0,0,0,0,0,0,0,0,0,0,0,0,0,0,0,0,0,0,0,0,0,0,0,0,0,0,0,0,0,0,0,0,0,0,0,0,0,0,0,0,0,0,0,0,0,0,0,0,0,0,0,0,0,0,0,0,0,0,0,0,0,0,0,0,0,0,0,0,0,0,0,0,0,0,0,0,0,0,0,0,0,0,0,0,0,0,0,0,0,0,0,0,0,0,0,0,0,0,0,0,0,0,0,0,0,0,0,0,0,0,0,0,0,0,0,0,0,0,0,0,0,0,0,0,0,0,0,0,0,0,0,0,0,0,0,0,0,0,0,0,0,0,0,0,0,0,0,0,0,0,0,0,0,0,0,0,0,0,0,0,0,0,0,0,0,0,0,0,0,0,0,0,0,0,0,0,0,0,0,0,0,0,0,0,0,0,0,0,0,0,0,0,0,0,0,0,0,0,0,0,0,0,0,0,0,0,0,0,0,0,0,0,0,0,0,0,0,0,0,0,0,0,0,0,0,0,0,0,0,0,0,0,0,0,0,0,0,0,0,0,0,0,0,0,0,0,0,0,0,0,0,0,0,0,0,0,0,0,0,0,0,0,0,0,0,0,0,0,0,0,0,0,0,0,0,0,0,0,0,0,0,0,0,0,0,0,0,0,0,0,0,0,0,0,0,0,0,0,0,0,0,0,0,0,0,0,0,0,0,0,0,0,0,0,0,0,0,0,0,0,0,0,0,0,0,0,0,0,0,0,0,0,0,0,0,0,0,0,0,0,0,0,0,0,0,0,0,0,0,0,0,0,0,0,0,0,0,0,0,0,0,0,0,0,0,0,0,0,0,0,0,0,0,0,0,0,0,0,0,0,0,0,0,0,0,0,0,0,0,0,0,0,0,0,0,0,0,0,0,0,0,0,0,0,0,0,0,0,0,0,0,0,0,0,0,0,0,0,0,0,0,0,0,0,0,0,0,0,0,0,0,0,0,0,0,0,0,0,0,0,0,0,0,0,0,0,0,0,0,0,0,0,0,0,0,0,0,0,0,0,0,0,0,0,0,0,0,0,0,0,0,0,0,0,0,0,0,0,0,0,0,0,0,0,0,0,0
"Vaccine Taking Population[Maine]",0,0,0,0,0,0,0,0,0,0,0,0,0,0,0,0,0,0,0,0,0,0,0,0,0,0,0,0,0,0,0,0,0,0,0,0,0,0,0,0,0,0,0,0,0,0,0,0,0,0,0,0,0,0,0,0,0,0,0,0,0,0,0,0,0,0,0,0,0,0,0,0,0,0,0,0,0,0,0,0,0,0,0,0,0,0,0,0,0,0,0,0,0,0,0,0,0,0,0,0,0,0,0,0,0,0,0,0,0,0,0,0,0,0,0,0,0,0,0,0,0,0,0,0,0,0,0,0,0,0,0,0,0,0,0,0,0,0,0,0,0,0,0,0,0,0,0,0,0,0,0,0,0,0,0,0,0,0,0,0,0,0,0,0,0,0,0,0,0,0,0,0,0,0,0,0,0,0,0,0,0,0,0,0,0,0,0,0,0,0,0,0,0,0,0,0,0,0,0,0,0,0,0,0,0,0,0,0,0,0,0,0,0,0,0,0,0,0,0,0,0,0,0,0,0,0,0,0,0,0,0,0,0,0,0,0,0,0,0,0,0,0,0,0,0,0,0,0,0,0,0,0,0,0,0,0,0,0,0,0,0,0,0,0,0,0,0,0,0,0,0,0,0,0,0,0,0,0,0,0,0,0,0,0,0,0,0,0,0,0,0,0,0,0,0,0,0,0,0,0,0,0,0,0,0,0,0,0,0,0,0,0,0,0,0,0,0,0,0,0,0,0,0,0,0,0,0,0,0,0,0,0,0,0,0,0,0,0,0,0,0,0,0,0,0,0,0,0,0,0,0,0,0,0,0,0,0,0,0,0,0,0,0,0,0,0,0,0,0,0,0,0,0,0,0,0,0,0,0,0,0,0,0,0,0,0,0,0,0,0,0,0,0,0,0,0,0,0,0,0,0,0,0,0,0,0,0,0,0,0,0,0,0,0,0,0,0,0,0,0,0,0,0,0,0,0,0,0,0,0,0,0,0,0,0,0,0,0,0,0,0,0,0,0,0,0,0,0,0,0,0,0,0,0,0,0,0,0,0,0,0,0,0,0,0,0,0,0,0,0,0,0,0,0,0,0,0,0,0,0,0,0,0,0,0,0,0,0,0,0,0,0,0,0,0,0,0,0,0,0,0,0,0,0,0,0,0,0,0,0,0,0,0,0,0,0,0,0,0,0,0,0,0,0,0,0,0,0,0,0,0,0,0,0,0,0,0,0,0,0,0,0,0,0,0,0,0,0,0,0,0,0,0,0,0,0,0,0,0,0,0,0,0,0,0,0,0,0,0,0,0,0,0,0,0,0,0,0,0,0,0,0,0,0,0,0,0,0,0,0,0,0,0,0,0,0,0,0,0,0,0,0,0,0,0,0,0,0,0,0,0,0,0,0,0,0,0,0,0,0,0,0,0,0,0,0,0,0,0,0,0,0,0,0,0,0,0,0,0,0,0,0,0,0,0,0,0,0,0,0,0,0,0,0,0,0,0,0,0,0,0,0,0,0,0,0,0,0,0,0,0,0,0,0,0,0,0,0,0,0,0,0,0,0,0,0,0,0,0,0,0,0,0,0,0,0,0,0,0,0,0,0,0,0,0,0,0,0,0,0,0,0,0,0,0,0,0,0,0,0,0,0,0,0,0,0,0,0,0,0,0,0,0,0,0,0,0,0,0,0,0,0,0,0,0,0,0,0,0,0,0,0,0,0,0,0,0,0,0,0,0,0,0,0,0,0,0,0,0,0,0,0,0,0,0,0,0,0,0,0,0,0,0,0,0,0,0,0,0,0,0,0,0,0,0,0,0,0,0,0,0,0,0,0,0,0,0,0,0,0,0,0,0,0,0,0,0,0,0,0,0,0,0,0,0,0,0,0,0,0,0,0,0,0,0,0,0,0,0,0,0,0,0,0,0,0,0,0,0,0,0,0,0,0,0,0,0,0,0,0,0,0,0,0,0,0,0,0,0,0,0,0,0,0,0,0,0,0,0,0,0,0,0,0,0,0,0,0,0,0,0,0,0,0,0,0,0,0,0,0,0,0,0,0,0,0,0,0,0,0,0,0,0,0,0,0,0,0,0,0,0,0,0,0,0,0,0,0,0,0,0,0,0,0,0,0,0,0,0,0,0,0,0,0,0,0,0,0,0,0,0,0,0,0,0,0,0,0,0,0,0,0,0,0,0,0,0,0,0,0,0,0,0,0,0,0,0,0,0,0,0,0,0,0,0,0,0,0,0,0,0,0,0,0,0,0,0,0,0,0,0,0,0,0,0,0,0,0,0,0,0,0,0,0,0,0,0,0,0,0,0,0,0,0,0,0,0,0,0,0,0,0,0,0,0,0,0,0,0,0,0,0,0,0,0,0,0,0,0,0,0,0,0,0,0,0,0,0,0,0,0,0,0,0,0,0,0,0,0,0,0
"Vaccine Taking Population[Maryland]",0,0,0,0,0,0,0,0,0,0,0,0,0,0,0,0,0,0,0,0,0,0,0,0,0,0,0,0,0,0,0,0,0,0,0,0,0,0,0,0,0,0,0,0,0,0,0,0,0,0,0,0,0,0,0,0,0,0,0,0,0,0,0,0,0,0,0,0,0,0,0,0,0,0,0,0,0,0,0,0,0,0,0,0,0,0,0,0,0,0,0,0,0,0,0,0,0,0,0,0,0,0,0,0,0,0,0,0,0,0,0,0,0,0,0,0,0,0,0,0,0,0,0,0,0,0,0,0,0,0,0,0,0,0,0,0,0,0,0,0,0,0,0,0,0,0,0,0,0,0,0,0,0,0,0,0,0,0,0,0,0,0,0,0,0,0,0,0,0,0,0,0,0,0,0,0,0,0,0,0,0,0,0,0,0,0,0,0,0,0,0,0,0,0,0,0,0,0,0,0,0,0,0,0,0,0,0,0,0,0,0,0,0,0,0,0,0,0,0,0,0,0,0,0,0,0,0,0,0,0,0,0,0,0,0,0,0,0,0,0,0,0,0,0,0,0,0,0,0,0,0,0,0,0,0,0,0,0,0,0,0,0,0,0,0,0,0,0,0,0,0,0,0,0,0,0,0,0,0,0,0,0,0,0,0,0,0,0,0,0,0,0,0,0,0,0,0,0,0,0,0,0,0,0,0,0,0,0,0,0,0,0,0,0,0,0,0,0,0,0,0,0,0,0,0,0,0,0,0,0,0,0,0,0,0,0,0,0,0,0,0,0,0,0,0,0,0,0,0,0,0,0,0,0,0,0,0,0,0,0,0,0,0,0,0,0,0,0,0,0,0,0,0,0,0,0,0,0,0,0,0,0,0,0,0,0,0,0,0,0,0,0,0,0,0,0,0,0,0,0,0,0,0,0,0,0,0,0,0,0,0,0,0,0,0,0,0,0,0,0,0,0,0,0,0,0,0,0,0,0,0,0,0,0,0,0,0,0,0,0,0,0,0,0,0,0,0,0,0,0,0,0,0,0,0,0,0,0,0,0,0,0,0,0,0,0,0,0,0,0,0,0,0,0,0,0,0,0,0,0,0,0,0,0,0,0,0,0,0,0,0,0,0,0,0,0,0,0,0,0,0,0,0,0,0,0,0,0,0,0,0,0,0,0,0,0,0,0,0,0,0,0,0,0,0,0,0,0,0,0,0,0,0,0,0,0,0,0,0,0,0,0,0,0,0,0,0,0,0,0,0,0,0,0,0,0,0,0,0,0,0,0,0,0,0,0,0,0,0,0,0,0,0,0,0,0,0,0,0,0,0,0,0,0,0,0,0,0,0,0,0,0,0,0,0,0,0,0,0,0,0,0,0,0,0,0,0,0,0,0,0,0,0,0,0,0,0,0,0,0,0,0,0,0,0,0,0,0,0,0,0,0,0,0,0,0,0,0,0,0,0,0,0,0,0,0,0,0,0,0,0,0,0,0,0,0,0,0,0,0,0,0,0,0,0,0,0,0,0,0,0,0,0,0,0,0,0,0,0,0,0,0,0,0,0,0,0,0,0,0,0,0,0,0,0,0,0,0,0,0,0,0,0,0,0,0,0,0,0,0,0,0,0,0,0,0,0,0,0,0,0,0,0,0,0,0,0,0,0,0,0,0,0,0,0,0,0,0,0,0,0,0,0,0,0,0,0,0,0,0,0,0,0,0,0,0,0,0,0,0,0,0,0,0,0,0,0,0,0,0,0,0,0,0,0,0,0,0,0,0,0,0,0,0,0,0,0,0,0,0,0,0,0,0,0,0,0,0,0,0,0,0,0,0,0,0,0,0,0,0,0,0,0,0,0,0,0,0,0,0,0,0,0,0,0,0,0,0,0,0,0,0,0,0,0,0,0,0,0,0,0,0,0,0,0,0,0,0,0,0,0,0,0,0,0,0,0,0,0,0,0,0,0,0,0,0,0,0,0,0,0,0,0,0,0,0,0,0,0,0,0,0,0,0,0,0,0,0,0,0,0,0,0,0,0,0,0,0,0,0,0,0,0,0,0,0,0,0,0,0,0,0,0,0,0,0,0,0,0,0,0,0,0,0,0,0,0,0,0,0,0,0,0,0,0,0,0,0,0,0,0,0,0,0,0,0,0,0,0,0,0,0,0,0,0,0,0,0,0,0,0,0,0,0,0,0,0,0,0,0,0,0,0,0,0,0,0,0,0,0,0,0,0,0,0,0,0,0,0,0,0,0,0,0,0,0,0,0,0,0,0,0,0,0,0,0,0,0,0,0,0,0,0,0,0,0,0,0,0,0,0,0,0,0,0,0,0,0,0,0,0,0,0,0,0,0,0,0,0,0,0,0,0,0,0,0,0,0,0,0,0,0,0,0,0,0,0,0,0,0,0,0,0,0,0,0,0,0,0,0,0
"Vaccine Taking Population[Massachusetts]",0,0,0,0,0,0,0,0,0,0,0,0,0,0,0,0,0,0,0,0,0,0,0,0,0,0,0,0,0,0,0,0,0,0,0,0,0,0,0,0,0,0,0,0,0,0,0,0,0,0,0,0,0,0,0,0,0,0,0,0,0,0,0,0,0,0,0,0,0,0,0,0,0,0,0,0,0,0,0,0,0,0,0,0,0,0,0,0,0,0,0,0,0,0,0,0,0,0,0,0,0,0,0,0,0,0,0,0,0,0,0,0,0,0,0,0,0,0,0,0,0,0,0,0,0,0,0,0,0,0,0,0,0,0,0,0,0,0,0,0,0,0,0,0,0,0,0,0,0,0,0,0,0,0,0,0,0,0,0,0,0,0,0,0,0,0,0,0,0,0,0,0,0,0,0,0,0,0,0,0,0,0,0,0,0,0,0,0,0,0,0,0,0,0,0,0,0,0,0,0,0,0,0,0,0,0,0,0,0,0,0,0,0,0,0,0,0,0,0,0,0,0,0,0,0,0,0,0,0,0,0,0,0,0,0,0,0,0,0,0,0,0,0,0,0,0,0,0,0,0,0,0,0,0,0,0,0,0,0,0,0,0,0,0,0,0,0,0,0,0,0,0,0,0,0,0,0,0,0,0,0,0,0,0,0,0,0,0,0,0,0,0,0,0,0,0,0,0,0,0,0,0,0,0,0,0,0,0,0,0,0,0,0,0,0,0,0,0,0,0,0,0,0,0,0,0,0,0,0,0,0,0,0,0,0,0,0,0,0,0,0,0,0,0,0,0,0,0,0,0,0,0,0,0,0,0,0,0,0,0,0,0,0,0,0,0,0,0,0,0,0,0,0,0,0,0,0,0,0,0,0,0,0,0,0,0,0,0,0,0,0,0,0,0,0,0,0,0,0,0,0,0,0,0,0,0,0,0,0,0,0,0,0,0,0,0,0,0,0,0,0,0,0,0,0,0,0,0,0,0,0,0,0,0,0,0,0,0,0,0,0,0,0,0,0,0,0,0,0,0,0,0,0,0,0,0,0,0,0,0,0,0,0,0,0,0,0,0,0,0,0,0,0,0,0,0,0,0,0,0,0,0,0,0,0,0,0,0,0,0,0,0,0,0,0,0,0,0,0,0,0,0,0,0,0,0,0,0,0,0,0,0,0,0,0,0,0,0,0,0,0,0,0,0,0,0,0,0,0,0,0,0,0,0,0,0,0,0,0,0,0,0,0,0,0,0,0,0,0,0,0,0,0,0,0,0,0,0,0,0,0,0,0,0,0,0,0,0,0,0,0,0,0,0,0,0,0,0,0,0,0,0,0,0,0,0,0,0,0,0,0,0,0,0,0,0,0,0,0,0,0,0,0,0,0,0,0,0,0,0,0,0,0,0,0,0,0,0,0,0,0,0,0,0,0,0,0,0,0,0,0,0,0,0,0,0,0,0,0,0,0,0,0,0,0,0,0,0,0,0,0,0,0,0,0,0,0,0,0,0,0,0,0,0,0,0,0,0,0,0,0,0,0,0,0,0,0,0,0,0,0,0,0,0,0,0,0,0,0,0,0,0,0,0,0,0,0,0,0,0,0,0,0,0,0,0,0,0,0,0,0,0,0,0,0,0,0,0,0,0,0,0,0,0,0,0,0,0,0,0,0,0,0,0,0,0,0,0,0,0,0,0,0,0,0,0,0,0,0,0,0,0,0,0,0,0,0,0,0,0,0,0,0,0,0,0,0,0,0,0,0,0,0,0,0,0,0,0,0,0,0,0,0,0,0,0,0,0,0,0,0,0,0,0,0,0,0,0,0,0,0,0,0,0,0,0,0,0,0,0,0,0,0,0,0,0,0,0,0,0,0,0,0,0,0,0,0,0,0,0,0,0,0,0,0,0,0,0,0,0,0,0,0,0,0,0,0,0,0,0,0,0,0,0,0,0,0,0,0,0,0,0,0,0,0,0,0,0,0,0,0,0,0,0,0,0,0,0,0,0,0,0,0,0,0,0,0,0,0,0,0,0,0,0,0,0,0,0,0,0,0,0,0,0,0,0,0,0,0,0,0,0,0,0,0,0,0,0,0,0,0,0,0,0,0,0,0,0,0,0,0,0,0,0,0,0,0,0,0,0,0,0,0,0,0,0,0,0,0,0,0,0,0,0,0,0,0,0,0,0,0,0,0,0,0,0,0,0,0,0,0,0,0,0,0,0,0,0,0,0,0,0,0,0,0,0,0,0,0,0,0,0,0,0,0,0,0,0,0,0,0,0,0,0,0,0,0,0,0,0,0,0,0,0,0,0,0,0,0,0,0,0,0,0,0,0,0,0,0,0,0,0,0,0,0,0,0,0,0,0,0,0,0,0,0,0,0,0,0,0,0,0,0,0,0,0,0,0,0,0,0,0,0,0,0,0,0,0,0,0,0
"Vaccine Taking Population[Michigan]",0,0,0,0,0,0,0,0,0,0,0,0,0,0,0,0,0,0,0,0,0,0,0,0,0,0,0,0,0,0,0,0,0,0,0,0,0,0,0,0,0,0,0,0,0,0,0,0,0,0,0,0,0,0,0,0,0,0,0,0,0,0,0,0,0,0,0,0,0,0,0,0,0,0,0,0,0,0,0,0,0,0,0,0,0,0,0,0,0,0,0,0,0,0,0,0,0,0,0,0,0,0,0,0,0,0,0,0,0,0,0,0,0,0,0,0,0,0,0,0,0,0,0,0,0,0,0,0,0,0,0,0,0,0,0,0,0,0,0,0,0,0,0,0,0,0,0,0,0,0,0,0,0,0,0,0,0,0,0,0,0,0,0,0,0,0,0,0,0,0,0,0,0,0,0,0,0,0,0,0,0,0,0,0,0,0,0,0,0,0,0,0,0,0,0,0,0,0,0,0,0,0,0,0,0,0,0,0,0,0,0,0,0,0,0,0,0,0,0,0,0,0,0,0,0,0,0,0,0,0,0,0,0,0,0,0,0,0,0,0,0,0,0,0,0,0,0,0,0,0,0,0,0,0,0,0,0,0,0,0,0,0,0,0,0,0,0,0,0,0,0,0,0,0,0,0,0,0,0,0,0,0,0,0,0,0,0,0,0,0,0,0,0,0,0,0,0,0,0,0,0,0,0,0,0,0,0,0,0,0,0,0,0,0,0,0,0,0,0,0,0,0,0,0,0,0,0,0,0,0,0,0,0,0,0,0,0,0,0,0,0,0,0,0,0,0,0,0,0,0,0,0,0,0,0,0,0,0,0,0,0,0,0,0,0,0,0,0,0,0,0,0,0,0,0,0,0,0,0,0,0,0,0,0,0,0,0,0,0,0,0,0,0,0,0,0,0,0,0,0,0,0,0,0,0,0,0,0,0,0,0,0,0,0,0,0,0,0,0,0,0,0,0,0,0,0,0,0,0,0,0,0,0,0,0,0,0,0,0,0,0,0,0,0,0,0,0,0,0,0,0,0,0,0,0,0,0,0,0,0,0,0,0,0,0,0,0,0,0,0,0,0,0,0,0,0,0,0,0,0,0,0,0,0,0,0,0,0,0,0,0,0,0,0,0,0,0,0,0,0,0,0,0,0,0,0,0,0,0,0,0,0,0,0,0,0,0,0,0,0,0,0,0,0,0,0,0,0,0,0,0,0,0,0,0,0,0,0,0,0,0,0,0,0,0,0,0,0,0,0,0,0,0,0,0,0,0,0,0,0,0,0,0,0,0,0,0,0,0,0,0,0,0,0,0,0,0,0,0,0,0,0,0,0,0,0,0,0,0,0,0,0,0,0,0,0,0,0,0,0,0,0,0,0,0,0,0,0,0,0,0,0,0,0,0,0,0,0,0,0,0,0,0,0,0,0,0,0,0,0,0,0,0,0,0,0,0,0,0,0,0,0,0,0,0,0,0,0,0,0,0,0,0,0,0,0,0,0,0,0,0,0,0,0,0,0,0,0,0,0,0,0,0,0,0,0,0,0,0,0,0,0,0,0,0,0,0,0,0,0,0,0,0,0,0,0,0,0,0,0,0,0,0,0,0,0,0,0,0,0,0,0,0,0,0,0,0,0,0,0,0,0,0,0,0,0,0,0,0,0,0,0,0,0,0,0,0,0,0,0,0,0,0,0,0,0,0,0,0,0,0,0,0,0,0,0,0,0,0,0,0,0,0,0,0,0,0,0,0,0,0,0,0,0,0,0,0,0,0,0,0,0,0,0,0,0,0,0,0,0,0,0,0,0,0,0,0,0,0,0,0,0,0,0,0,0,0,0,0,0,0,0,0,0,0,0,0,0,0,0,0,0,0,0,0,0,0,0,0,0,0,0,0,0,0,0,0,0,0,0,0,0,0,0,0,0,0,0,0,0,0,0,0,0,0,0,0,0,0,0,0,0,0,0,0,0,0,0,0,0,0,0,0,0,0,0,0,0,0,0,0,0,0,0,0,0,0,0,0,0,0,0,0,0,0,0,0,0,0,0,0,0,0,0,0,0,0,0,0,0,0,0,0,0,0,0,0,0,0,0,0,0,0,0,0,0,0,0,0,0,0,0,0,0,0,0,0,0,0,0,0,0,0,0,0,0,0,0,0,0,0,0,0,0,0,0,0,0,0,0,0,0,0,0,0,0,0,0,0,0,0,0,0,0,0,0,0,0,0,0,0,0,0,0,0,0,0,0,0,0,0,0,0,0,0,0,0,0,0,0,0,0,0,0,0,0,0,0,0,0,0,0,0,0,0,0,0,0,0,0,0,0,0,0,0,0,0,0,0,0,0,0,0,0,0,0,0,0,0,0,0,0,0,0,0,0,0,0,0,0,0,0,0,0,0,0,0,0,0,0,0,0,0,0,0,0,0,0,0,0,0
"Vaccine Taking Population[Minnesota]",0,0,0,0,0,0,0,0,0,0,0,0,0,0,0,0,0,0,0,0,0,0,0,0,0,0,0,0,0,0,0,0,0,0,0,0,0,0,0,0,0,0,0,0,0,0,0,0,0,0,0,0,0,0,0,0,0,0,0,0,0,0,0,0,0,0,0,0,0,0,0,0,0,0,0,0,0,0,0,0,0,0,0,0,0,0,0,0,0,0,0,0,0,0,0,0,0,0,0,0,0,0,0,0,0,0,0,0,0,0,0,0,0,0,0,0,0,0,0,0,0,0,0,0,0,0,0,0,0,0,0,0,0,0,0,0,0,0,0,0,0,0,0,0,0,0,0,0,0,0,0,0,0,0,0,0,0,0,0,0,0,0,0,0,0,0,0,0,0,0,0,0,0,0,0,0,0,0,0,0,0,0,0,0,0,0,0,0,0,0,0,0,0,0,0,0,0,0,0,0,0,0,0,0,0,0,0,0,0,0,0,0,0,0,0,0,0,0,0,0,0,0,0,0,0,0,0,0,0,0,0,0,0,0,0,0,0,0,0,0,0,0,0,0,0,0,0,0,0,0,0,0,0,0,0,0,0,0,0,0,0,0,0,0,0,0,0,0,0,0,0,0,0,0,0,0,0,0,0,0,0,0,0,0,0,0,0,0,0,0,0,0,0,0,0,0,0,0,0,0,0,0,0,0,0,0,0,0,0,0,0,0,0,0,0,0,0,0,0,0,0,0,0,0,0,0,0,0,0,0,0,0,0,0,0,0,0,0,0,0,0,0,0,0,0,0,0,0,0,0,0,0,0,0,0,0,0,0,0,0,0,0,0,0,0,0,0,0,0,0,0,0,0,0,0,0,0,0,0,0,0,0,0,0,0,0,0,0,0,0,0,0,0,0,0,0,0,0,0,0,0,0,0,0,0,0,0,0,0,0,0,0,0,0,0,0,0,0,0,0,0,0,0,0,0,0,0,0,0,0,0,0,0,0,0,0,0,0,0,0,0,0,0,0,0,0,0,0,0,0,0,0,0,0,0,0,0,0,0,0,0,0,0,0,0,0,0,0,0,0,0,0,0,0,0,0,0,0,0,0,0,0,0,0,0,0,0,0,0,0,0,0,0,0,0,0,0,0,0,0,0,0,0,0,0,0,0,0,0,0,0,0,0,0,0,0,0,0,0,0,0,0,0,0,0,0,0,0,0,0,0,0,0,0,0,0,0,0,0,0,0,0,0,0,0,0,0,0,0,0,0,0,0,0,0,0,0,0,0,0,0,0,0,0,0,0,0,0,0,0,0,0,0,0,0,0,0,0,0,0,0,0,0,0,0,0,0,0,0,0,0,0,0,0,0,0,0,0,0,0,0,0,0,0,0,0,0,0,0,0,0,0,0,0,0,0,0,0,0,0,0,0,0,0,0,0,0,0,0,0,0,0,0,0,0,0,0,0,0,0,0,0,0,0,0,0,0,0,0,0,0,0,0,0,0,0,0,0,0,0,0,0,0,0,0,0,0,0,0,0,0,0,0,0,0,0,0,0,0,0,0,0,0,0,0,0,0,0,0,0,0,0,0,0,0,0,0,0,0,0,0,0,0,0,0,0,0,0,0,0,0,0,0,0,0,0,0,0,0,0,0,0,0,0,0,0,0,0,0,0,0,0,0,0,0,0,0,0,0,0,0,0,0,0,0,0,0,0,0,0,0,0,0,0,0,0,0,0,0,0,0,0,0,0,0,0,0,0,0,0,0,0,0,0,0,0,0,0,0,0,0,0,0,0,0,0,0,0,0,0,0,0,0,0,0,0,0,0,0,0,0,0,0,0,0,0,0,0,0,0,0,0,0,0,0,0,0,0,0,0,0,0,0,0,0,0,0,0,0,0,0,0,0,0,0,0,0,0,0,0,0,0,0,0,0,0,0,0,0,0,0,0,0,0,0,0,0,0,0,0,0,0,0,0,0,0,0,0,0,0,0,0,0,0,0,0,0,0,0,0,0,0,0,0,0,0,0,0,0,0,0,0,0,0,0,0,0,0,0,0,0,0,0,0,0,0,0,0,0,0,0,0,0,0,0,0,0,0,0,0,0,0,0,0,0,0,0,0,0,0,0,0,0,0,0,0,0,0,0,0,0,0,0,0,0,0,0,0,0,0,0,0,0,0,0,0,0,0,0,0,0,0,0,0,0,0,0,0,0,0,0,0,0,0,0,0,0,0,0,0,0,0,0,0,0,0,0,0,0,0,0,0,0,0,0,0,0,0,0,0,0,0,0,0,0,0,0,0,0,0,0,0,0,0,0,0,0,0,0,0,0,0,0,0,0,0,0,0,0,0,0,0,0,0,0,0,0,0,0,0,0,0,0,0,0,0,0,0,0,0,0,0,0,0,0,0,0,0,0,0,0,0,0,0,0,0,0,0,0,0,0
"Vaccine Taking Population[Mississippi]",0,0,0,0,0,0,0,0,0,0,0,0,0,0,0,0,0,0,0,0,0,0,0,0,0,0,0,0,0,0,0,0,0,0,0,0,0,0,0,0,0,0,0,0,0,0,0,0,0,0,0,0,0,0,0,0,0,0,0,0,0,0,0,0,0,0,0,0,0,0,0,0,0,0,0,0,0,0,0,0,0,0,0,0,0,0,0,0,0,0,0,0,0,0,0,0,0,0,0,0,0,0,0,0,0,0,0,0,0,0,0,0,0,0,0,0,0,0,0,0,0,0,0,0,0,0,0,0,0,0,0,0,0,0,0,0,0,0,0,0,0,0,0,0,0,0,0,0,0,0,0,0,0,0,0,0,0,0,0,0,0,0,0,0,0,0,0,0,0,0,0,0,0,0,0,0,0,0,0,0,0,0,0,0,0,0,0,0,0,0,0,0,0,0,0,0,0,0,0,0,0,0,0,0,0,0,0,0,0,0,0,0,0,0,0,0,0,0,0,0,0,0,0,0,0,0,0,0,0,0,0,0,0,0,0,0,0,0,0,0,0,0,0,0,0,0,0,0,0,0,0,0,0,0,0,0,0,0,0,0,0,0,0,0,0,0,0,0,0,0,0,0,0,0,0,0,0,0,0,0,0,0,0,0,0,0,0,0,0,0,0,0,0,0,0,0,0,0,0,0,0,0,0,0,0,0,0,0,0,0,0,0,0,0,0,0,0,0,0,0,0,0,0,0,0,0,0,0,0,0,0,0,0,0,0,0,0,0,0,0,0,0,0,0,0,0,0,0,0,0,0,0,0,0,0,0,0,0,0,0,0,0,0,0,0,0,0,0,0,0,0,0,0,0,0,0,0,0,0,0,0,0,0,0,0,0,0,0,0,0,0,0,0,0,0,0,0,0,0,0,0,0,0,0,0,0,0,0,0,0,0,0,0,0,0,0,0,0,0,0,0,0,0,0,0,0,0,0,0,0,0,0,0,0,0,0,0,0,0,0,0,0,0,0,0,0,0,0,0,0,0,0,0,0,0,0,0,0,0,0,0,0,0,0,0,0,0,0,0,0,0,0,0,0,0,0,0,0,0,0,0,0,0,0,0,0,0,0,0,0,0,0,0,0,0,0,0,0,0,0,0,0,0,0,0,0,0,0,0,0,0,0,0,0,0,0,0,0,0,0,0,0,0,0,0,0,0,0,0,0,0,0,0,0,0,0,0,0,0,0,0,0,0,0,0,0,0,0,0,0,0,0,0,0,0,0,0,0,0,0,0,0,0,0,0,0,0,0,0,0,0,0,0,0,0,0,0,0,0,0,0,0,0,0,0,0,0,0,0,0,0,0,0,0,0,0,0,0,0,0,0,0,0,0,0,0,0,0,0,0,0,0,0,0,0,0,0,0,0,0,0,0,0,0,0,0,0,0,0,0,0,0,0,0,0,0,0,0,0,0,0,0,0,0,0,0,0,0,0,0,0,0,0,0,0,0,0,0,0,0,0,0,0,0,0,0,0,0,0,0,0,0,0,0,0,0,0,0,0,0,0,0,0,0,0,0,0,0,0,0,0,0,0,0,0,0,0,0,0,0,0,0,0,0,0,0,0,0,0,0,0,0,0,0,0,0,0,0,0,0,0,0,0,0,0,0,0,0,0,0,0,0,0,0,0,0,0,0,0,0,0,0,0,0,0,0,0,0,0,0,0,0,0,0,0,0,0,0,0,0,0,0,0,0,0,0,0,0,0,0,0,0,0,0,0,0,0,0,0,0,0,0,0,0,0,0,0,0,0,0,0,0,0,0,0,0,0,0,0,0,0,0,0,0,0,0,0,0,0,0,0,0,0,0,0,0,0,0,0,0,0,0,0,0,0,0,0,0,0,0,0,0,0,0,0,0,0,0,0,0,0,0,0,0,0,0,0,0,0,0,0,0,0,0,0,0,0,0,0,0,0,0,0,0,0,0,0,0,0,0,0,0,0,0,0,0,0,0,0,0,0,0,0,0,0,0,0,0,0,0,0,0,0,0,0,0,0,0,0,0,0,0,0,0,0,0,0,0,0,0,0,0,0,0,0,0,0,0,0,0,0,0,0,0,0,0,0,0,0,0,0,0,0,0,0,0,0,0,0,0,0,0,0,0,0,0,0,0,0,0,0,0,0,0,0,0,0,0,0,0,0,0,0,0,0,0,0,0,0,0,0,0,0,0,0,0,0,0,0,0,0,0,0,0,0,0,0,0,0,0,0,0,0,0,0,0,0,0,0,0,0,0,0,0,0,0,0,0,0,0,0,0,0,0,0,0,0,0,0,0,0,0,0,0,0,0,0,0,0,0,0,0,0,0,0,0,0,0,0,0,0,0,0,0,0,0,0,0,0,0,0,0,0,0,0,0,0,0,0,0,0,0,0,0,0,0,0,0,0,0,0
"Vaccine Taking Population[Missouri]",0,0,0,0,0,0,0,0,0,0,0,0,0,0,0,0,0,0,0,0,0,0,0,0,0,0,0,0,0,0,0,0,0,0,0,0,0,0,0,0,0,0,0,0,0,0,0,0,0,0,0,0,0,0,0,0,0,0,0,0,0,0,0,0,0,0,0,0,0,0,0,0,0,0,0,0,0,0,0,0,0,0,0,0,0,0,0,0,0,0,0,0,0,0,0,0,0,0,0,0,0,0,0,0,0,0,0,0,0,0,0,0,0,0,0,0,0,0,0,0,0,0,0,0,0,0,0,0,0,0,0,0,0,0,0,0,0,0,0,0,0,0,0,0,0,0,0,0,0,0,0,0,0,0,0,0,0,0,0,0,0,0,0,0,0,0,0,0,0,0,0,0,0,0,0,0,0,0,0,0,0,0,0,0,0,0,0,0,0,0,0,0,0,0,0,0,0,0,0,0,0,0,0,0,0,0,0,0,0,0,0,0,0,0,0,0,0,0,0,0,0,0,0,0,0,0,0,0,0,0,0,0,0,0,0,0,0,0,0,0,0,0,0,0,0,0,0,0,0,0,0,0,0,0,0,0,0,0,0,0,0,0,0,0,0,0,0,0,0,0,0,0,0,0,0,0,0,0,0,0,0,0,0,0,0,0,0,0,0,0,0,0,0,0,0,0,0,0,0,0,0,0,0,0,0,0,0,0,0,0,0,0,0,0,0,0,0,0,0,0,0,0,0,0,0,0,0,0,0,0,0,0,0,0,0,0,0,0,0,0,0,0,0,0,0,0,0,0,0,0,0,0,0,0,0,0,0,0,0,0,0,0,0,0,0,0,0,0,0,0,0,0,0,0,0,0,0,0,0,0,0,0,0,0,0,0,0,0,0,0,0,0,0,0,0,0,0,0,0,0,0,0,0,0,0,0,0,0,0,0,0,0,0,0,0,0,0,0,0,0,0,0,0,0,0,0,0,0,0,0,0,0,0,0,0,0,0,0,0,0,0,0,0,0,0,0,0,0,0,0,0,0,0,0,0,0,0,0,0,0,0,0,0,0,0,0,0,0,0,0,0,0,0,0,0,0,0,0,0,0,0,0,0,0,0,0,0,0,0,0,0,0,0,0,0,0,0,0,0,0,0,0,0,0,0,0,0,0,0,0,0,0,0,0,0,0,0,0,0,0,0,0,0,0,0,0,0,0,0,0,0,0,0,0,0,0,0,0,0,0,0,0,0,0,0,0,0,0,0,0,0,0,0,0,0,0,0,0,0,0,0,0,0,0,0,0,0,0,0,0,0,0,0,0,0,0,0,0,0,0,0,0,0,0,0,0,0,0,0,0,0,0,0,0,0,0,0,0,0,0,0,0,0,0,0,0,0,0,0,0,0,0,0,0,0,0,0,0,0,0,0,0,0,0,0,0,0,0,0,0,0,0,0,0,0,0,0,0,0,0,0,0,0,0,0,0,0,0,0,0,0,0,0,0,0,0,0,0,0,0,0,0,0,0,0,0,0,0,0,0,0,0,0,0,0,0,0,0,0,0,0,0,0,0,0,0,0,0,0,0,0,0,0,0,0,0,0,0,0,0,0,0,0,0,0,0,0,0,0,0,0,0,0,0,0,0,0,0,0,0,0,0,0,0,0,0,0,0,0,0,0,0,0,0,0,0,0,0,0,0,0,0,0,0,0,0,0,0,0,0,0,0,0,0,0,0,0,0,0,0,0,0,0,0,0,0,0,0,0,0,0,0,0,0,0,0,0,0,0,0,0,0,0,0,0,0,0,0,0,0,0,0,0,0,0,0,0,0,0,0,0,0,0,0,0,0,0,0,0,0,0,0,0,0,0,0,0,0,0,0,0,0,0,0,0,0,0,0,0,0,0,0,0,0,0,0,0,0,0,0,0,0,0,0,0,0,0,0,0,0,0,0,0,0,0,0,0,0,0,0,0,0,0,0,0,0,0,0,0,0,0,0,0,0,0,0,0,0,0,0,0,0,0,0,0,0,0,0,0,0,0,0,0,0,0,0,0,0,0,0,0,0,0,0,0,0,0,0,0,0,0,0,0,0,0,0,0,0,0,0,0,0,0,0,0,0,0,0,0,0,0,0,0,0,0,0,0,0,0,0,0,0,0,0,0,0,0,0,0,0,0,0,0,0,0,0,0,0,0,0,0,0,0,0,0,0,0,0,0,0,0,0,0,0,0,0,0,0,0,0,0,0,0,0,0,0,0,0,0,0,0,0,0,0,0,0,0,0,0,0,0,0,0,0,0,0,0,0,0,0,0,0,0,0,0,0,0,0,0,0,0,0,0,0,0,0,0,0,0,0,0,0,0,0,0,0,0,0,0,0,0,0,0,0,0,0,0,0,0,0,0,0,0,0,0,0,0,0,0,0,0,0,0,0,0,0,0,0,0,0,0
"Vaccine Taking Population[Montana]",0,0,0,0,0,0,0,0,0,0,0,0,0,0,0,0,0,0,0,0,0,0,0,0,0,0,0,0,0,0,0,0,0,0,0,0,0,0,0,0,0,0,0,0,0,0,0,0,0,0,0,0,0,0,0,0,0,0,0,0,0,0,0,0,0,0,0,0,0,0,0,0,0,0,0,0,0,0,0,0,0,0,0,0,0,0,0,0,0,0,0,0,0,0,0,0,0,0,0,0,0,0,0,0,0,0,0,0,0,0,0,0,0,0,0,0,0,0,0,0,0,0,0,0,0,0,0,0,0,0,0,0,0,0,0,0,0,0,0,0,0,0,0,0,0,0,0,0,0,0,0,0,0,0,0,0,0,0,0,0,0,0,0,0,0,0,0,0,0,0,0,0,0,0,0,0,0,0,0,0,0,0,0,0,0,0,0,0,0,0,0,0,0,0,0,0,0,0,0,0,0,0,0,0,0,0,0,0,0,0,0,0,0,0,0,0,0,0,0,0,0,0,0,0,0,0,0,0,0,0,0,0,0,0,0,0,0,0,0,0,0,0,0,0,0,0,0,0,0,0,0,0,0,0,0,0,0,0,0,0,0,0,0,0,0,0,0,0,0,0,0,0,0,0,0,0,0,0,0,0,0,0,0,0,0,0,0,0,0,0,0,0,0,0,0,0,0,0,0,0,0,0,0,0,0,0,0,0,0,0,0,0,0,0,0,0,0,0,0,0,0,0,0,0,0,0,0,0,0,0,0,0,0,0,0,0,0,0,0,0,0,0,0,0,0,0,0,0,0,0,0,0,0,0,0,0,0,0,0,0,0,0,0,0,0,0,0,0,0,0,0,0,0,0,0,0,0,0,0,0,0,0,0,0,0,0,0,0,0,0,0,0,0,0,0,0,0,0,0,0,0,0,0,0,0,0,0,0,0,0,0,0,0,0,0,0,0,0,0,0,0,0,0,0,0,0,0,0,0,0,0,0,0,0,0,0,0,0,0,0,0,0,0,0,0,0,0,0,0,0,0,0,0,0,0,0,0,0,0,0,0,0,0,0,0,0,0,0,0,0,0,0,0,0,0,0,0,0,0,0,0,0,0,0,0,0,0,0,0,0,0,0,0,0,0,0,0,0,0,0,0,0,0,0,0,0,0,0,0,0,0,0,0,0,0,0,0,0,0,0,0,0,0,0,0,0,0,0,0,0,0,0,0,0,0,0,0,0,0,0,0,0,0,0,0,0,0,0,0,0,0,0,0,0,0,0,0,0,0,0,0,0,0,0,0,0,0,0,0,0,0,0,0,0,0,0,0,0,0,0,0,0,0,0,0,0,0,0,0,0,0,0,0,0,0,0,0,0,0,0,0,0,0,0,0,0,0,0,0,0,0,0,0,0,0,0,0,0,0,0,0,0,0,0,0,0,0,0,0,0,0,0,0,0,0,0,0,0,0,0,0,0,0,0,0,0,0,0,0,0,0,0,0,0,0,0,0,0,0,0,0,0,0,0,0,0,0,0,0,0,0,0,0,0,0,0,0,0,0,0,0,0,0,0,0,0,0,0,0,0,0,0,0,0,0,0,0,0,0,0,0,0,0,0,0,0,0,0,0,0,0,0,0,0,0,0,0,0,0,0,0,0,0,0,0,0,0,0,0,0,0,0,0,0,0,0,0,0,0,0,0,0,0,0,0,0,0,0,0,0,0,0,0,0,0,0,0,0,0,0,0,0,0,0,0,0,0,0,0,0,0,0,0,0,0,0,0,0,0,0,0,0,0,0,0,0,0,0,0,0,0,0,0,0,0,0,0,0,0,0,0,0,0,0,0,0,0,0,0,0,0,0,0,0,0,0,0,0,0,0,0,0,0,0,0,0,0,0,0,0,0,0,0,0,0,0,0,0,0,0,0,0,0,0,0,0,0,0,0,0,0,0,0,0,0,0,0,0,0,0,0,0,0,0,0,0,0,0,0,0,0,0,0,0,0,0,0,0,0,0,0,0,0,0,0,0,0,0,0,0,0,0,0,0,0,0,0,0,0,0,0,0,0,0,0,0,0,0,0,0,0,0,0,0,0,0,0,0,0,0,0,0,0,0,0,0,0,0,0,0,0,0,0,0,0,0,0,0,0,0,0,0,0,0,0,0,0,0,0,0,0,0,0,0,0,0,0,0,0,0,0,0,0,0,0,0,0,0,0,0,0,0,0,0,0,0,0,0,0,0,0,0,0,0,0,0,0,0,0,0,0,0,0,0,0,0,0,0,0,0,0,0,0,0,0,0,0,0,0,0,0,0,0,0,0,0,0,0,0,0,0,0,0,0,0,0,0,0,0,0,0,0,0,0,0,0,0,0,0,0,0,0,0,0,0,0,0,0,0,0,0,0,0,0,0,0,0,0,0,0,0,0,0,0,0,0,0,0,0,0,0
"Vaccine Taking Population[Nebraska]",0,0,0,0,0,0,0,0,0,0,0,0,0,0,0,0,0,0,0,0,0,0,0,0,0,0,0,0,0,0,0,0,0,0,0,0,0,0,0,0,0,0,0,0,0,0,0,0,0,0,0,0,0,0,0,0,0,0,0,0,0,0,0,0,0,0,0,0,0,0,0,0,0,0,0,0,0,0,0,0,0,0,0,0,0,0,0,0,0,0,0,0,0,0,0,0,0,0,0,0,0,0,0,0,0,0,0,0,0,0,0,0,0,0,0,0,0,0,0,0,0,0,0,0,0,0,0,0,0,0,0,0,0,0,0,0,0,0,0,0,0,0,0,0,0,0,0,0,0,0,0,0,0,0,0,0,0,0,0,0,0,0,0,0,0,0,0,0,0,0,0,0,0,0,0,0,0,0,0,0,0,0,0,0,0,0,0,0,0,0,0,0,0,0,0,0,0,0,0,0,0,0,0,0,0,0,0,0,0,0,0,0,0,0,0,0,0,0,0,0,0,0,0,0,0,0,0,0,0,0,0,0,0,0,0,0,0,0,0,0,0,0,0,0,0,0,0,0,0,0,0,0,0,0,0,0,0,0,0,0,0,0,0,0,0,0,0,0,0,0,0,0,0,0,0,0,0,0,0,0,0,0,0,0,0,0,0,0,0,0,0,0,0,0,0,0,0,0,0,0,0,0,0,0,0,0,0,0,0,0,0,0,0,0,0,0,0,0,0,0,0,0,0,0,0,0,0,0,0,0,0,0,0,0,0,0,0,0,0,0,0,0,0,0,0,0,0,0,0,0,0,0,0,0,0,0,0,0,0,0,0,0,0,0,0,0,0,0,0,0,0,0,0,0,0,0,0,0,0,0,0,0,0,0,0,0,0,0,0,0,0,0,0,0,0,0,0,0,0,0,0,0,0,0,0,0,0,0,0,0,0,0,0,0,0,0,0,0,0,0,0,0,0,0,0,0,0,0,0,0,0,0,0,0,0,0,0,0,0,0,0,0,0,0,0,0,0,0,0,0,0,0,0,0,0,0,0,0,0,0,0,0,0,0,0,0,0,0,0,0,0,0,0,0,0,0,0,0,0,0,0,0,0,0,0,0,0,0,0,0,0,0,0,0,0,0,0,0,0,0,0,0,0,0,0,0,0,0,0,0,0,0,0,0,0,0,0,0,0,0,0,0,0,0,0,0,0,0,0,0,0,0,0,0,0,0,0,0,0,0,0,0,0,0,0,0,0,0,0,0,0,0,0,0,0,0,0,0,0,0,0,0,0,0,0,0,0,0,0,0,0,0,0,0,0,0,0,0,0,0,0,0,0,0,0,0,0,0,0,0,0,0,0,0,0,0,0,0,0,0,0,0,0,0,0,0,0,0,0,0,0,0,0,0,0,0,0,0,0,0,0,0,0,0,0,0,0,0,0,0,0,0,0,0,0,0,0,0,0,0,0,0,0,0,0,0,0,0,0,0,0,0,0,0,0,0,0,0,0,0,0,0,0,0,0,0,0,0,0,0,0,0,0,0,0,0,0,0,0,0,0,0,0,0,0,0,0,0,0,0,0,0,0,0,0,0,0,0,0,0,0,0,0,0,0,0,0,0,0,0,0,0,0,0,0,0,0,0,0,0,0,0,0,0,0,0,0,0,0,0,0,0,0,0,0,0,0,0,0,0,0,0,0,0,0,0,0,0,0,0,0,0,0,0,0,0,0,0,0,0,0,0,0,0,0,0,0,0,0,0,0,0,0,0,0,0,0,0,0,0,0,0,0,0,0,0,0,0,0,0,0,0,0,0,0,0,0,0,0,0,0,0,0,0,0,0,0,0,0,0,0,0,0,0,0,0,0,0,0,0,0,0,0,0,0,0,0,0,0,0,0,0,0,0,0,0,0,0,0,0,0,0,0,0,0,0,0,0,0,0,0,0,0,0,0,0,0,0,0,0,0,0,0,0,0,0,0,0,0,0,0,0,0,0,0,0,0,0,0,0,0,0,0,0,0,0,0,0,0,0,0,0,0,0,0,0,0,0,0,0,0,0,0,0,0,0,0,0,0,0,0,0,0,0,0,0,0,0,0,0,0,0,0,0,0,0,0,0,0,0,0,0,0,0,0,0,0,0,0,0,0,0,0,0,0,0,0,0,0,0,0,0,0,0,0,0,0,0,0,0,0,0,0,0,0,0,0,0,0,0,0,0,0,0,0,0,0,0,0,0,0,0,0,0,0,0,0,0,0,0,0,0,0,0,0,0,0,0,0,0,0,0,0,0,0,0,0,0,0,0,0,0,0,0,0,0,0,0,0,0,0,0,0,0,0,0,0,0,0,0,0,0,0,0,0,0,0,0,0,0,0,0,0,0,0,0,0,0,0,0,0,0,0,0,0,0,0,0,0,0,0,0,0,0,0,0,0,0,0,0,0
"Vaccine Taking Population[Nevada]",0,0,0,0,0,0,0,0,0,0,0,0,0,0,0,0,0,0,0,0,0,0,0,0,0,0,0,0,0,0,0,0,0,0,0,0,0,0,0,0,0,0,0,0,0,0,0,0,0,0,0,0,0,0,0,0,0,0,0,0,0,0,0,0,0,0,0,0,0,0,0,0,0,0,0,0,0,0,0,0,0,0,0,0,0,0,0,0,0,0,0,0,0,0,0,0,0,0,0,0,0,0,0,0,0,0,0,0,0,0,0,0,0,0,0,0,0,0,0,0,0,0,0,0,0,0,0,0,0,0,0,0,0,0,0,0,0,0,0,0,0,0,0,0,0,0,0,0,0,0,0,0,0,0,0,0,0,0,0,0,0,0,0,0,0,0,0,0,0,0,0,0,0,0,0,0,0,0,0,0,0,0,0,0,0,0,0,0,0,0,0,0,0,0,0,0,0,0,0,0,0,0,0,0,0,0,0,0,0,0,0,0,0,0,0,0,0,0,0,0,0,0,0,0,0,0,0,0,0,0,0,0,0,0,0,0,0,0,0,0,0,0,0,0,0,0,0,0,0,0,0,0,0,0,0,0,0,0,0,0,0,0,0,0,0,0,0,0,0,0,0,0,0,0,0,0,0,0,0,0,0,0,0,0,0,0,0,0,0,0,0,0,0,0,0,0,0,0,0,0,0,0,0,0,0,0,0,0,0,0,0,0,0,0,0,0,0,0,0,0,0,0,0,0,0,0,0,0,0,0,0,0,0,0,0,0,0,0,0,0,0,0,0,0,0,0,0,0,0,0,0,0,0,0,0,0,0,0,0,0,0,0,0,0,0,0,0,0,0,0,0,0,0,0,0,0,0,0,0,0,0,0,0,0,0,0,0,0,0,0,0,0,0,0,0,0,0,0,0,0,0,0,0,0,0,0,0,0,0,0,0,0,0,0,0,0,0,0,0,0,0,0,0,0,0,0,0,0,0,0,0,0,0,0,0,0,0,0,0,0,0,0,0,0,0,0,0,0,0,0,0,0,0,0,0,0,0,0,0,0,0,0,0,0,0,0,0,0,0,0,0,0,0,0,0,0,0,0,0,0,0,0,0,0,0,0,0,0,0,0,0,0,0,0,0,0,0,0,0,0,0,0,0,0,0,0,0,0,0,0,0,0,0,0,0,0,0,0,0,0,0,0,0,0,0,0,0,0,0,0,0,0,0,0,0,0,0,0,0,0,0,0,0,0,0,0,0,0,0,0,0,0,0,0,0,0,0,0,0,0,0,0,0,0,0,0,0,0,0,0,0,0,0,0,0,0,0,0,0,0,0,0,0,0,0,0,0,0,0,0,0,0,0,0,0,0,0,0,0,0,0,0,0,0,0,0,0,0,0,0,0,0,0,0,0,0,0,0,0,0,0,0,0,0,0,0,0,0,0,0,0,0,0,0,0,0,0,0,0,0,0,0,0,0,0,0,0,0,0,0,0,0,0,0,0,0,0,0,0,0,0,0,0,0,0,0,0,0,0,0,0,0,0,0,0,0,0,0,0,0,0,0,0,0,0,0,0,0,0,0,0,0,0,0,0,0,0,0,0,0,0,0,0,0,0,0,0,0,0,0,0,0,0,0,0,0,0,0,0,0,0,0,0,0,0,0,0,0,0,0,0,0,0,0,0,0,0,0,0,0,0,0,0,0,0,0,0,0,0,0,0,0,0,0,0,0,0,0,0,0,0,0,0,0,0,0,0,0,0,0,0,0,0,0,0,0,0,0,0,0,0,0,0,0,0,0,0,0,0,0,0,0,0,0,0,0,0,0,0,0,0,0,0,0,0,0,0,0,0,0,0,0,0,0,0,0,0,0,0,0,0,0,0,0,0,0,0,0,0,0,0,0,0,0,0,0,0,0,0,0,0,0,0,0,0,0,0,0,0,0,0,0,0,0,0,0,0,0,0,0,0,0,0,0,0,0,0,0,0,0,0,0,0,0,0,0,0,0,0,0,0,0,0,0,0,0,0,0,0,0,0,0,0,0,0,0,0,0,0,0,0,0,0,0,0,0,0,0,0,0,0,0,0,0,0,0,0,0,0,0,0,0,0,0,0,0,0,0,0,0,0,0,0,0,0,0,0,0,0,0,0,0,0,0,0,0,0,0,0,0,0,0,0,0,0,0,0,0,0,0,0,0,0,0,0,0,0,0,0,0,0,0,0,0,0,0,0,0,0,0,0,0,0,0,0,0,0,0,0,0,0,0,0,0,0,0,0,0,0,0,0,0,0,0,0,0,0,0,0,0,0,0,0,0,0,0,0,0,0,0,0,0,0,0,0,0,0,0,0,0,0,0,0,0,0,0,0,0,0,0,0,0,0,0,0,0,0,0,0,0,0,0,0,0,0,0,0,0,0,0,0,0,0,0,0,0,0,0,0,0,0
"Vaccine Taking Population[New Hampshire]",0,0,0,0,0,0,0,0,0,0,0,0,0,0,0,0,0,0,0,0,0,0,0,0,0,0,0,0,0,0,0,0,0,0,0,0,0,0,0,0,0,0,0,0,0,0,0,0,0,0,0,0,0,0,0,0,0,0,0,0,0,0,0,0,0,0,0,0,0,0,0,0,0,0,0,0,0,0,0,0,0,0,0,0,0,0,0,0,0,0,0,0,0,0,0,0,0,0,0,0,0,0,0,0,0,0,0,0,0,0,0,0,0,0,0,0,0,0,0,0,0,0,0,0,0,0,0,0,0,0,0,0,0,0,0,0,0,0,0,0,0,0,0,0,0,0,0,0,0,0,0,0,0,0,0,0,0,0,0,0,0,0,0,0,0,0,0,0,0,0,0,0,0,0,0,0,0,0,0,0,0,0,0,0,0,0,0,0,0,0,0,0,0,0,0,0,0,0,0,0,0,0,0,0,0,0,0,0,0,0,0,0,0,0,0,0,0,0,0,0,0,0,0,0,0,0,0,0,0,0,0,0,0,0,0,0,0,0,0,0,0,0,0,0,0,0,0,0,0,0,0,0,0,0,0,0,0,0,0,0,0,0,0,0,0,0,0,0,0,0,0,0,0,0,0,0,0,0,0,0,0,0,0,0,0,0,0,0,0,0,0,0,0,0,0,0,0,0,0,0,0,0,0,0,0,0,0,0,0,0,0,0,0,0,0,0,0,0,0,0,0,0,0,0,0,0,0,0,0,0,0,0,0,0,0,0,0,0,0,0,0,0,0,0,0,0,0,0,0,0,0,0,0,0,0,0,0,0,0,0,0,0,0,0,0,0,0,0,0,0,0,0,0,0,0,0,0,0,0,0,0,0,0,0,0,0,0,0,0,0,0,0,0,0,0,0,0,0,0,0,0,0,0,0,0,0,0,0,0,0,0,0,0,0,0,0,0,0,0,0,0,0,0,0,0,0,0,0,0,0,0,0,0,0,0,0,0,0,0,0,0,0,0,0,0,0,0,0,0,0,0,0,0,0,0,0,0,0,0,0,0,0,0,0,0,0,0,0,0,0,0,0,0,0,0,0,0,0,0,0,0,0,0,0,0,0,0,0,0,0,0,0,0,0,0,0,0,0,0,0,0,0,0,0,0,0,0,0,0,0,0,0,0,0,0,0,0,0,0,0,0,0,0,0,0,0,0,0,0,0,0,0,0,0,0,0,0,0,0,0,0,0,0,0,0,0,0,0,0,0,0,0,0,0,0,0,0,0,0,0,0,0,0,0,0,0,0,0,0,0,0,0,0,0,0,0,0,0,0,0,0,0,0,0,0,0,0,0,0,0,0,0,0,0,0,0,0,0,0,0,0,0,0,0,0,0,0,0,0,0,0,0,0,0,0,0,0,0,0,0,0,0,0,0,0,0,0,0,0,0,0,0,0,0,0,0,0,0,0,0,0,0,0,0,0,0,0,0,0,0,0,0,0,0,0,0,0,0,0,0,0,0,0,0,0,0,0,0,0,0,0,0,0,0,0,0,0,0,0,0,0,0,0,0,0,0,0,0,0,0,0,0,0,0,0,0,0,0,0,0,0,0,0,0,0,0,0,0,0,0,0,0,0,0,0,0,0,0,0,0,0,0,0,0,0,0,0,0,0,0,0,0,0,0,0,0,0,0,0,0,0,0,0,0,0,0,0,0,0,0,0,0,0,0,0,0,0,0,0,0,0,0,0,0,0,0,0,0,0,0,0,0,0,0,0,0,0,0,0,0,0,0,0,0,0,0,0,0,0,0,0,0,0,0,0,0,0,0,0,0,0,0,0,0,0,0,0,0,0,0,0,0,0,0,0,0,0,0,0,0,0,0,0,0,0,0,0,0,0,0,0,0,0,0,0,0,0,0,0,0,0,0,0,0,0,0,0,0,0,0,0,0,0,0,0,0,0,0,0,0,0,0,0,0,0,0,0,0,0,0,0,0,0,0,0,0,0,0,0,0,0,0,0,0,0,0,0,0,0,0,0,0,0,0,0,0,0,0,0,0,0,0,0,0,0,0,0,0,0,0,0,0,0,0,0,0,0,0,0,0,0,0,0,0,0,0,0,0,0,0,0,0,0,0,0,0,0,0,0,0,0,0,0,0,0,0,0,0,0,0,0,0,0,0,0,0,0,0,0,0,0,0,0,0,0,0,0,0,0,0,0,0,0,0,0,0,0,0,0,0,0,0,0,0,0,0,0,0,0,0,0,0,0,0,0,0,0,0,0,0,0,0,0,0,0,0,0,0,0,0,0,0,0,0,0,0,0,0,0,0,0,0,0,0,0,0,0,0,0,0,0,0,0,0,0,0,0,0,0,0,0,0,0,0,0,0,0,0,0,0,0,0,0,0,0,0,0,0,0,0,0,0,0,0,0,0,0,0,0,0,0
"Vaccine Taking Population[New Jersey]",0,0,0,0,0,0,0,0,0,0,0,0,0,0,0,0,0,0,0,0,0,0,0,0,0,0,0,0,0,0,0,0,0,0,0,0,0,0,0,0,0,0,0,0,0,0,0,0,0,0,0,0,0,0,0,0,0,0,0,0,0,0,0,0,0,0,0,0,0,0,0,0,0,0,0,0,0,0,0,0,0,0,0,0,0,0,0,0,0,0,0,0,0,0,0,0,0,0,0,0,0,0,0,0,0,0,0,0,0,0,0,0,0,0,0,0,0,0,0,0,0,0,0,0,0,0,0,0,0,0,0,0,0,0,0,0,0,0,0,0,0,0,0,0,0,0,0,0,0,0,0,0,0,0,0,0,0,0,0,0,0,0,0,0,0,0,0,0,0,0,0,0,0,0,0,0,0,0,0,0,0,0,0,0,0,0,0,0,0,0,0,0,0,0,0,0,0,0,0,0,0,0,0,0,0,0,0,0,0,0,0,0,0,0,0,0,0,0,0,0,0,0,0,0,0,0,0,0,0,0,0,0,0,0,0,0,0,0,0,0,0,0,0,0,0,0,0,0,0,0,0,0,0,0,0,0,0,0,0,0,0,0,0,0,0,0,0,0,0,0,0,0,0,0,0,0,0,0,0,0,0,0,0,0,0,0,0,0,0,0,0,0,0,0,0,0,0,0,0,0,0,0,0,0,0,0,0,0,0,0,0,0,0,0,0,0,0,0,0,0,0,0,0,0,0,0,0,0,0,0,0,0,0,0,0,0,0,0,0,0,0,0,0,0,0,0,0,0,0,0,0,0,0,0,0,0,0,0,0,0,0,0,0,0,0,0,0,0,0,0,0,0,0,0,0,0,0,0,0,0,0,0,0,0,0,0,0,0,0,0,0,0,0,0,0,0,0,0,0,0,0,0,0,0,0,0,0,0,0,0,0,0,0,0,0,0,0,0,0,0,0,0,0,0,0,0,0,0,0,0,0,0,0,0,0,0,0,0,0,0,0,0,0,0,0,0,0,0,0,0,0,0,0,0,0,0,0,0,0,0,0,0,0,0,0,0,0,0,0,0,0,0,0,0,0,0,0,0,0,0,0,0,0,0,0,0,0,0,0,0,0,0,0,0,0,0,0,0,0,0,0,0,0,0,0,0,0,0,0,0,0,0,0,0,0,0,0,0,0,0,0,0,0,0,0,0,0,0,0,0,0,0,0,0,0,0,0,0,0,0,0,0,0,0,0,0,0,0,0,0,0,0,0,0,0,0,0,0,0,0,0,0,0,0,0,0,0,0,0,0,0,0,0,0,0,0,0,0,0,0,0,0,0,0,0,0,0,0,0,0,0,0,0,0,0,0,0,0,0,0,0,0,0,0,0,0,0,0,0,0,0,0,0,0,0,0,0,0,0,0,0,0,0,0,0,0,0,0,0,0,0,0,0,0,0,0,0,0,0,0,0,0,0,0,0,0,0,0,0,0,0,0,0,0,0,0,0,0,0,0,0,0,0,0,0,0,0,0,0,0,0,0,0,0,0,0,0,0,0,0,0,0,0,0,0,0,0,0,0,0,0,0,0,0,0,0,0,0,0,0,0,0,0,0,0,0,0,0,0,0,0,0,0,0,0,0,0,0,0,0,0,0,0,0,0,0,0,0,0,0,0,0,0,0,0,0,0,0,0,0,0,0,0,0,0,0,0,0,0,0,0,0,0,0,0,0,0,0,0,0,0,0,0,0,0,0,0,0,0,0,0,0,0,0,0,0,0,0,0,0,0,0,0,0,0,0,0,0,0,0,0,0,0,0,0,0,0,0,0,0,0,0,0,0,0,0,0,0,0,0,0,0,0,0,0,0,0,0,0,0,0,0,0,0,0,0,0,0,0,0,0,0,0,0,0,0,0,0,0,0,0,0,0,0,0,0,0,0,0,0,0,0,0,0,0,0,0,0,0,0,0,0,0,0,0,0,0,0,0,0,0,0,0,0,0,0,0,0,0,0,0,0,0,0,0,0,0,0,0,0,0,0,0,0,0,0,0,0,0,0,0,0,0,0,0,0,0,0,0,0,0,0,0,0,0,0,0,0,0,0,0,0,0,0,0,0,0,0,0,0,0,0,0,0,0,0,0,0,0,0,0,0,0,0,0,0,0,0,0,0,0,0,0,0,0,0,0,0,0,0,0,0,0,0,0,0,0,0,0,0,0,0,0,0,0,0,0,0,0,0,0,0,0,0,0,0,0,0,0,0,0,0,0,0,0,0,0,0,0,0,0,0,0,0,0,0,0,0,0,0,0,0,0,0,0,0,0,0,0,0,0,0,0,0,0,0,0,0,0,0,0,0,0,0,0,0,0,0,0,0,0,0,0,0,0,0,0,0,0,0,0,0,0,0,0,0,0,0,0,0,0,0,0,0,0,0,0,0,0,0,0
"Vaccine Taking Population[New Mexico]",0,0,0,0,0,0,0,0,0,0,0,0,0,0,0,0,0,0,0,0,0,0,0,0,0,0,0,0,0,0,0,0,0,0,0,0,0,0,0,0,0,0,0,0,0,0,0,0,0,0,0,0,0,0,0,0,0,0,0,0,0,0,0,0,0,0,0,0,0,0,0,0,0,0,0,0,0,0,0,0,0,0,0,0,0,0,0,0,0,0,0,0,0,0,0,0,0,0,0,0,0,0,0,0,0,0,0,0,0,0,0,0,0,0,0,0,0,0,0,0,0,0,0,0,0,0,0,0,0,0,0,0,0,0,0,0,0,0,0,0,0,0,0,0,0,0,0,0,0,0,0,0,0,0,0,0,0,0,0,0,0,0,0,0,0,0,0,0,0,0,0,0,0,0,0,0,0,0,0,0,0,0,0,0,0,0,0,0,0,0,0,0,0,0,0,0,0,0,0,0,0,0,0,0,0,0,0,0,0,0,0,0,0,0,0,0,0,0,0,0,0,0,0,0,0,0,0,0,0,0,0,0,0,0,0,0,0,0,0,0,0,0,0,0,0,0,0,0,0,0,0,0,0,0,0,0,0,0,0,0,0,0,0,0,0,0,0,0,0,0,0,0,0,0,0,0,0,0,0,0,0,0,0,0,0,0,0,0,0,0,0,0,0,0,0,0,0,0,0,0,0,0,0,0,0,0,0,0,0,0,0,0,0,0,0,0,0,0,0,0,0,0,0,0,0,0,0,0,0,0,0,0,0,0,0,0,0,0,0,0,0,0,0,0,0,0,0,0,0,0,0,0,0,0,0,0,0,0,0,0,0,0,0,0,0,0,0,0,0,0,0,0,0,0,0,0,0,0,0,0,0,0,0,0,0,0,0,0,0,0,0,0,0,0,0,0,0,0,0,0,0,0,0,0,0,0,0,0,0,0,0,0,0,0,0,0,0,0,0,0,0,0,0,0,0,0,0,0,0,0,0,0,0,0,0,0,0,0,0,0,0,0,0,0,0,0,0,0,0,0,0,0,0,0,0,0,0,0,0,0,0,0,0,0,0,0,0,0,0,0,0,0,0,0,0,0,0,0,0,0,0,0,0,0,0,0,0,0,0,0,0,0,0,0,0,0,0,0,0,0,0,0,0,0,0,0,0,0,0,0,0,0,0,0,0,0,0,0,0,0,0,0,0,0,0,0,0,0,0,0,0,0,0,0,0,0,0,0,0,0,0,0,0,0,0,0,0,0,0,0,0,0,0,0,0,0,0,0,0,0,0,0,0,0,0,0,0,0,0,0,0,0,0,0,0,0,0,0,0,0,0,0,0,0,0,0,0,0,0,0,0,0,0,0,0,0,0,0,0,0,0,0,0,0,0,0,0,0,0,0,0,0,0,0,0,0,0,0,0,0,0,0,0,0,0,0,0,0,0,0,0,0,0,0,0,0,0,0,0,0,0,0,0,0,0,0,0,0,0,0,0,0,0,0,0,0,0,0,0,0,0,0,0,0,0,0,0,0,0,0,0,0,0,0,0,0,0,0,0,0,0,0,0,0,0,0,0,0,0,0,0,0,0,0,0,0,0,0,0,0,0,0,0,0,0,0,0,0,0,0,0,0,0,0,0,0,0,0,0,0,0,0,0,0,0,0,0,0,0,0,0,0,0,0,0,0,0,0,0,0,0,0,0,0,0,0,0,0,0,0,0,0,0,0,0,0,0,0,0,0,0,0,0,0,0,0,0,0,0,0,0,0,0,0,0,0,0,0,0,0,0,0,0,0,0,0,0,0,0,0,0,0,0,0,0,0,0,0,0,0,0,0,0,0,0,0,0,0,0,0,0,0,0,0,0,0,0,0,0,0,0,0,0,0,0,0,0,0,0,0,0,0,0,0,0,0,0,0,0,0,0,0,0,0,0,0,0,0,0,0,0,0,0,0,0,0,0,0,0,0,0,0,0,0,0,0,0,0,0,0,0,0,0,0,0,0,0,0,0,0,0,0,0,0,0,0,0,0,0,0,0,0,0,0,0,0,0,0,0,0,0,0,0,0,0,0,0,0,0,0,0,0,0,0,0,0,0,0,0,0,0,0,0,0,0,0,0,0,0,0,0,0,0,0,0,0,0,0,0,0,0,0,0,0,0,0,0,0,0,0,0,0,0,0,0,0,0,0,0,0,0,0,0,0,0,0,0,0,0,0,0,0,0,0,0,0,0,0,0,0,0,0,0,0,0,0,0,0,0,0,0,0,0,0,0,0,0,0,0,0,0,0,0,0,0,0,0,0,0,0,0,0,0,0,0,0,0,0,0,0,0,0,0,0,0,0,0,0,0,0,0,0,0,0,0,0,0,0,0,0,0,0,0,0,0,0,0,0,0,0,0,0,0,0,0,0,0,0,0,0,0,0,0,0,0,0,0,0,0,0,0
"Vaccine Taking Population[New York]",0,0,0,0,0,0,0,0,0,0,0,0,0,0,0,0,0,0,0,0,0,0,0,0,0,0,0,0,0,0,0,0,0,0,0,0,0,0,0,0,0,0,0,0,0,0,0,0,0,0,0,0,0,0,0,0,0,0,0,0,0,0,0,0,0,0,0,0,0,0,0,0,0,0,0,0,0,0,0,0,0,0,0,0,0,0,0,0,0,0,0,0,0,0,0,0,0,0,0,0,0,0,0,0,0,0,0,0,0,0,0,0,0,0,0,0,0,0,0,0,0,0,0,0,0,0,0,0,0,0,0,0,0,0,0,0,0,0,0,0,0,0,0,0,0,0,0,0,0,0,0,0,0,0,0,0,0,0,0,0,0,0,0,0,0,0,0,0,0,0,0,0,0,0,0,0,0,0,0,0,0,0,0,0,0,0,0,0,0,0,0,0,0,0,0,0,0,0,0,0,0,0,0,0,0,0,0,0,0,0,0,0,0,0,0,0,0,0,0,0,0,0,0,0,0,0,0,0,0,0,0,0,0,0,0,0,0,0,0,0,0,0,0,0,0,0,0,0,0,0,0,0,0,0,0,0,0,0,0,0,0,0,0,0,0,0,0,0,0,0,0,0,0,0,0,0,0,0,0,0,0,0,0,0,0,0,0,0,0,0,0,0,0,0,0,0,0,0,0,0,0,0,0,0,0,0,0,0,0,0,0,0,0,0,0,0,0,0,0,0,0,0,0,0,0,0,0,0,0,0,0,0,0,0,0,0,0,0,0,0,0,0,0,0,0,0,0,0,0,0,0,0,0,0,0,0,0,0,0,0,0,0,0,0,0,0,0,0,0,0,0,0,0,0,0,0,0,0,0,0,0,0,0,0,0,0,0,0,0,0,0,0,0,0,0,0,0,0,0,0,0,0,0,0,0,0,0,0,0,0,0,0,0,0,0,0,0,0,0,0,0,0,0,0,0,0,0,0,0,0,0,0,0,0,0,0,0,0,0,0,0,0,0,0,0,0,0,0,0,0,0,0,0,0,0,0,0,0,0,0,0,0,0,0,0,0,0,0,0,0,0,0,0,0,0,0,0,0,0,0,0,0,0,0,0,0,0,0,0,0,0,0,0,0,0,0,0,0,0,0,0,0,0,0,0,0,0,0,0,0,0,0,0,0,0,0,0,0,0,0,0,0,0,0,0,0,0,0,0,0,0,0,0,0,0,0,0,0,0,0,0,0,0,0,0,0,0,0,0,0,0,0,0,0,0,0,0,0,0,0,0,0,0,0,0,0,0,0,0,0,0,0,0,0,0,0,0,0,0,0,0,0,0,0,0,0,0,0,0,0,0,0,0,0,0,0,0,0,0,0,0,0,0,0,0,0,0,0,0,0,0,0,0,0,0,0,0,0,0,0,0,0,0,0,0,0,0,0,0,0,0,0,0,0,0,0,0,0,0,0,0,0,0,0,0,0,0,0,0,0,0,0,0,0,0,0,0,0,0,0,0,0,0,0,0,0,0,0,0,0,0,0,0,0,0,0,0,0,0,0,0,0,0,0,0,0,0,0,0,0,0,0,0,0,0,0,0,0,0,0,0,0,0,0,0,0,0,0,0,0,0,0,0,0,0,0,0,0,0,0,0,0,0,0,0,0,0,0,0,0,0,0,0,0,0,0,0,0,0,0,0,0,0,0,0,0,0,0,0,0,0,0,0,0,0,0,0,0,0,0,0,0,0,0,0,0,0,0,0,0,0,0,0,0,0,0,0,0,0,0,0,0,0,0,0,0,0,0,0,0,0,0,0,0,0,0,0,0,0,0,0,0,0,0,0,0,0,0,0,0,0,0,0,0,0,0,0,0,0,0,0,0,0,0,0,0,0,0,0,0,0,0,0,0,0,0,0,0,0,0,0,0,0,0,0,0,0,0,0,0,0,0,0,0,0,0,0,0,0,0,0,0,0,0,0,0,0,0,0,0,0,0,0,0,0,0,0,0,0,0,0,0,0,0,0,0,0,0,0,0,0,0,0,0,0,0,0,0,0,0,0,0,0,0,0,0,0,0,0,0,0,0,0,0,0,0,0,0,0,0,0,0,0,0,0,0,0,0,0,0,0,0,0,0,0,0,0,0,0,0,0,0,0,0,0,0,0,0,0,0,0,0,0,0,0,0,0,0,0,0,0,0,0,0,0,0,0,0,0,0,0,0,0,0,0,0,0,0,0,0,0,0,0,0,0,0,0,0,0,0,0,0,0,0,0,0,0,0,0,0,0,0,0,0,0,0,0,0,0,0,0,0,0,0,0,0,0,0,0,0,0,0,0,0,0,0,0,0,0,0,0,0,0,0,0,0,0,0,0,0,0,0,0,0,0,0,0,0,0,0,0,0,0,0,0,0,0,0,0,0,0,0,0,0,0,0,0,0,0,0,0
"Vaccine Taking Population[North Carolina]",0,0,0,0,0,0,0,0,0,0,0,0,0,0,0,0,0,0,0,0,0,0,0,0,0,0,0,0,0,0,0,0,0,0,0,0,0,0,0,0,0,0,0,0,0,0,0,0,0,0,0,0,0,0,0,0,0,0,0,0,0,0,0,0,0,0,0,0,0,0,0,0,0,0,0,0,0,0,0,0,0,0,0,0,0,0,0,0,0,0,0,0,0,0,0,0,0,0,0,0,0,0,0,0,0,0,0,0,0,0,0,0,0,0,0,0,0,0,0,0,0,0,0,0,0,0,0,0,0,0,0,0,0,0,0,0,0,0,0,0,0,0,0,0,0,0,0,0,0,0,0,0,0,0,0,0,0,0,0,0,0,0,0,0,0,0,0,0,0,0,0,0,0,0,0,0,0,0,0,0,0,0,0,0,0,0,0,0,0,0,0,0,0,0,0,0,0,0,0,0,0,0,0,0,0,0,0,0,0,0,0,0,0,0,0,0,0,0,0,0,0,0,0,0,0,0,0,0,0,0,0,0,0,0,0,0,0,0,0,0,0,0,0,0,0,0,0,0,0,0,0,0,0,0,0,0,0,0,0,0,0,0,0,0,0,0,0,0,0,0,0,0,0,0,0,0,0,0,0,0,0,0,0,0,0,0,0,0,0,0,0,0,0,0,0,0,0,0,0,0,0,0,0,0,0,0,0,0,0,0,0,0,0,0,0,0,0,0,0,0,0,0,0,0,0,0,0,0,0,0,0,0,0,0,0,0,0,0,0,0,0,0,0,0,0,0,0,0,0,0,0,0,0,0,0,0,0,0,0,0,0,0,0,0,0,0,0,0,0,0,0,0,0,0,0,0,0,0,0,0,0,0,0,0,0,0,0,0,0,0,0,0,0,0,0,0,0,0,0,0,0,0,0,0,0,0,0,0,0,0,0,0,0,0,0,0,0,0,0,0,0,0,0,0,0,0,0,0,0,0,0,0,0,0,0,0,0,0,0,0,0,0,0,0,0,0,0,0,0,0,0,0,0,0,0,0,0,0,0,0,0,0,0,0,0,0,0,0,0,0,0,0,0,0,0,0,0,0,0,0,0,0,0,0,0,0,0,0,0,0,0,0,0,0,0,0,0,0,0,0,0,0,0,0,0,0,0,0,0,0,0,0,0,0,0,0,0,0,0,0,0,0,0,0,0,0,0,0,0,0,0,0,0,0,0,0,0,0,0,0,0,0,0,0,0,0,0,0,0,0,0,0,0,0,0,0,0,0,0,0,0,0,0,0,0,0,0,0,0,0,0,0,0,0,0,0,0,0,0,0,0,0,0,0,0,0,0,0,0,0,0,0,0,0,0,0,0,0,0,0,0,0,0,0,0,0,0,0,0,0,0,0,0,0,0,0,0,0,0,0,0,0,0,0,0,0,0,0,0,0,0,0,0,0,0,0,0,0,0,0,0,0,0,0,0,0,0,0,0,0,0,0,0,0,0,0,0,0,0,0,0,0,0,0,0,0,0,0,0,0,0,0,0,0,0,0,0,0,0,0,0,0,0,0,0,0,0,0,0,0,0,0,0,0,0,0,0,0,0,0,0,0,0,0,0,0,0,0,0,0,0,0,0,0,0,0,0,0,0,0,0,0,0,0,0,0,0,0,0,0,0,0,0,0,0,0,0,0,0,0,0,0,0,0,0,0,0,0,0,0,0,0,0,0,0,0,0,0,0,0,0,0,0,0,0,0,0,0,0,0,0,0,0,0,0,0,0,0,0,0,0,0,0,0,0,0,0,0,0,0,0,0,0,0,0,0,0,0,0,0,0,0,0,0,0,0,0,0,0,0,0,0,0,0,0,0,0,0,0,0,0,0,0,0,0,0,0,0,0,0,0,0,0,0,0,0,0,0,0,0,0,0,0,0,0,0,0,0,0,0,0,0,0,0,0,0,0,0,0,0,0,0,0,0,0,0,0,0,0,0,0,0,0,0,0,0,0,0,0,0,0,0,0,0,0,0,0,0,0,0,0,0,0,0,0,0,0,0,0,0,0,0,0,0,0,0,0,0,0,0,0,0,0,0,0,0,0,0,0,0,0,0,0,0,0,0,0,0,0,0,0,0,0,0,0,0,0,0,0,0,0,0,0,0,0,0,0,0,0,0,0,0,0,0,0,0,0,0,0,0,0,0,0,0,0,0,0,0,0,0,0,0,0,0,0,0,0,0,0,0,0,0,0,0,0,0,0,0,0,0,0,0,0,0,0,0,0,0,0,0,0,0,0,0,0,0,0,0,0,0,0,0,0,0,0,0,0,0,0,0,0,0,0,0,0,0,0,0,0,0,0,0,0,0,0,0,0,0,0,0,0,0,0,0,0,0,0,0,0,0,0,0,0,0,0,0,0,0,0,0,0,0,0,0,0,0,0,0,0,0,0
"Vaccine Taking Population[North Dakota]",0,0,0,0,0,0,0,0,0,0,0,0,0,0,0,0,0,0,0,0,0,0,0,0,0,0,0,0,0,0,0,0,0,0,0,0,0,0,0,0,0,0,0,0,0,0,0,0,0,0,0,0,0,0,0,0,0,0,0,0,0,0,0,0,0,0,0,0,0,0,0,0,0,0,0,0,0,0,0,0,0,0,0,0,0,0,0,0,0,0,0,0,0,0,0,0,0,0,0,0,0,0,0,0,0,0,0,0,0,0,0,0,0,0,0,0,0,0,0,0,0,0,0,0,0,0,0,0,0,0,0,0,0,0,0,0,0,0,0,0,0,0,0,0,0,0,0,0,0,0,0,0,0,0,0,0,0,0,0,0,0,0,0,0,0,0,0,0,0,0,0,0,0,0,0,0,0,0,0,0,0,0,0,0,0,0,0,0,0,0,0,0,0,0,0,0,0,0,0,0,0,0,0,0,0,0,0,0,0,0,0,0,0,0,0,0,0,0,0,0,0,0,0,0,0,0,0,0,0,0,0,0,0,0,0,0,0,0,0,0,0,0,0,0,0,0,0,0,0,0,0,0,0,0,0,0,0,0,0,0,0,0,0,0,0,0,0,0,0,0,0,0,0,0,0,0,0,0,0,0,0,0,0,0,0,0,0,0,0,0,0,0,0,0,0,0,0,0,0,0,0,0,0,0,0,0,0,0,0,0,0,0,0,0,0,0,0,0,0,0,0,0,0,0,0,0,0,0,0,0,0,0,0,0,0,0,0,0,0,0,0,0,0,0,0,0,0,0,0,0,0,0,0,0,0,0,0,0,0,0,0,0,0,0,0,0,0,0,0,0,0,0,0,0,0,0,0,0,0,0,0,0,0,0,0,0,0,0,0,0,0,0,0,0,0,0,0,0,0,0,0,0,0,0,0,0,0,0,0,0,0,0,0,0,0,0,0,0,0,0,0,0,0,0,0,0,0,0,0,0,0,0,0,0,0,0,0,0,0,0,0,0,0,0,0,0,0,0,0,0,0,0,0,0,0,0,0,0,0,0,0,0,0,0,0,0,0,0,0,0,0,0,0,0,0,0,0,0,0,0,0,0,0,0,0,0,0,0,0,0,0,0,0,0,0,0,0,0,0,0,0,0,0,0,0,0,0,0,0,0,0,0,0,0,0,0,0,0,0,0,0,0,0,0,0,0,0,0,0,0,0,0,0,0,0,0,0,0,0,0,0,0,0,0,0,0,0,0,0,0,0,0,0,0,0,0,0,0,0,0,0,0,0,0,0,0,0,0,0,0,0,0,0,0,0,0,0,0,0,0,0,0,0,0,0,0,0,0,0,0,0,0,0,0,0,0,0,0,0,0,0,0,0,0,0,0,0,0,0,0,0,0,0,0,0,0,0,0,0,0,0,0,0,0,0,0,0,0,0,0,0,0,0,0,0,0,0,0,0,0,0,0,0,0,0,0,0,0,0,0,0,0,0,0,0,0,0,0,0,0,0,0,0,0,0,0,0,0,0,0,0,0,0,0,0,0,0,0,0,0,0,0,0,0,0,0,0,0,0,0,0,0,0,0,0,0,0,0,0,0,0,0,0,0,0,0,0,0,0,0,0,0,0,0,0,0,0,0,0,0,0,0,0,0,0,0,0,0,0,0,0,0,0,0,0,0,0,0,0,0,0,0,0,0,0,0,0,0,0,0,0,0,0,0,0,0,0,0,0,0,0,0,0,0,0,0,0,0,0,0,0,0,0,0,0,0,0,0,0,0,0,0,0,0,0,0,0,0,0,0,0,0,0,0,0,0,0,0,0,0,0,0,0,0,0,0,0,0,0,0,0,0,0,0,0,0,0,0,0,0,0,0,0,0,0,0,0,0,0,0,0,0,0,0,0,0,0,0,0,0,0,0,0,0,0,0,0,0,0,0,0,0,0,0,0,0,0,0,0,0,0,0,0,0,0,0,0,0,0,0,0,0,0,0,0,0,0,0,0,0,0,0,0,0,0,0,0,0,0,0,0,0,0,0,0,0,0,0,0,0,0,0,0,0,0,0,0,0,0,0,0,0,0,0,0,0,0,0,0,0,0,0,0,0,0,0,0,0,0,0,0,0,0,0,0,0,0,0,0,0,0,0,0,0,0,0,0,0,0,0,0,0,0,0,0,0,0,0,0,0,0,0,0,0,0,0,0,0,0,0,0,0,0,0,0,0,0,0,0,0,0,0,0,0,0,0,0,0,0,0,0,0,0,0,0,0,0,0,0,0,0,0,0,0,0,0,0,0,0,0,0,0,0,0,0,0,0,0,0,0,0,0,0,0,0,0,0,0,0,0,0,0,0,0,0,0,0,0,0,0,0,0,0,0,0,0,0,0,0,0,0,0,0,0,0,0,0,0,0,0,0,0,0,0,0,0,0,0,0,0,0
"Vaccine Taking Population[Ohio]",0,0,0,0,0,0,0,0,0,0,0,0,0,0,0,0,0,0,0,0,0,0,0,0,0,0,0,0,0,0,0,0,0,0,0,0,0,0,0,0,0,0,0,0,0,0,0,0,0,0,0,0,0,0,0,0,0,0,0,0,0,0,0,0,0,0,0,0,0,0,0,0,0,0,0,0,0,0,0,0,0,0,0,0,0,0,0,0,0,0,0,0,0,0,0,0,0,0,0,0,0,0,0,0,0,0,0,0,0,0,0,0,0,0,0,0,0,0,0,0,0,0,0,0,0,0,0,0,0,0,0,0,0,0,0,0,0,0,0,0,0,0,0,0,0,0,0,0,0,0,0,0,0,0,0,0,0,0,0,0,0,0,0,0,0,0,0,0,0,0,0,0,0,0,0,0,0,0,0,0,0,0,0,0,0,0,0,0,0,0,0,0,0,0,0,0,0,0,0,0,0,0,0,0,0,0,0,0,0,0,0,0,0,0,0,0,0,0,0,0,0,0,0,0,0,0,0,0,0,0,0,0,0,0,0,0,0,0,0,0,0,0,0,0,0,0,0,0,0,0,0,0,0,0,0,0,0,0,0,0,0,0,0,0,0,0,0,0,0,0,0,0,0,0,0,0,0,0,0,0,0,0,0,0,0,0,0,0,0,0,0,0,0,0,0,0,0,0,0,0,0,0,0,0,0,0,0,0,0,0,0,0,0,0,0,0,0,0,0,0,0,0,0,0,0,0,0,0,0,0,0,0,0,0,0,0,0,0,0,0,0,0,0,0,0,0,0,0,0,0,0,0,0,0,0,0,0,0,0,0,0,0,0,0,0,0,0,0,0,0,0,0,0,0,0,0,0,0,0,0,0,0,0,0,0,0,0,0,0,0,0,0,0,0,0,0,0,0,0,0,0,0,0,0,0,0,0,0,0,0,0,0,0,0,0,0,0,0,0,0,0,0,0,0,0,0,0,0,0,0,0,0,0,0,0,0,0,0,0,0,0,0,0,0,0,0,0,0,0,0,0,0,0,0,0,0,0,0,0,0,0,0,0,0,0,0,0,0,0,0,0,0,0,0,0,0,0,0,0,0,0,0,0,0,0,0,0,0,0,0,0,0,0,0,0,0,0,0,0,0,0,0,0,0,0,0,0,0,0,0,0,0,0,0,0,0,0,0,0,0,0,0,0,0,0,0,0,0,0,0,0,0,0,0,0,0,0,0,0,0,0,0,0,0,0,0,0,0,0,0,0,0,0,0,0,0,0,0,0,0,0,0,0,0,0,0,0,0,0,0,0,0,0,0,0,0,0,0,0,0,0,0,0,0,0,0,0,0,0,0,0,0,0,0,0,0,0,0,0,0,0,0,0,0,0,0,0,0,0,0,0,0,0,0,0,0,0,0,0,0,0,0,0,0,0,0,0,0,0,0,0,0,0,0,0,0,0,0,0,0,0,0,0,0,0,0,0,0,0,0,0,0,0,0,0,0,0,0,0,0,0,0,0,0,0,0,0,0,0,0,0,0,0,0,0,0,0,0,0,0,0,0,0,0,0,0,0,0,0,0,0,0,0,0,0,0,0,0,0,0,0,0,0,0,0,0,0,0,0,0,0,0,0,0,0,0,0,0,0,0,0,0,0,0,0,0,0,0,0,0,0,0,0,0,0,0,0,0,0,0,0,0,0,0,0,0,0,0,0,0,0,0,0,0,0,0,0,0,0,0,0,0,0,0,0,0,0,0,0,0,0,0,0,0,0,0,0,0,0,0,0,0,0,0,0,0,0,0,0,0,0,0,0,0,0,0,0,0,0,0,0,0,0,0,0,0,0,0,0,0,0,0,0,0,0,0,0,0,0,0,0,0,0,0,0,0,0,0,0,0,0,0,0,0,0,0,0,0,0,0,0,0,0,0,0,0,0,0,0,0,0,0,0,0,0,0,0,0,0,0,0,0,0,0,0,0,0,0,0,0,0,0,0,0,0,0,0,0,0,0,0,0,0,0,0,0,0,0,0,0,0,0,0,0,0,0,0,0,0,0,0,0,0,0,0,0,0,0,0,0,0,0,0,0,0,0,0,0,0,0,0,0,0,0,0,0,0,0,0,0,0,0,0,0,0,0,0,0,0,0,0,0,0,0,0,0,0,0,0,0,0,0,0,0,0,0,0,0,0,0,0,0,0,0,0,0,0,0,0,0,0,0,0,0,0,0,0,0,0,0,0,0,0,0,0,0,0,0,0,0,0,0,0,0,0,0,0,0,0,0,0,0,0,0,0,0,0,0,0,0,0,0,0,0,0,0,0,0,0,0,0,0,0,0,0,0,0,0,0,0,0,0,0,0,0,0,0,0,0,0,0,0,0,0,0,0,0,0,0,0,0,0,0,0,0,0,0,0,0,0,0,0,0,0,0,0,0,0,0,0,0
"Vaccine Taking Population[Oklahoma]",0,0,0,0,0,0,0,0,0,0,0,0,0,0,0,0,0,0,0,0,0,0,0,0,0,0,0,0,0,0,0,0,0,0,0,0,0,0,0,0,0,0,0,0,0,0,0,0,0,0,0,0,0,0,0,0,0,0,0,0,0,0,0,0,0,0,0,0,0,0,0,0,0,0,0,0,0,0,0,0,0,0,0,0,0,0,0,0,0,0,0,0,0,0,0,0,0,0,0,0,0,0,0,0,0,0,0,0,0,0,0,0,0,0,0,0,0,0,0,0,0,0,0,0,0,0,0,0,0,0,0,0,0,0,0,0,0,0,0,0,0,0,0,0,0,0,0,0,0,0,0,0,0,0,0,0,0,0,0,0,0,0,0,0,0,0,0,0,0,0,0,0,0,0,0,0,0,0,0,0,0,0,0,0,0,0,0,0,0,0,0,0,0,0,0,0,0,0,0,0,0,0,0,0,0,0,0,0,0,0,0,0,0,0,0,0,0,0,0,0,0,0,0,0,0,0,0,0,0,0,0,0,0,0,0,0,0,0,0,0,0,0,0,0,0,0,0,0,0,0,0,0,0,0,0,0,0,0,0,0,0,0,0,0,0,0,0,0,0,0,0,0,0,0,0,0,0,0,0,0,0,0,0,0,0,0,0,0,0,0,0,0,0,0,0,0,0,0,0,0,0,0,0,0,0,0,0,0,0,0,0,0,0,0,0,0,0,0,0,0,0,0,0,0,0,0,0,0,0,0,0,0,0,0,0,0,0,0,0,0,0,0,0,0,0,0,0,0,0,0,0,0,0,0,0,0,0,0,0,0,0,0,0,0,0,0,0,0,0,0,0,0,0,0,0,0,0,0,0,0,0,0,0,0,0,0,0,0,0,0,0,0,0,0,0,0,0,0,0,0,0,0,0,0,0,0,0,0,0,0,0,0,0,0,0,0,0,0,0,0,0,0,0,0,0,0,0,0,0,0,0,0,0,0,0,0,0,0,0,0,0,0,0,0,0,0,0,0,0,0,0,0,0,0,0,0,0,0,0,0,0,0,0,0,0,0,0,0,0,0,0,0,0,0,0,0,0,0,0,0,0,0,0,0,0,0,0,0,0,0,0,0,0,0,0,0,0,0,0,0,0,0,0,0,0,0,0,0,0,0,0,0,0,0,0,0,0,0,0,0,0,0,0,0,0,0,0,0,0,0,0,0,0,0,0,0,0,0,0,0,0,0,0,0,0,0,0,0,0,0,0,0,0,0,0,0,0,0,0,0,0,0,0,0,0,0,0,0,0,0,0,0,0,0,0,0,0,0,0,0,0,0,0,0,0,0,0,0,0,0,0,0,0,0,0,0,0,0,0,0,0,0,0,0,0,0,0,0,0,0,0,0,0,0,0,0,0,0,0,0,0,0,0,0,0,0,0,0,0,0,0,0,0,0,0,0,0,0,0,0,0,0,0,0,0,0,0,0,0,0,0,0,0,0,0,0,0,0,0,0,0,0,0,0,0,0,0,0,0,0,0,0,0,0,0,0,0,0,0,0,0,0,0,0,0,0,0,0,0,0,0,0,0,0,0,0,0,0,0,0,0,0,0,0,0,0,0,0,0,0,0,0,0,0,0,0,0,0,0,0,0,0,0,0,0,0,0,0,0,0,0,0,0,0,0,0,0,0,0,0,0,0,0,0,0,0,0,0,0,0,0,0,0,0,0,0,0,0,0,0,0,0,0,0,0,0,0,0,0,0,0,0,0,0,0,0,0,0,0,0,0,0,0,0,0,0,0,0,0,0,0,0,0,0,0,0,0,0,0,0,0,0,0,0,0,0,0,0,0,0,0,0,0,0,0,0,0,0,0,0,0,0,0,0,0,0,0,0,0,0,0,0,0,0,0,0,0,0,0,0,0,0,0,0,0,0,0,0,0,0,0,0,0,0,0,0,0,0,0,0,0,0,0,0,0,0,0,0,0,0,0,0,0,0,0,0,0,0,0,0,0,0,0,0,0,0,0,0,0,0,0,0,0,0,0,0,0,0,0,0,0,0,0,0,0,0,0,0,0,0,0,0,0,0,0,0,0,0,0,0,0,0,0,0,0,0,0,0,0,0,0,0,0,0,0,0,0,0,0,0,0,0,0,0,0,0,0,0,0,0,0,0,0,0,0,0,0,0,0,0,0,0,0,0,0,0,0,0,0,0,0,0,0,0,0,0,0,0,0,0,0,0,0,0,0,0,0,0,0,0,0,0,0,0,0,0,0,0,0,0,0,0,0,0,0,0,0,0,0,0,0,0,0,0,0,0,0,0,0,0,0,0,0,0,0,0,0,0,0,0,0,0,0,0,0,0,0,0,0,0,0,0,0,0,0,0,0,0,0,0,0,0,0,0,0,0,0,0,0,0,0,0,0,0,0,0,0,0,0,0,0
"Vaccine Taking Population[Oregon]",0,0,0,0,0,0,0,0,0,0,0,0,0,0,0,0,0,0,0,0,0,0,0,0,0,0,0,0,0,0,0,0,0,0,0,0,0,0,0,0,0,0,0,0,0,0,0,0,0,0,0,0,0,0,0,0,0,0,0,0,0,0,0,0,0,0,0,0,0,0,0,0,0,0,0,0,0,0,0,0,0,0,0,0,0,0,0,0,0,0,0,0,0,0,0,0,0,0,0,0,0,0,0,0,0,0,0,0,0,0,0,0,0,0,0,0,0,0,0,0,0,0,0,0,0,0,0,0,0,0,0,0,0,0,0,0,0,0,0,0,0,0,0,0,0,0,0,0,0,0,0,0,0,0,0,0,0,0,0,0,0,0,0,0,0,0,0,0,0,0,0,0,0,0,0,0,0,0,0,0,0,0,0,0,0,0,0,0,0,0,0,0,0,0,0,0,0,0,0,0,0,0,0,0,0,0,0,0,0,0,0,0,0,0,0,0,0,0,0,0,0,0,0,0,0,0,0,0,0,0,0,0,0,0,0,0,0,0,0,0,0,0,0,0,0,0,0,0,0,0,0,0,0,0,0,0,0,0,0,0,0,0,0,0,0,0,0,0,0,0,0,0,0,0,0,0,0,0,0,0,0,0,0,0,0,0,0,0,0,0,0,0,0,0,0,0,0,0,0,0,0,0,0,0,0,0,0,0,0,0,0,0,0,0,0,0,0,0,0,0,0,0,0,0,0,0,0,0,0,0,0,0,0,0,0,0,0,0,0,0,0,0,0,0,0,0,0,0,0,0,0,0,0,0,0,0,0,0,0,0,0,0,0,0,0,0,0,0,0,0,0,0,0,0,0,0,0,0,0,0,0,0,0,0,0,0,0,0,0,0,0,0,0,0,0,0,0,0,0,0,0,0,0,0,0,0,0,0,0,0,0,0,0,0,0,0,0,0,0,0,0,0,0,0,0,0,0,0,0,0,0,0,0,0,0,0,0,0,0,0,0,0,0,0,0,0,0,0,0,0,0,0,0,0,0,0,0,0,0,0,0,0,0,0,0,0,0,0,0,0,0,0,0,0,0,0,0,0,0,0,0,0,0,0,0,0,0,0,0,0,0,0,0,0,0,0,0,0,0,0,0,0,0,0,0,0,0,0,0,0,0,0,0,0,0,0,0,0,0,0,0,0,0,0,0,0,0,0,0,0,0,0,0,0,0,0,0,0,0,0,0,0,0,0,0,0,0,0,0,0,0,0,0,0,0,0,0,0,0,0,0,0,0,0,0,0,0,0,0,0,0,0,0,0,0,0,0,0,0,0,0,0,0,0,0,0,0,0,0,0,0,0,0,0,0,0,0,0,0,0,0,0,0,0,0,0,0,0,0,0,0,0,0,0,0,0,0,0,0,0,0,0,0,0,0,0,0,0,0,0,0,0,0,0,0,0,0,0,0,0,0,0,0,0,0,0,0,0,0,0,0,0,0,0,0,0,0,0,0,0,0,0,0,0,0,0,0,0,0,0,0,0,0,0,0,0,0,0,0,0,0,0,0,0,0,0,0,0,0,0,0,0,0,0,0,0,0,0,0,0,0,0,0,0,0,0,0,0,0,0,0,0,0,0,0,0,0,0,0,0,0,0,0,0,0,0,0,0,0,0,0,0,0,0,0,0,0,0,0,0,0,0,0,0,0,0,0,0,0,0,0,0,0,0,0,0,0,0,0,0,0,0,0,0,0,0,0,0,0,0,0,0,0,0,0,0,0,0,0,0,0,0,0,0,0,0,0,0,0,0,0,0,0,0,0,0,0,0,0,0,0,0,0,0,0,0,0,0,0,0,0,0,0,0,0,0,0,0,0,0,0,0,0,0,0,0,0,0,0,0,0,0,0,0,0,0,0,0,0,0,0,0,0,0,0,0,0,0,0,0,0,0,0,0,0,0,0,0,0,0,0,0,0,0,0,0,0,0,0,0,0,0,0,0,0,0,0,0,0,0,0,0,0,0,0,0,0,0,0,0,0,0,0,0,0,0,0,0,0,0,0,0,0,0,0,0,0,0,0,0,0,0,0,0,0,0,0,0,0,0,0,0,0,0,0,0,0,0,0,0,0,0,0,0,0,0,0,0,0,0,0,0,0,0,0,0,0,0,0,0,0,0,0,0,0,0,0,0,0,0,0,0,0,0,0,0,0,0,0,0,0,0,0,0,0,0,0,0,0,0,0,0,0,0,0,0,0,0,0,0,0,0,0,0,0,0,0,0,0,0,0,0,0,0,0,0,0,0,0,0,0,0,0,0,0,0,0,0,0,0,0,0,0,0,0,0,0,0,0,0,0,0,0,0,0,0,0,0,0,0,0,0,0,0,0,0,0,0,0,0,0,0,0,0,0,0,0,0,0,0,0,0,0,0,0,0,0,0,0,0,0
"Vaccine Taking Population[Pennsylvania]",0,0,0,0,0,0,0,0,0,0,0,0,0,0,0,0,0,0,0,0,0,0,0,0,0,0,0,0,0,0,0,0,0,0,0,0,0,0,0,0,0,0,0,0,0,0,0,0,0,0,0,0,0,0,0,0,0,0,0,0,0,0,0,0,0,0,0,0,0,0,0,0,0,0,0,0,0,0,0,0,0,0,0,0,0,0,0,0,0,0,0,0,0,0,0,0,0,0,0,0,0,0,0,0,0,0,0,0,0,0,0,0,0,0,0,0,0,0,0,0,0,0,0,0,0,0,0,0,0,0,0,0,0,0,0,0,0,0,0,0,0,0,0,0,0,0,0,0,0,0,0,0,0,0,0,0,0,0,0,0,0,0,0,0,0,0,0,0,0,0,0,0,0,0,0,0,0,0,0,0,0,0,0,0,0,0,0,0,0,0,0,0,0,0,0,0,0,0,0,0,0,0,0,0,0,0,0,0,0,0,0,0,0,0,0,0,0,0,0,0,0,0,0,0,0,0,0,0,0,0,0,0,0,0,0,0,0,0,0,0,0,0,0,0,0,0,0,0,0,0,0,0,0,0,0,0,0,0,0,0,0,0,0,0,0,0,0,0,0,0,0,0,0,0,0,0,0,0,0,0,0,0,0,0,0,0,0,0,0,0,0,0,0,0,0,0,0,0,0,0,0,0,0,0,0,0,0,0,0,0,0,0,0,0,0,0,0,0,0,0,0,0,0,0,0,0,0,0,0,0,0,0,0,0,0,0,0,0,0,0,0,0,0,0,0,0,0,0,0,0,0,0,0,0,0,0,0,0,0,0,0,0,0,0,0,0,0,0,0,0,0,0,0,0,0,0,0,0,0,0,0,0,0,0,0,0,0,0,0,0,0,0,0,0,0,0,0,0,0,0,0,0,0,0,0,0,0,0,0,0,0,0,0,0,0,0,0,0,0,0,0,0,0,0,0,0,0,0,0,0,0,0,0,0,0,0,0,0,0,0,0,0,0,0,0,0,0,0,0,0,0,0,0,0,0,0,0,0,0,0,0,0,0,0,0,0,0,0,0,0,0,0,0,0,0,0,0,0,0,0,0,0,0,0,0,0,0,0,0,0,0,0,0,0,0,0,0,0,0,0,0,0,0,0,0,0,0,0,0,0,0,0,0,0,0,0,0,0,0,0,0,0,0,0,0,0,0,0,0,0,0,0,0,0,0,0,0,0,0,0,0,0,0,0,0,0,0,0,0,0,0,0,0,0,0,0,0,0,0,0,0,0,0,0,0,0,0,0,0,0,0,0,0,0,0,0,0,0,0,0,0,0,0,0,0,0,0,0,0,0,0,0,0,0,0,0,0,0,0,0,0,0,0,0,0,0,0,0,0,0,0,0,0,0,0,0,0,0,0,0,0,0,0,0,0,0,0,0,0,0,0,0,0,0,0,0,0,0,0,0,0,0,0,0,0,0,0,0,0,0,0,0,0,0,0,0,0,0,0,0,0,0,0,0,0,0,0,0,0,0,0,0,0,0,0,0,0,0,0,0,0,0,0,0,0,0,0,0,0,0,0,0,0,0,0,0,0,0,0,0,0,0,0,0,0,0,0,0,0,0,0,0,0,0,0,0,0,0,0,0,0,0,0,0,0,0,0,0,0,0,0,0,0,0,0,0,0,0,0,0,0,0,0,0,0,0,0,0,0,0,0,0,0,0,0,0,0,0,0,0,0,0,0,0,0,0,0,0,0,0,0,0,0,0,0,0,0,0,0,0,0,0,0,0,0,0,0,0,0,0,0,0,0,0,0,0,0,0,0,0,0,0,0,0,0,0,0,0,0,0,0,0,0,0,0,0,0,0,0,0,0,0,0,0,0,0,0,0,0,0,0,0,0,0,0,0,0,0,0,0,0,0,0,0,0,0,0,0,0,0,0,0,0,0,0,0,0,0,0,0,0,0,0,0,0,0,0,0,0,0,0,0,0,0,0,0,0,0,0,0,0,0,0,0,0,0,0,0,0,0,0,0,0,0,0,0,0,0,0,0,0,0,0,0,0,0,0,0,0,0,0,0,0,0,0,0,0,0,0,0,0,0,0,0,0,0,0,0,0,0,0,0,0,0,0,0,0,0,0,0,0,0,0,0,0,0,0,0,0,0,0,0,0,0,0,0,0,0,0,0,0,0,0,0,0,0,0,0,0,0,0,0,0,0,0,0,0,0,0,0,0,0,0,0,0,0,0,0,0,0,0,0,0,0,0,0,0,0,0,0,0,0,0,0,0,0,0,0,0,0,0,0,0,0,0,0,0,0,0,0,0,0,0,0,0,0,0,0,0,0,0,0,0,0,0,0,0,0,0,0,0,0,0,0,0,0,0,0,0,0,0,0,0,0,0,0,0,0,0,0,0,0,0,0,0,0,0,0,0,0,0
"Vaccine Taking Population[Rhode Island]",0,0,0,0,0,0,0,0,0,0,0,0,0,0,0,0,0,0,0,0,0,0,0,0,0,0,0,0,0,0,0,0,0,0,0,0,0,0,0,0,0,0,0,0,0,0,0,0,0,0,0,0,0,0,0,0,0,0,0,0,0,0,0,0,0,0,0,0,0,0,0,0,0,0,0,0,0,0,0,0,0,0,0,0,0,0,0,0,0,0,0,0,0,0,0,0,0,0,0,0,0,0,0,0,0,0,0,0,0,0,0,0,0,0,0,0,0,0,0,0,0,0,0,0,0,0,0,0,0,0,0,0,0,0,0,0,0,0,0,0,0,0,0,0,0,0,0,0,0,0,0,0,0,0,0,0,0,0,0,0,0,0,0,0,0,0,0,0,0,0,0,0,0,0,0,0,0,0,0,0,0,0,0,0,0,0,0,0,0,0,0,0,0,0,0,0,0,0,0,0,0,0,0,0,0,0,0,0,0,0,0,0,0,0,0,0,0,0,0,0,0,0,0,0,0,0,0,0,0,0,0,0,0,0,0,0,0,0,0,0,0,0,0,0,0,0,0,0,0,0,0,0,0,0,0,0,0,0,0,0,0,0,0,0,0,0,0,0,0,0,0,0,0,0,0,0,0,0,0,0,0,0,0,0,0,0,0,0,0,0,0,0,0,0,0,0,0,0,0,0,0,0,0,0,0,0,0,0,0,0,0,0,0,0,0,0,0,0,0,0,0,0,0,0,0,0,0,0,0,0,0,0,0,0,0,0,0,0,0,0,0,0,0,0,0,0,0,0,0,0,0,0,0,0,0,0,0,0,0,0,0,0,0,0,0,0,0,0,0,0,0,0,0,0,0,0,0,0,0,0,0,0,0,0,0,0,0,0,0,0,0,0,0,0,0,0,0,0,0,0,0,0,0,0,0,0,0,0,0,0,0,0,0,0,0,0,0,0,0,0,0,0,0,0,0,0,0,0,0,0,0,0,0,0,0,0,0,0,0,0,0,0,0,0,0,0,0,0,0,0,0,0,0,0,0,0,0,0,0,0,0,0,0,0,0,0,0,0,0,0,0,0,0,0,0,0,0,0,0,0,0,0,0,0,0,0,0,0,0,0,0,0,0,0,0,0,0,0,0,0,0,0,0,0,0,0,0,0,0,0,0,0,0,0,0,0,0,0,0,0,0,0,0,0,0,0,0,0,0,0,0,0,0,0,0,0,0,0,0,0,0,0,0,0,0,0,0,0,0,0,0,0,0,0,0,0,0,0,0,0,0,0,0,0,0,0,0,0,0,0,0,0,0,0,0,0,0,0,0,0,0,0,0,0,0,0,0,0,0,0,0,0,0,0,0,0,0,0,0,0,0,0,0,0,0,0,0,0,0,0,0,0,0,0,0,0,0,0,0,0,0,0,0,0,0,0,0,0,0,0,0,0,0,0,0,0,0,0,0,0,0,0,0,0,0,0,0,0,0,0,0,0,0,0,0,0,0,0,0,0,0,0,0,0,0,0,0,0,0,0,0,0,0,0,0,0,0,0,0,0,0,0,0,0,0,0,0,0,0,0,0,0,0,0,0,0,0,0,0,0,0,0,0,0,0,0,0,0,0,0,0,0,0,0,0,0,0,0,0,0,0,0,0,0,0,0,0,0,0,0,0,0,0,0,0,0,0,0,0,0,0,0,0,0,0,0,0,0,0,0,0,0,0,0,0,0,0,0,0,0,0,0,0,0,0,0,0,0,0,0,0,0,0,0,0,0,0,0,0,0,0,0,0,0,0,0,0,0,0,0,0,0,0,0,0,0,0,0,0,0,0,0,0,0,0,0,0,0,0,0,0,0,0,0,0,0,0,0,0,0,0,0,0,0,0,0,0,0,0,0,0,0,0,0,0,0,0,0,0,0,0,0,0,0,0,0,0,0,0,0,0,0,0,0,0,0,0,0,0,0,0,0,0,0,0,0,0,0,0,0,0,0,0,0,0,0,0,0,0,0,0,0,0,0,0,0,0,0,0,0,0,0,0,0,0,0,0,0,0,0,0,0,0,0,0,0,0,0,0,0,0,0,0,0,0,0,0,0,0,0,0,0,0,0,0,0,0,0,0,0,0,0,0,0,0,0,0,0,0,0,0,0,0,0,0,0,0,0,0,0,0,0,0,0,0,0,0,0,0,0,0,0,0,0,0,0,0,0,0,0,0,0,0,0,0,0,0,0,0,0,0,0,0,0,0,0,0,0,0,0,0,0,0,0,0,0,0,0,0,0,0,0,0,0,0,0,0,0,0,0,0,0,0,0,0,0,0,0,0,0,0,0,0,0,0,0,0,0,0,0,0,0,0,0,0,0,0,0,0,0,0,0,0,0,0,0,0,0,0,0,0,0,0,0,0,0,0,0,0,0,0,0,0,0,0,0,0,0,0,0,0
"Vaccine Taking Population[South Carolina]",0,0,0,0,0,0,0,0,0,0,0,0,0,0,0,0,0,0,0,0,0,0,0,0,0,0,0,0,0,0,0,0,0,0,0,0,0,0,0,0,0,0,0,0,0,0,0,0,0,0,0,0,0,0,0,0,0,0,0,0,0,0,0,0,0,0,0,0,0,0,0,0,0,0,0,0,0,0,0,0,0,0,0,0,0,0,0,0,0,0,0,0,0,0,0,0,0,0,0,0,0,0,0,0,0,0,0,0,0,0,0,0,0,0,0,0,0,0,0,0,0,0,0,0,0,0,0,0,0,0,0,0,0,0,0,0,0,0,0,0,0,0,0,0,0,0,0,0,0,0,0,0,0,0,0,0,0,0,0,0,0,0,0,0,0,0,0,0,0,0,0,0,0,0,0,0,0,0,0,0,0,0,0,0,0,0,0,0,0,0,0,0,0,0,0,0,0,0,0,0,0,0,0,0,0,0,0,0,0,0,0,0,0,0,0,0,0,0,0,0,0,0,0,0,0,0,0,0,0,0,0,0,0,0,0,0,0,0,0,0,0,0,0,0,0,0,0,0,0,0,0,0,0,0,0,0,0,0,0,0,0,0,0,0,0,0,0,0,0,0,0,0,0,0,0,0,0,0,0,0,0,0,0,0,0,0,0,0,0,0,0,0,0,0,0,0,0,0,0,0,0,0,0,0,0,0,0,0,0,0,0,0,0,0,0,0,0,0,0,0,0,0,0,0,0,0,0,0,0,0,0,0,0,0,0,0,0,0,0,0,0,0,0,0,0,0,0,0,0,0,0,0,0,0,0,0,0,0,0,0,0,0,0,0,0,0,0,0,0,0,0,0,0,0,0,0,0,0,0,0,0,0,0,0,0,0,0,0,0,0,0,0,0,0,0,0,0,0,0,0,0,0,0,0,0,0,0,0,0,0,0,0,0,0,0,0,0,0,0,0,0,0,0,0,0,0,0,0,0,0,0,0,0,0,0,0,0,0,0,0,0,0,0,0,0,0,0,0,0,0,0,0,0,0,0,0,0,0,0,0,0,0,0,0,0,0,0,0,0,0,0,0,0,0,0,0,0,0,0,0,0,0,0,0,0,0,0,0,0,0,0,0,0,0,0,0,0,0,0,0,0,0,0,0,0,0,0,0,0,0,0,0,0,0,0,0,0,0,0,0,0,0,0,0,0,0,0,0,0,0,0,0,0,0,0,0,0,0,0,0,0,0,0,0,0,0,0,0,0,0,0,0,0,0,0,0,0,0,0,0,0,0,0,0,0,0,0,0,0,0,0,0,0,0,0,0,0,0,0,0,0,0,0,0,0,0,0,0,0,0,0,0,0,0,0,0,0,0,0,0,0,0,0,0,0,0,0,0,0,0,0,0,0,0,0,0,0,0,0,0,0,0,0,0,0,0,0,0,0,0,0,0,0,0,0,0,0,0,0,0,0,0,0,0,0,0,0,0,0,0,0,0,0,0,0,0,0,0,0,0,0,0,0,0,0,0,0,0,0,0,0,0,0,0,0,0,0,0,0,0,0,0,0,0,0,0,0,0,0,0,0,0,0,0,0,0,0,0,0,0,0,0,0,0,0,0,0,0,0,0,0,0,0,0,0,0,0,0,0,0,0,0,0,0,0,0,0,0,0,0,0,0,0,0,0,0,0,0,0,0,0,0,0,0,0,0,0,0,0,0,0,0,0,0,0,0,0,0,0,0,0,0,0,0,0,0,0,0,0,0,0,0,0,0,0,0,0,0,0,0,0,0,0,0,0,0,0,0,0,0,0,0,0,0,0,0,0,0,0,0,0,0,0,0,0,0,0,0,0,0,0,0,0,0,0,0,0,0,0,0,0,0,0,0,0,0,0,0,0,0,0,0,0,0,0,0,0,0,0,0,0,0,0,0,0,0,0,0,0,0,0,0,0,0,0,0,0,0,0,0,0,0,0,0,0,0,0,0,0,0,0,0,0,0,0,0,0,0,0,0,0,0,0,0,0,0,0,0,0,0,0,0,0,0,0,0,0,0,0,0,0,0,0,0,0,0,0,0,0,0,0,0,0,0,0,0,0,0,0,0,0,0,0,0,0,0,0,0,0,0,0,0,0,0,0,0,0,0,0,0,0,0,0,0,0,0,0,0,0,0,0,0,0,0,0,0,0,0,0,0,0,0,0,0,0,0,0,0,0,0,0,0,0,0,0,0,0,0,0,0,0,0,0,0,0,0,0,0,0,0,0,0,0,0,0,0,0,0,0,0,0,0,0,0,0,0,0,0,0,0,0,0,0,0,0,0,0,0,0,0,0,0,0,0,0,0,0,0,0,0,0,0,0,0,0,0,0,0,0,0,0,0,0,0,0,0,0,0,0,0,0,0,0,0,0,0,0,0,0,0,0,0,0,0,0,0,0,0,0,0,0
"Vaccine Taking Population[South Dakota]",0,0,0,0,0,0,0,0,0,0,0,0,0,0,0,0,0,0,0,0,0,0,0,0,0,0,0,0,0,0,0,0,0,0,0,0,0,0,0,0,0,0,0,0,0,0,0,0,0,0,0,0,0,0,0,0,0,0,0,0,0,0,0,0,0,0,0,0,0,0,0,0,0,0,0,0,0,0,0,0,0,0,0,0,0,0,0,0,0,0,0,0,0,0,0,0,0,0,0,0,0,0,0,0,0,0,0,0,0,0,0,0,0,0,0,0,0,0,0,0,0,0,0,0,0,0,0,0,0,0,0,0,0,0,0,0,0,0,0,0,0,0,0,0,0,0,0,0,0,0,0,0,0,0,0,0,0,0,0,0,0,0,0,0,0,0,0,0,0,0,0,0,0,0,0,0,0,0,0,0,0,0,0,0,0,0,0,0,0,0,0,0,0,0,0,0,0,0,0,0,0,0,0,0,0,0,0,0,0,0,0,0,0,0,0,0,0,0,0,0,0,0,0,0,0,0,0,0,0,0,0,0,0,0,0,0,0,0,0,0,0,0,0,0,0,0,0,0,0,0,0,0,0,0,0,0,0,0,0,0,0,0,0,0,0,0,0,0,0,0,0,0,0,0,0,0,0,0,0,0,0,0,0,0,0,0,0,0,0,0,0,0,0,0,0,0,0,0,0,0,0,0,0,0,0,0,0,0,0,0,0,0,0,0,0,0,0,0,0,0,0,0,0,0,0,0,0,0,0,0,0,0,0,0,0,0,0,0,0,0,0,0,0,0,0,0,0,0,0,0,0,0,0,0,0,0,0,0,0,0,0,0,0,0,0,0,0,0,0,0,0,0,0,0,0,0,0,0,0,0,0,0,0,0,0,0,0,0,0,0,0,0,0,0,0,0,0,0,0,0,0,0,0,0,0,0,0,0,0,0,0,0,0,0,0,0,0,0,0,0,0,0,0,0,0,0,0,0,0,0,0,0,0,0,0,0,0,0,0,0,0,0,0,0,0,0,0,0,0,0,0,0,0,0,0,0,0,0,0,0,0,0,0,0,0,0,0,0,0,0,0,0,0,0,0,0,0,0,0,0,0,0,0,0,0,0,0,0,0,0,0,0,0,0,0,0,0,0,0,0,0,0,0,0,0,0,0,0,0,0,0,0,0,0,0,0,0,0,0,0,0,0,0,0,0,0,0,0,0,0,0,0,0,0,0,0,0,0,0,0,0,0,0,0,0,0,0,0,0,0,0,0,0,0,0,0,0,0,0,0,0,0,0,0,0,0,0,0,0,0,0,0,0,0,0,0,0,0,0,0,0,0,0,0,0,0,0,0,0,0,0,0,0,0,0,0,0,0,0,0,0,0,0,0,0,0,0,0,0,0,0,0,0,0,0,0,0,0,0,0,0,0,0,0,0,0,0,0,0,0,0,0,0,0,0,0,0,0,0,0,0,0,0,0,0,0,0,0,0,0,0,0,0,0,0,0,0,0,0,0,0,0,0,0,0,0,0,0,0,0,0,0,0,0,0,0,0,0,0,0,0,0,0,0,0,0,0,0,0,0,0,0,0,0,0,0,0,0,0,0,0,0,0,0,0,0,0,0,0,0,0,0,0,0,0,0,0,0,0,0,0,0,0,0,0,0,0,0,0,0,0,0,0,0,0,0,0,0,0,0,0,0,0,0,0,0,0,0,0,0,0,0,0,0,0,0,0,0,0,0,0,0,0,0,0,0,0,0,0,0,0,0,0,0,0,0,0,0,0,0,0,0,0,0,0,0,0,0,0,0,0,0,0,0,0,0,0,0,0,0,0,0,0,0,0,0,0,0,0,0,0,0,0,0,0,0,0,0,0,0,0,0,0,0,0,0,0,0,0,0,0,0,0,0,0,0,0,0,0,0,0,0,0,0,0,0,0,0,0,0,0,0,0,0,0,0,0,0,0,0,0,0,0,0,0,0,0,0,0,0,0,0,0,0,0,0,0,0,0,0,0,0,0,0,0,0,0,0,0,0,0,0,0,0,0,0,0,0,0,0,0,0,0,0,0,0,0,0,0,0,0,0,0,0,0,0,0,0,0,0,0,0,0,0,0,0,0,0,0,0,0,0,0,0,0,0,0,0,0,0,0,0,0,0,0,0,0,0,0,0,0,0,0,0,0,0,0,0,0,0,0,0,0,0,0,0,0,0,0,0,0,0,0,0,0,0,0,0,0,0,0,0,0,0,0,0,0,0,0,0,0,0,0,0,0,0,0,0,0,0,0,0,0,0,0,0,0,0,0,0,0,0,0,0,0,0,0,0,0,0,0,0,0,0,0,0,0,0,0,0,0,0,0,0,0,0,0,0,0,0,0,0,0,0,0,0,0,0,0,0,0,0,0,0,0,0,0,0,0,0,0,0,0,0,0,0,0,0,0,0,0
"Vaccine Taking Population[Tennessee]",0,0,0,0,0,0,0,0,0,0,0,0,0,0,0,0,0,0,0,0,0,0,0,0,0,0,0,0,0,0,0,0,0,0,0,0,0,0,0,0,0,0,0,0,0,0,0,0,0,0,0,0,0,0,0,0,0,0,0,0,0,0,0,0,0,0,0,0,0,0,0,0,0,0,0,0,0,0,0,0,0,0,0,0,0,0,0,0,0,0,0,0,0,0,0,0,0,0,0,0,0,0,0,0,0,0,0,0,0,0,0,0,0,0,0,0,0,0,0,0,0,0,0,0,0,0,0,0,0,0,0,0,0,0,0,0,0,0,0,0,0,0,0,0,0,0,0,0,0,0,0,0,0,0,0,0,0,0,0,0,0,0,0,0,0,0,0,0,0,0,0,0,0,0,0,0,0,0,0,0,0,0,0,0,0,0,0,0,0,0,0,0,0,0,0,0,0,0,0,0,0,0,0,0,0,0,0,0,0,0,0,0,0,0,0,0,0,0,0,0,0,0,0,0,0,0,0,0,0,0,0,0,0,0,0,0,0,0,0,0,0,0,0,0,0,0,0,0,0,0,0,0,0,0,0,0,0,0,0,0,0,0,0,0,0,0,0,0,0,0,0,0,0,0,0,0,0,0,0,0,0,0,0,0,0,0,0,0,0,0,0,0,0,0,0,0,0,0,0,0,0,0,0,0,0,0,0,0,0,0,0,0,0,0,0,0,0,0,0,0,0,0,0,0,0,0,0,0,0,0,0,0,0,0,0,0,0,0,0,0,0,0,0,0,0,0,0,0,0,0,0,0,0,0,0,0,0,0,0,0,0,0,0,0,0,0,0,0,0,0,0,0,0,0,0,0,0,0,0,0,0,0,0,0,0,0,0,0,0,0,0,0,0,0,0,0,0,0,0,0,0,0,0,0,0,0,0,0,0,0,0,0,0,0,0,0,0,0,0,0,0,0,0,0,0,0,0,0,0,0,0,0,0,0,0,0,0,0,0,0,0,0,0,0,0,0,0,0,0,0,0,0,0,0,0,0,0,0,0,0,0,0,0,0,0,0,0,0,0,0,0,0,0,0,0,0,0,0,0,0,0,0,0,0,0,0,0,0,0,0,0,0,0,0,0,0,0,0,0,0,0,0,0,0,0,0,0,0,0,0,0,0,0,0,0,0,0,0,0,0,0,0,0,0,0,0,0,0,0,0,0,0,0,0,0,0,0,0,0,0,0,0,0,0,0,0,0,0,0,0,0,0,0,0,0,0,0,0,0,0,0,0,0,0,0,0,0,0,0,0,0,0,0,0,0,0,0,0,0,0,0,0,0,0,0,0,0,0,0,0,0,0,0,0,0,0,0,0,0,0,0,0,0,0,0,0,0,0,0,0,0,0,0,0,0,0,0,0,0,0,0,0,0,0,0,0,0,0,0,0,0,0,0,0,0,0,0,0,0,0,0,0,0,0,0,0,0,0,0,0,0,0,0,0,0,0,0,0,0,0,0,0,0,0,0,0,0,0,0,0,0,0,0,0,0,0,0,0,0,0,0,0,0,0,0,0,0,0,0,0,0,0,0,0,0,0,0,0,0,0,0,0,0,0,0,0,0,0,0,0,0,0,0,0,0,0,0,0,0,0,0,0,0,0,0,0,0,0,0,0,0,0,0,0,0,0,0,0,0,0,0,0,0,0,0,0,0,0,0,0,0,0,0,0,0,0,0,0,0,0,0,0,0,0,0,0,0,0,0,0,0,0,0,0,0,0,0,0,0,0,0,0,0,0,0,0,0,0,0,0,0,0,0,0,0,0,0,0,0,0,0,0,0,0,0,0,0,0,0,0,0,0,0,0,0,0,0,0,0,0,0,0,0,0,0,0,0,0,0,0,0,0,0,0,0,0,0,0,0,0,0,0,0,0,0,0,0,0,0,0,0,0,0,0,0,0,0,0,0,0,0,0,0,0,0,0,0,0,0,0,0,0,0,0,0,0,0,0,0,0,0,0,0,0,0,0,0,0,0,0,0,0,0,0,0,0,0,0,0,0,0,0,0,0,0,0,0,0,0,0,0,0,0,0,0,0,0,0,0,0,0,0,0,0,0,0,0,0,0,0,0,0,0,0,0,0,0,0,0,0,0,0,0,0,0,0,0,0,0,0,0,0,0,0,0,0,0,0,0,0,0,0,0,0,0,0,0,0,0,0,0,0,0,0,0,0,0,0,0,0,0,0,0,0,0,0,0,0,0,0,0,0,0,0,0,0,0,0,0,0,0,0,0,0,0,0,0,0,0,0,0,0,0,0,0,0,0,0,0,0,0,0,0,0,0,0,0,0,0,0,0,0,0,0,0,0,0,0,0,0,0,0,0,0,0,0,0,0,0,0,0,0,0,0,0,0,0,0,0,0,0,0,0,0,0,0,0,0,0,0,0
"Vaccine Taking Population[Texas]",0,0,0,0,0,0,0,0,0,0,0,0,0,0,0,0,0,0,0,0,0,0,0,0,0,0,0,0,0,0,0,0,0,0,0,0,0,0,0,0,0,0,0,0,0,0,0,0,0,0,0,0,0,0,0,0,0,0,0,0,0,0,0,0,0,0,0,0,0,0,0,0,0,0,0,0,0,0,0,0,0,0,0,0,0,0,0,0,0,0,0,0,0,0,0,0,0,0,0,0,0,0,0,0,0,0,0,0,0,0,0,0,0,0,0,0,0,0,0,0,0,0,0,0,0,0,0,0,0,0,0,0,0,0,0,0,0,0,0,0,0,0,0,0,0,0,0,0,0,0,0,0,0,0,0,0,0,0,0,0,0,0,0,0,0,0,0,0,0,0,0,0,0,0,0,0,0,0,0,0,0,0,0,0,0,0,0,0,0,0,0,0,0,0,0,0,0,0,0,0,0,0,0,0,0,0,0,0,0,0,0,0,0,0,0,0,0,0,0,0,0,0,0,0,0,0,0,0,0,0,0,0,0,0,0,0,0,0,0,0,0,0,0,0,0,0,0,0,0,0,0,0,0,0,0,0,0,0,0,0,0,0,0,0,0,0,0,0,0,0,0,0,0,0,0,0,0,0,0,0,0,0,0,0,0,0,0,0,0,0,0,0,0,0,0,0,0,0,0,0,0,0,0,0,0,0,0,0,0,0,0,0,0,0,0,0,0,0,0,0,0,0,0,0,0,0,0,0,0,0,0,0,0,0,0,0,0,0,0,0,0,0,0,0,0,0,0,0,0,0,0,0,0,0,0,0,0,0,0,0,0,0,0,0,0,0,0,0,0,0,0,0,0,0,0,0,0,0,0,0,0,0,0,0,0,0,0,0,0,0,0,0,0,0,0,0,0,0,0,0,0,0,0,0,0,0,0,0,0,0,0,0,0,0,0,0,0,0,0,0,0,0,0,0,0,0,0,0,0,0,0,0,0,0,0,0,0,0,0,0,0,0,0,0,0,0,0,0,0,0,0,0,0,0,0,0,0,0,0,0,0,0,0,0,0,0,0,0,0,0,0,0,0,0,0,0,0,0,0,0,0,0,0,0,0,0,0,0,0,0,0,0,0,0,0,0,0,0,0,0,0,0,0,0,0,0,0,0,0,0,0,0,0,0,0,0,0,0,0,0,0,0,0,0,0,0,0,0,0,0,0,0,0,0,0,0,0,0,0,0,0,0,0,0,0,0,0,0,0,0,0,0,0,0,0,0,0,0,0,0,0,0,0,0,0,0,0,0,0,0,0,0,0,0,0,0,0,0,0,0,0,0,0,0,0,0,0,0,0,0,0,0,0,0,0,0,0,0,0,0,0,0,0,0,0,0,0,0,0,0,0,0,0,0,0,0,0,0,0,0,0,0,0,0,0,0,0,0,0,0,0,0,0,0,0,0,0,0,0,0,0,0,0,0,0,0,0,0,0,0,0,0,0,0,0,0,0,0,0,0,0,0,0,0,0,0,0,0,0,0,0,0,0,0,0,0,0,0,0,0,0,0,0,0,0,0,0,0,0,0,0,0,0,0,0,0,0,0,0,0,0,0,0,0,0,0,0,0,0,0,0,0,0,0,0,0,0,0,0,0,0,0,0,0,0,0,0,0,0,0,0,0,0,0,0,0,0,0,0,0,0,0,0,0,0,0,0,0,0,0,0,0,0,0,0,0,0,0,0,0,0,0,0,0,0,0,0,0,0,0,0,0,0,0,0,0,0,0,0,0,0,0,0,0,0,0,0,0,0,0,0,0,0,0,0,0,0,0,0,0,0,0,0,0,0,0,0,0,0,0,0,0,0,0,0,0,0,0,0,0,0,0,0,0,0,0,0,0,0,0,0,0,0,0,0,0,0,0,0,0,0,0,0,0,0,0,0,0,0,0,0,0,0,0,0,0,0,0,0,0,0,0,0,0,0,0,0,0,0,0,0,0,0,0,0,0,0,0,0,0,0,0,0,0,0,0,0,0,0,0,0,0,0,0,0,0,0,0,0,0,0,0,0,0,0,0,0,0,0,0,0,0,0,0,0,0,0,0,0,0,0,0,0,0,0,0,0,0,0,0,0,0,0,0,0,0,0,0,0,0,0,0,0,0,0,0,0,0,0,0,0,0,0,0,0,0,0,0,0,0,0,0,0,0,0,0,0,0,0,0,0,0,0,0,0,0,0,0,0,0,0,0,0,0,0,0,0,0,0,0,0,0,0,0,0,0,0,0,0,0,0,0,0,0,0,0,0,0,0,0,0,0,0,0,0,0,0,0,0,0,0,0,0,0,0,0,0,0,0,0,0,0,0,0,0,0,0,0,0,0,0,0,0,0,0,0,0,0,0,0,0,0,0,0,0,0,0,0,0,0,0,0,0,0,0,0,0,0,0,0,0
"Vaccine Taking Population[Utah]",0,0,0,0,0,0,0,0,0,0,0,0,0,0,0,0,0,0,0,0,0,0,0,0,0,0,0,0,0,0,0,0,0,0,0,0,0,0,0,0,0,0,0,0,0,0,0,0,0,0,0,0,0,0,0,0,0,0,0,0,0,0,0,0,0,0,0,0,0,0,0,0,0,0,0,0,0,0,0,0,0,0,0,0,0,0,0,0,0,0,0,0,0,0,0,0,0,0,0,0,0,0,0,0,0,0,0,0,0,0,0,0,0,0,0,0,0,0,0,0,0,0,0,0,0,0,0,0,0,0,0,0,0,0,0,0,0,0,0,0,0,0,0,0,0,0,0,0,0,0,0,0,0,0,0,0,0,0,0,0,0,0,0,0,0,0,0,0,0,0,0,0,0,0,0,0,0,0,0,0,0,0,0,0,0,0,0,0,0,0,0,0,0,0,0,0,0,0,0,0,0,0,0,0,0,0,0,0,0,0,0,0,0,0,0,0,0,0,0,0,0,0,0,0,0,0,0,0,0,0,0,0,0,0,0,0,0,0,0,0,0,0,0,0,0,0,0,0,0,0,0,0,0,0,0,0,0,0,0,0,0,0,0,0,0,0,0,0,0,0,0,0,0,0,0,0,0,0,0,0,0,0,0,0,0,0,0,0,0,0,0,0,0,0,0,0,0,0,0,0,0,0,0,0,0,0,0,0,0,0,0,0,0,0,0,0,0,0,0,0,0,0,0,0,0,0,0,0,0,0,0,0,0,0,0,0,0,0,0,0,0,0,0,0,0,0,0,0,0,0,0,0,0,0,0,0,0,0,0,0,0,0,0,0,0,0,0,0,0,0,0,0,0,0,0,0,0,0,0,0,0,0,0,0,0,0,0,0,0,0,0,0,0,0,0,0,0,0,0,0,0,0,0,0,0,0,0,0,0,0,0,0,0,0,0,0,0,0,0,0,0,0,0,0,0,0,0,0,0,0,0,0,0,0,0,0,0,0,0,0,0,0,0,0,0,0,0,0,0,0,0,0,0,0,0,0,0,0,0,0,0,0,0,0,0,0,0,0,0,0,0,0,0,0,0,0,0,0,0,0,0,0,0,0,0,0,0,0,0,0,0,0,0,0,0,0,0,0,0,0,0,0,0,0,0,0,0,0,0,0,0,0,0,0,0,0,0,0,0,0,0,0,0,0,0,0,0,0,0,0,0,0,0,0,0,0,0,0,0,0,0,0,0,0,0,0,0,0,0,0,0,0,0,0,0,0,0,0,0,0,0,0,0,0,0,0,0,0,0,0,0,0,0,0,0,0,0,0,0,0,0,0,0,0,0,0,0,0,0,0,0,0,0,0,0,0,0,0,0,0,0,0,0,0,0,0,0,0,0,0,0,0,0,0,0,0,0,0,0,0,0,0,0,0,0,0,0,0,0,0,0,0,0,0,0,0,0,0,0,0,0,0,0,0,0,0,0,0,0,0,0,0,0,0,0,0,0,0,0,0,0,0,0,0,0,0,0,0,0,0,0,0,0,0,0,0,0,0,0,0,0,0,0,0,0,0,0,0,0,0,0,0,0,0,0,0,0,0,0,0,0,0,0,0,0,0,0,0,0,0,0,0,0,0,0,0,0,0,0,0,0,0,0,0,0,0,0,0,0,0,0,0,0,0,0,0,0,0,0,0,0,0,0,0,0,0,0,0,0,0,0,0,0,0,0,0,0,0,0,0,0,0,0,0,0,0,0,0,0,0,0,0,0,0,0,0,0,0,0,0,0,0,0,0,0,0,0,0,0,0,0,0,0,0,0,0,0,0,0,0,0,0,0,0,0,0,0,0,0,0,0,0,0,0,0,0,0,0,0,0,0,0,0,0,0,0,0,0,0,0,0,0,0,0,0,0,0,0,0,0,0,0,0,0,0,0,0,0,0,0,0,0,0,0,0,0,0,0,0,0,0,0,0,0,0,0,0,0,0,0,0,0,0,0,0,0,0,0,0,0,0,0,0,0,0,0,0,0,0,0,0,0,0,0,0,0,0,0,0,0,0,0,0,0,0,0,0,0,0,0,0,0,0,0,0,0,0,0,0,0,0,0,0,0,0,0,0,0,0,0,0,0,0,0,0,0,0,0,0,0,0,0,0,0,0,0,0,0,0,0,0,0,0,0,0,0,0,0,0,0,0,0,0,0,0,0,0,0,0,0,0,0,0,0,0,0,0,0,0,0,0,0,0,0,0,0,0,0,0,0,0,0,0,0,0,0,0,0,0,0,0,0,0,0,0,0,0,0,0,0,0,0,0,0,0,0,0,0,0,0,0,0,0,0,0,0,0,0,0,0,0,0,0,0,0,0,0,0,0,0,0,0,0,0,0,0,0,0,0,0,0,0,0,0,0,0,0,0,0,0,0,0,0,0,0,0,0,0,0,0,0
"Vaccine Taking Population[Vermont]",0,0,0,0,0,0,0,0,0,0,0,0,0,0,0,0,0,0,0,0,0,0,0,0,0,0,0,0,0,0,0,0,0,0,0,0,0,0,0,0,0,0,0,0,0,0,0,0,0,0,0,0,0,0,0,0,0,0,0,0,0,0,0,0,0,0,0,0,0,0,0,0,0,0,0,0,0,0,0,0,0,0,0,0,0,0,0,0,0,0,0,0,0,0,0,0,0,0,0,0,0,0,0,0,0,0,0,0,0,0,0,0,0,0,0,0,0,0,0,0,0,0,0,0,0,0,0,0,0,0,0,0,0,0,0,0,0,0,0,0,0,0,0,0,0,0,0,0,0,0,0,0,0,0,0,0,0,0,0,0,0,0,0,0,0,0,0,0,0,0,0,0,0,0,0,0,0,0,0,0,0,0,0,0,0,0,0,0,0,0,0,0,0,0,0,0,0,0,0,0,0,0,0,0,0,0,0,0,0,0,0,0,0,0,0,0,0,0,0,0,0,0,0,0,0,0,0,0,0,0,0,0,0,0,0,0,0,0,0,0,0,0,0,0,0,0,0,0,0,0,0,0,0,0,0,0,0,0,0,0,0,0,0,0,0,0,0,0,0,0,0,0,0,0,0,0,0,0,0,0,0,0,0,0,0,0,0,0,0,0,0,0,0,0,0,0,0,0,0,0,0,0,0,0,0,0,0,0,0,0,0,0,0,0,0,0,0,0,0,0,0,0,0,0,0,0,0,0,0,0,0,0,0,0,0,0,0,0,0,0,0,0,0,0,0,0,0,0,0,0,0,0,0,0,0,0,0,0,0,0,0,0,0,0,0,0,0,0,0,0,0,0,0,0,0,0,0,0,0,0,0,0,0,0,0,0,0,0,0,0,0,0,0,0,0,0,0,0,0,0,0,0,0,0,0,0,0,0,0,0,0,0,0,0,0,0,0,0,0,0,0,0,0,0,0,0,0,0,0,0,0,0,0,0,0,0,0,0,0,0,0,0,0,0,0,0,0,0,0,0,0,0,0,0,0,0,0,0,0,0,0,0,0,0,0,0,0,0,0,0,0,0,0,0,0,0,0,0,0,0,0,0,0,0,0,0,0,0,0,0,0,0,0,0,0,0,0,0,0,0,0,0,0,0,0,0,0,0,0,0,0,0,0,0,0,0,0,0,0,0,0,0,0,0,0,0,0,0,0,0,0,0,0,0,0,0,0,0,0,0,0,0,0,0,0,0,0,0,0,0,0,0,0,0,0,0,0,0,0,0,0,0,0,0,0,0,0,0,0,0,0,0,0,0,0,0,0,0,0,0,0,0,0,0,0,0,0,0,0,0,0,0,0,0,0,0,0,0,0,0,0,0,0,0,0,0,0,0,0,0,0,0,0,0,0,0,0,0,0,0,0,0,0,0,0,0,0,0,0,0,0,0,0,0,0,0,0,0,0,0,0,0,0,0,0,0,0,0,0,0,0,0,0,0,0,0,0,0,0,0,0,0,0,0,0,0,0,0,0,0,0,0,0,0,0,0,0,0,0,0,0,0,0,0,0,0,0,0,0,0,0,0,0,0,0,0,0,0,0,0,0,0,0,0,0,0,0,0,0,0,0,0,0,0,0,0,0,0,0,0,0,0,0,0,0,0,0,0,0,0,0,0,0,0,0,0,0,0,0,0,0,0,0,0,0,0,0,0,0,0,0,0,0,0,0,0,0,0,0,0,0,0,0,0,0,0,0,0,0,0,0,0,0,0,0,0,0,0,0,0,0,0,0,0,0,0,0,0,0,0,0,0,0,0,0,0,0,0,0,0,0,0,0,0,0,0,0,0,0,0,0,0,0,0,0,0,0,0,0,0,0,0,0,0,0,0,0,0,0,0,0,0,0,0,0,0,0,0,0,0,0,0,0,0,0,0,0,0,0,0,0,0,0,0,0,0,0,0,0,0,0,0,0,0,0,0,0,0,0,0,0,0,0,0,0,0,0,0,0,0,0,0,0,0,0,0,0,0,0,0,0,0,0,0,0,0,0,0,0,0,0,0,0,0,0,0,0,0,0,0,0,0,0,0,0,0,0,0,0,0,0,0,0,0,0,0,0,0,0,0,0,0,0,0,0,0,0,0,0,0,0,0,0,0,0,0,0,0,0,0,0,0,0,0,0,0,0,0,0,0,0,0,0,0,0,0,0,0,0,0,0,0,0,0,0,0,0,0,0,0,0,0,0,0,0,0,0,0,0,0,0,0,0,0,0,0,0,0,0,0,0,0,0,0,0,0,0,0,0,0,0,0,0,0,0,0,0,0,0,0,0,0,0,0,0,0,0,0,0,0,0,0,0,0,0,0,0,0,0,0,0,0,0,0,0,0,0,0,0,0,0,0,0,0,0,0,0,0,0,0,0,0,0,0,0,0,0,0,0,0,0
"Vaccine Taking Population[Virginia]",0,0,0,0,0,0,0,0,0,0,0,0,0,0,0,0,0,0,0,0,0,0,0,0,0,0,0,0,0,0,0,0,0,0,0,0,0,0,0,0,0,0,0,0,0,0,0,0,0,0,0,0,0,0,0,0,0,0,0,0,0,0,0,0,0,0,0,0,0,0,0,0,0,0,0,0,0,0,0,0,0,0,0,0,0,0,0,0,0,0,0,0,0,0,0,0,0,0,0,0,0,0,0,0,0,0,0,0,0,0,0,0,0,0,0,0,0,0,0,0,0,0,0,0,0,0,0,0,0,0,0,0,0,0,0,0,0,0,0,0,0,0,0,0,0,0,0,0,0,0,0,0,0,0,0,0,0,0,0,0,0,0,0,0,0,0,0,0,0,0,0,0,0,0,0,0,0,0,0,0,0,0,0,0,0,0,0,0,0,0,0,0,0,0,0,0,0,0,0,0,0,0,0,0,0,0,0,0,0,0,0,0,0,0,0,0,0,0,0,0,0,0,0,0,0,0,0,0,0,0,0,0,0,0,0,0,0,0,0,0,0,0,0,0,0,0,0,0,0,0,0,0,0,0,0,0,0,0,0,0,0,0,0,0,0,0,0,0,0,0,0,0,0,0,0,0,0,0,0,0,0,0,0,0,0,0,0,0,0,0,0,0,0,0,0,0,0,0,0,0,0,0,0,0,0,0,0,0,0,0,0,0,0,0,0,0,0,0,0,0,0,0,0,0,0,0,0,0,0,0,0,0,0,0,0,0,0,0,0,0,0,0,0,0,0,0,0,0,0,0,0,0,0,0,0,0,0,0,0,0,0,0,0,0,0,0,0,0,0,0,0,0,0,0,0,0,0,0,0,0,0,0,0,0,0,0,0,0,0,0,0,0,0,0,0,0,0,0,0,0,0,0,0,0,0,0,0,0,0,0,0,0,0,0,0,0,0,0,0,0,0,0,0,0,0,0,0,0,0,0,0,0,0,0,0,0,0,0,0,0,0,0,0,0,0,0,0,0,0,0,0,0,0,0,0,0,0,0,0,0,0,0,0,0,0,0,0,0,0,0,0,0,0,0,0,0,0,0,0,0,0,0,0,0,0,0,0,0,0,0,0,0,0,0,0,0,0,0,0,0,0,0,0,0,0,0,0,0,0,0,0,0,0,0,0,0,0,0,0,0,0,0,0,0,0,0,0,0,0,0,0,0,0,0,0,0,0,0,0,0,0,0,0,0,0,0,0,0,0,0,0,0,0,0,0,0,0,0,0,0,0,0,0,0,0,0,0,0,0,0,0,0,0,0,0,0,0,0,0,0,0,0,0,0,0,0,0,0,0,0,0,0,0,0,0,0,0,0,0,0,0,0,0,0,0,0,0,0,0,0,0,0,0,0,0,0,0,0,0,0,0,0,0,0,0,0,0,0,0,0,0,0,0,0,0,0,0,0,0,0,0,0,0,0,0,0,0,0,0,0,0,0,0,0,0,0,0,0,0,0,0,0,0,0,0,0,0,0,0,0,0,0,0,0,0,0,0,0,0,0,0,0,0,0,0,0,0,0,0,0,0,0,0,0,0,0,0,0,0,0,0,0,0,0,0,0,0,0,0,0,0,0,0,0,0,0,0,0,0,0,0,0,0,0,0,0,0,0,0,0,0,0,0,0,0,0,0,0,0,0,0,0,0,0,0,0,0,0,0,0,0,0,0,0,0,0,0,0,0,0,0,0,0,0,0,0,0,0,0,0,0,0,0,0,0,0,0,0,0,0,0,0,0,0,0,0,0,0,0,0,0,0,0,0,0,0,0,0,0,0,0,0,0,0,0,0,0,0,0,0,0,0,0,0,0,0,0,0,0,0,0,0,0,0,0,0,0,0,0,0,0,0,0,0,0,0,0,0,0,0,0,0,0,0,0,0,0,0,0,0,0,0,0,0,0,0,0,0,0,0,0,0,0,0,0,0,0,0,0,0,0,0,0,0,0,0,0,0,0,0,0,0,0,0,0,0,0,0,0,0,0,0,0,0,0,0,0,0,0,0,0,0,0,0,0,0,0,0,0,0,0,0,0,0,0,0,0,0,0,0,0,0,0,0,0,0,0,0,0,0,0,0,0,0,0,0,0,0,0,0,0,0,0,0,0,0,0,0,0,0,0,0,0,0,0,0,0,0,0,0,0,0,0,0,0,0,0,0,0,0,0,0,0,0,0,0,0,0,0,0,0,0,0,0,0,0,0,0,0,0,0,0,0,0,0,0,0,0,0,0,0,0,0,0,0,0,0,0,0,0,0,0,0,0,0,0,0,0,0,0,0,0,0,0,0,0,0,0,0,0,0,0,0,0,0,0,0,0,0,0,0,0,0,0,0,0,0,0,0,0,0,0,0,0,0,0,0,0,0,0,0,0,0,0,0,0,0,0,0,0,0
"Vaccine Taking Population[Washington]",0,0,0,0,0,0,0,0,0,0,0,0,0,0,0,0,0,0,0,0,0,0,0,0,0,0,0,0,0,0,0,0,0,0,0,0,0,0,0,0,0,0,0,0,0,0,0,0,0,0,0,0,0,0,0,0,0,0,0,0,0,0,0,0,0,0,0,0,0,0,0,0,0,0,0,0,0,0,0,0,0,0,0,0,0,0,0,0,0,0,0,0,0,0,0,0,0,0,0,0,0,0,0,0,0,0,0,0,0,0,0,0,0,0,0,0,0,0,0,0,0,0,0,0,0,0,0,0,0,0,0,0,0,0,0,0,0,0,0,0,0,0,0,0,0,0,0,0,0,0,0,0,0,0,0,0,0,0,0,0,0,0,0,0,0,0,0,0,0,0,0,0,0,0,0,0,0,0,0,0,0,0,0,0,0,0,0,0,0,0,0,0,0,0,0,0,0,0,0,0,0,0,0,0,0,0,0,0,0,0,0,0,0,0,0,0,0,0,0,0,0,0,0,0,0,0,0,0,0,0,0,0,0,0,0,0,0,0,0,0,0,0,0,0,0,0,0,0,0,0,0,0,0,0,0,0,0,0,0,0,0,0,0,0,0,0,0,0,0,0,0,0,0,0,0,0,0,0,0,0,0,0,0,0,0,0,0,0,0,0,0,0,0,0,0,0,0,0,0,0,0,0,0,0,0,0,0,0,0,0,0,0,0,0,0,0,0,0,0,0,0,0,0,0,0,0,0,0,0,0,0,0,0,0,0,0,0,0,0,0,0,0,0,0,0,0,0,0,0,0,0,0,0,0,0,0,0,0,0,0,0,0,0,0,0,0,0,0,0,0,0,0,0,0,0,0,0,0,0,0,0,0,0,0,0,0,0,0,0,0,0,0,0,0,0,0,0,0,0,0,0,0,0,0,0,0,0,0,0,0,0,0,0,0,0,0,0,0,0,0,0,0,0,0,0,0,0,0,0,0,0,0,0,0,0,0,0,0,0,0,0,0,0,0,0,0,0,0,0,0,0,0,0,0,0,0,0,0,0,0,0,0,0,0,0,0,0,0,0,0,0,0,0,0,0,0,0,0,0,0,0,0,0,0,0,0,0,0,0,0,0,0,0,0,0,0,0,0,0,0,0,0,0,0,0,0,0,0,0,0,0,0,0,0,0,0,0,0,0,0,0,0,0,0,0,0,0,0,0,0,0,0,0,0,0,0,0,0,0,0,0,0,0,0,0,0,0,0,0,0,0,0,0,0,0,0,0,0,0,0,0,0,0,0,0,0,0,0,0,0,0,0,0,0,0,0,0,0,0,0,0,0,0,0,0,0,0,0,0,0,0,0,0,0,0,0,0,0,0,0,0,0,0,0,0,0,0,0,0,0,0,0,0,0,0,0,0,0,0,0,0,0,0,0,0,0,0,0,0,0,0,0,0,0,0,0,0,0,0,0,0,0,0,0,0,0,0,0,0,0,0,0,0,0,0,0,0,0,0,0,0,0,0,0,0,0,0,0,0,0,0,0,0,0,0,0,0,0,0,0,0,0,0,0,0,0,0,0,0,0,0,0,0,0,0,0,0,0,0,0,0,0,0,0,0,0,0,0,0,0,0,0,0,0,0,0,0,0,0,0,0,0,0,0,0,0,0,0,0,0,0,0,0,0,0,0,0,0,0,0,0,0,0,0,0,0,0,0,0,0,0,0,0,0,0,0,0,0,0,0,0,0,0,0,0,0,0,0,0,0,0,0,0,0,0,0,0,0,0,0,0,0,0,0,0,0,0,0,0,0,0,0,0,0,0,0,0,0,0,0,0,0,0,0,0,0,0,0,0,0,0,0,0,0,0,0,0,0,0,0,0,0,0,0,0,0,0,0,0,0,0,0,0,0,0,0,0,0,0,0,0,0,0,0,0,0,0,0,0,0,0,0,0,0,0,0,0,0,0,0,0,0,0,0,0,0,0,0,0,0,0,0,0,0,0,0,0,0,0,0,0,0,0,0,0,0,0,0,0,0,0,0,0,0,0,0,0,0,0,0,0,0,0,0,0,0,0,0,0,0,0,0,0,0,0,0,0,0,0,0,0,0,0,0,0,0,0,0,0,0,0,0,0,0,0,0,0,0,0,0,0,0,0,0,0,0,0,0,0,0,0,0,0,0,0,0,0,0,0,0,0,0,0,0,0,0,0,0,0,0,0,0,0,0,0,0,0,0,0,0,0,0,0,0,0,0,0,0,0,0,0,0,0,0,0,0,0,0,0,0,0,0,0,0,0,0,0,0,0,0,0,0,0,0,0,0,0,0,0,0,0,0,0,0,0,0,0,0,0,0,0,0,0,0,0,0,0,0,0,0,0,0,0,0,0,0,0,0,0,0,0,0,0,0,0,0,0,0,0,0,0,0,0,0,0,0,0,0,0,0,0
"Vaccine Taking Population[West Virginia]",0,0,0,0,0,0,0,0,0,0,0,0,0,0,0,0,0,0,0,0,0,0,0,0,0,0,0,0,0,0,0,0,0,0,0,0,0,0,0,0,0,0,0,0,0,0,0,0,0,0,0,0,0,0,0,0,0,0,0,0,0,0,0,0,0,0,0,0,0,0,0,0,0,0,0,0,0,0,0,0,0,0,0,0,0,0,0,0,0,0,0,0,0,0,0,0,0,0,0,0,0,0,0,0,0,0,0,0,0,0,0,0,0,0,0,0,0,0,0,0,0,0,0,0,0,0,0,0,0,0,0,0,0,0,0,0,0,0,0,0,0,0,0,0,0,0,0,0,0,0,0,0,0,0,0,0,0,0,0,0,0,0,0,0,0,0,0,0,0,0,0,0,0,0,0,0,0,0,0,0,0,0,0,0,0,0,0,0,0,0,0,0,0,0,0,0,0,0,0,0,0,0,0,0,0,0,0,0,0,0,0,0,0,0,0,0,0,0,0,0,0,0,0,0,0,0,0,0,0,0,0,0,0,0,0,0,0,0,0,0,0,0,0,0,0,0,0,0,0,0,0,0,0,0,0,0,0,0,0,0,0,0,0,0,0,0,0,0,0,0,0,0,0,0,0,0,0,0,0,0,0,0,0,0,0,0,0,0,0,0,0,0,0,0,0,0,0,0,0,0,0,0,0,0,0,0,0,0,0,0,0,0,0,0,0,0,0,0,0,0,0,0,0,0,0,0,0,0,0,0,0,0,0,0,0,0,0,0,0,0,0,0,0,0,0,0,0,0,0,0,0,0,0,0,0,0,0,0,0,0,0,0,0,0,0,0,0,0,0,0,0,0,0,0,0,0,0,0,0,0,0,0,0,0,0,0,0,0,0,0,0,0,0,0,0,0,0,0,0,0,0,0,0,0,0,0,0,0,0,0,0,0,0,0,0,0,0,0,0,0,0,0,0,0,0,0,0,0,0,0,0,0,0,0,0,0,0,0,0,0,0,0,0,0,0,0,0,0,0,0,0,0,0,0,0,0,0,0,0,0,0,0,0,0,0,0,0,0,0,0,0,0,0,0,0,0,0,0,0,0,0,0,0,0,0,0,0,0,0,0,0,0,0,0,0,0,0,0,0,0,0,0,0,0,0,0,0,0,0,0,0,0,0,0,0,0,0,0,0,0,0,0,0,0,0,0,0,0,0,0,0,0,0,0,0,0,0,0,0,0,0,0,0,0,0,0,0,0,0,0,0,0,0,0,0,0,0,0,0,0,0,0,0,0,0,0,0,0,0,0,0,0,0,0,0,0,0,0,0,0,0,0,0,0,0,0,0,0,0,0,0,0,0,0,0,0,0,0,0,0,0,0,0,0,0,0,0,0,0,0,0,0,0,0,0,0,0,0,0,0,0,0,0,0,0,0,0,0,0,0,0,0,0,0,0,0,0,0,0,0,0,0,0,0,0,0,0,0,0,0,0,0,0,0,0,0,0,0,0,0,0,0,0,0,0,0,0,0,0,0,0,0,0,0,0,0,0,0,0,0,0,0,0,0,0,0,0,0,0,0,0,0,0,0,0,0,0,0,0,0,0,0,0,0,0,0,0,0,0,0,0,0,0,0,0,0,0,0,0,0,0,0,0,0,0,0,0,0,0,0,0,0,0,0,0,0,0,0,0,0,0,0,0,0,0,0,0,0,0,0,0,0,0,0,0,0,0,0,0,0,0,0,0,0,0,0,0,0,0,0,0,0,0,0,0,0,0,0,0,0,0,0,0,0,0,0,0,0,0,0,0,0,0,0,0,0,0,0,0,0,0,0,0,0,0,0,0,0,0,0,0,0,0,0,0,0,0,0,0,0,0,0,0,0,0,0,0,0,0,0,0,0,0,0,0,0,0,0,0,0,0,0,0,0,0,0,0,0,0,0,0,0,0,0,0,0,0,0,0,0,0,0,0,0,0,0,0,0,0,0,0,0,0,0,0,0,0,0,0,0,0,0,0,0,0,0,0,0,0,0,0,0,0,0,0,0,0,0,0,0,0,0,0,0,0,0,0,0,0,0,0,0,0,0,0,0,0,0,0,0,0,0,0,0,0,0,0,0,0,0,0,0,0,0,0,0,0,0,0,0,0,0,0,0,0,0,0,0,0,0,0,0,0,0,0,0,0,0,0,0,0,0,0,0,0,0,0,0,0,0,0,0,0,0,0,0,0,0,0,0,0,0,0,0,0,0,0,0,0,0,0,0,0,0,0,0,0,0,0,0,0,0,0,0,0,0,0,0,0,0,0,0,0,0,0,0,0,0,0,0,0,0,0,0,0,0,0,0,0,0,0,0,0,0,0,0,0,0,0,0,0,0,0,0,0,0,0,0,0,0,0,0,0,0,0,0,0,0,0,0,0,0,0,0,0,0,0,0,0,0,0
"Vaccine Taking Population[Wisconsin]",0,0,0,0,0,0,0,0,0,0,0,0,0,0,0,0,0,0,0,0,0,0,0,0,0,0,0,0,0,0,0,0,0,0,0,0,0,0,0,0,0,0,0,0,0,0,0,0,0,0,0,0,0,0,0,0,0,0,0,0,0,0,0,0,0,0,0,0,0,0,0,0,0,0,0,0,0,0,0,0,0,0,0,0,0,0,0,0,0,0,0,0,0,0,0,0,0,0,0,0,0,0,0,0,0,0,0,0,0,0,0,0,0,0,0,0,0,0,0,0,0,0,0,0,0,0,0,0,0,0,0,0,0,0,0,0,0,0,0,0,0,0,0,0,0,0,0,0,0,0,0,0,0,0,0,0,0,0,0,0,0,0,0,0,0,0,0,0,0,0,0,0,0,0,0,0,0,0,0,0,0,0,0,0,0,0,0,0,0,0,0,0,0,0,0,0,0,0,0,0,0,0,0,0,0,0,0,0,0,0,0,0,0,0,0,0,0,0,0,0,0,0,0,0,0,0,0,0,0,0,0,0,0,0,0,0,0,0,0,0,0,0,0,0,0,0,0,0,0,0,0,0,0,0,0,0,0,0,0,0,0,0,0,0,0,0,0,0,0,0,0,0,0,0,0,0,0,0,0,0,0,0,0,0,0,0,0,0,0,0,0,0,0,0,0,0,0,0,0,0,0,0,0,0,0,0,0,0,0,0,0,0,0,0,0,0,0,0,0,0,0,0,0,0,0,0,0,0,0,0,0,0,0,0,0,0,0,0,0,0,0,0,0,0,0,0,0,0,0,0,0,0,0,0,0,0,0,0,0,0,0,0,0,0,0,0,0,0,0,0,0,0,0,0,0,0,0,0,0,0,0,0,0,0,0,0,0,0,0,0,0,0,0,0,0,0,0,0,0,0,0,0,0,0,0,0,0,0,0,0,0,0,0,0,0,0,0,0,0,0,0,0,0,0,0,0,0,0,0,0,0,0,0,0,0,0,0,0,0,0,0,0,0,0,0,0,0,0,0,0,0,0,0,0,0,0,0,0,0,0,0,0,0,0,0,0,0,0,0,0,0,0,0,0,0,0,0,0,0,0,0,0,0,0,0,0,0,0,0,0,0,0,0,0,0,0,0,0,0,0,0,0,0,0,0,0,0,0,0,0,0,0,0,0,0,0,0,0,0,0,0,0,0,0,0,0,0,0,0,0,0,0,0,0,0,0,0,0,0,0,0,0,0,0,0,0,0,0,0,0,0,0,0,0,0,0,0,0,0,0,0,0,0,0,0,0,0,0,0,0,0,0,0,0,0,0,0,0,0,0,0,0,0,0,0,0,0,0,0,0,0,0,0,0,0,0,0,0,0,0,0,0,0,0,0,0,0,0,0,0,0,0,0,0,0,0,0,0,0,0,0,0,0,0,0,0,0,0,0,0,0,0,0,0,0,0,0,0,0,0,0,0,0,0,0,0,0,0,0,0,0,0,0,0,0,0,0,0,0,0,0,0,0,0,0,0,0,0,0,0,0,0,0,0,0,0,0,0,0,0,0,0,0,0,0,0,0,0,0,0,0,0,0,0,0,0,0,0,0,0,0,0,0,0,0,0,0,0,0,0,0,0,0,0,0,0,0,0,0,0,0,0,0,0,0,0,0,0,0,0,0,0,0,0,0,0,0,0,0,0,0,0,0,0,0,0,0,0,0,0,0,0,0,0,0,0,0,0,0,0,0,0,0,0,0,0,0,0,0,0,0,0,0,0,0,0,0,0,0,0,0,0,0,0,0,0,0,0,0,0,0,0,0,0,0,0,0,0,0,0,0,0,0,0,0,0,0,0,0,0,0,0,0,0,0,0,0,0,0,0,0,0,0,0,0,0,0,0,0,0,0,0,0,0,0,0,0,0,0,0,0,0,0,0,0,0,0,0,0,0,0,0,0,0,0,0,0,0,0,0,0,0,0,0,0,0,0,0,0,0,0,0,0,0,0,0,0,0,0,0,0,0,0,0,0,0,0,0,0,0,0,0,0,0,0,0,0,0,0,0,0,0,0,0,0,0,0,0,0,0,0,0,0,0,0,0,0,0,0,0,0,0,0,0,0,0,0,0,0,0,0,0,0,0,0,0,0,0,0,0,0,0,0,0,0,0,0,0,0,0,0,0,0,0,0,0,0,0,0,0,0,0,0,0,0,0,0,0,0,0,0,0,0,0,0,0,0,0,0,0,0,0,0,0,0,0,0,0,0,0,0,0,0,0,0,0,0,0,0,0,0,0,0,0,0,0,0,0,0,0,0,0,0,0,0,0,0,0,0,0,0,0,0,0,0,0,0,0,0,0,0,0,0,0,0,0,0,0,0,0,0,0,0,0,0,0,0,0,0,0,0,0,0,0,0,0,0,0,0,0,0,0,0,0,0,0,0,0,0,0,0
"Vaccine Taking Population[Wyoming]",0,0,0,0,0,0,0,0,0,0,0,0,0,0,0,0,0,0,0,0,0,0,0,0,0,0,0,0,0,0,0,0,0,0,0,0,0,0,0,0,0,0,0,0,0,0,0,0,0,0,0,0,0,0,0,0,0,0,0,0,0,0,0,0,0,0,0,0,0,0,0,0,0,0,0,0,0,0,0,0,0,0,0,0,0,0,0,0,0,0,0,0,0,0,0,0,0,0,0,0,0,0,0,0,0,0,0,0,0,0,0,0,0,0,0,0,0,0,0,0,0,0,0,0,0,0,0,0,0,0,0,0,0,0,0,0,0,0,0,0,0,0,0,0,0,0,0,0,0,0,0,0,0,0,0,0,0,0,0,0,0,0,0,0,0,0,0,0,0,0,0,0,0,0,0,0,0,0,0,0,0,0,0,0,0,0,0,0,0,0,0,0,0,0,0,0,0,0,0,0,0,0,0,0,0,0,0,0,0,0,0,0,0,0,0,0,0,0,0,0,0,0,0,0,0,0,0,0,0,0,0,0,0,0,0,0,0,0,0,0,0,0,0,0,0,0,0,0,0,0,0,0,0,0,0,0,0,0,0,0,0,0,0,0,0,0,0,0,0,0,0,0,0,0,0,0,0,0,0,0,0,0,0,0,0,0,0,0,0,0,0,0,0,0,0,0,0,0,0,0,0,0,0,0,0,0,0,0,0,0,0,0,0,0,0,0,0,0,0,0,0,0,0,0,0,0,0,0,0,0,0,0,0,0,0,0,0,0,0,0,0,0,0,0,0,0,0,0,0,0,0,0,0,0,0,0,0,0,0,0,0,0,0,0,0,0,0,0,0,0,0,0,0,0,0,0,0,0,0,0,0,0,0,0,0,0,0,0,0,0,0,0,0,0,0,0,0,0,0,0,0,0,0,0,0,0,0,0,0,0,0,0,0,0,0,0,0,0,0,0,0,0,0,0,0,0,0,0,0,0,0,0,0,0,0,0,0,0,0,0,0,0,0,0,0,0,0,0,0,0,0,0,0,0,0,0,0,0,0,0,0,0,0,0,0,0,0,0,0,0,0,0,0,0,0,0,0,0,0,0,0,0,0,0,0,0,0,0,0,0,0,0,0,0,0,0,0,0,0,0,0,0,0,0,0,0,0,0,0,0,0,0,0,0,0,0,0,0,0,0,0,0,0,0,0,0,0,0,0,0,0,0,0,0,0,0,0,0,0,0,0,0,0,0,0,0,0,0,0,0,0,0,0,0,0,0,0,0,0,0,0,0,0,0,0,0,0,0,0,0,0,0,0,0,0,0,0,0,0,0,0,0,0,0,0,0,0,0,0,0,0,0,0,0,0,0,0,0,0,0,0,0,0,0,0,0,0,0,0,0,0,0,0,0,0,0,0,0,0,0,0,0,0,0,0,0,0,0,0,0,0,0,0,0,0,0,0,0,0,0,0,0,0,0,0,0,0,0,0,0,0,0,0,0,0,0,0,0,0,0,0,0,0,0,0,0,0,0,0,0,0,0,0,0,0,0,0,0,0,0,0,0,0,0,0,0,0,0,0,0,0,0,0,0,0,0,0,0,0,0,0,0,0,0,0,0,0,0,0,0,0,0,0,0,0,0,0,0,0,0,0,0,0,0,0,0,0,0,0,0,0,0,0,0,0,0,0,0,0,0,0,0,0,0,0,0,0,0,0,0,0,0,0,0,0,0,0,0,0,0,0,0,0,0,0,0,0,0,0,0,0,0,0,0,0,0,0,0,0,0,0,0,0,0,0,0,0,0,0,0,0,0,0,0,0,0,0,0,0,0,0,0,0,0,0,0,0,0,0,0,0,0,0,0,0,0,0,0,0,0,0,0,0,0,0,0,0,0,0,0,0,0,0,0,0,0,0,0,0,0,0,0,0,0,0,0,0,0,0,0,0,0,0,0,0,0,0,0,0,0,0,0,0,0,0,0,0,0,0,0,0,0,0,0,0,0,0,0,0,0,0,0,0,0,0,0,0,0,0,0,0,0,0,0,0,0,0,0,0,0,0,0,0,0,0,0,0,0,0,0,0,0,0,0,0,0,0,0,0,0,0,0,0,0,0,0,0,0,0,0,0,0,0,0,0,0,0,0,0,0,0,0,0,0,0,0,0,0,0,0,0,0,0,0,0,0,0,0,0,0,0,0,0,0,0,0,0,0,0,0,0,0,0,0,0,0,0,0,0,0,0,0,0,0,0,0,0,0,0,0,0,0,0,0,0,0,0,0,0,0,0,0,0,0,0,0,0,0,0,0,0,0,0,0,0,0,0,0,0,0,0,0,0,0,0,0,0,0,0,0,0,0,0,0,0,0,0,0,0,0,0,0,0,0,0,0,0,0,0,0,0,0,0,0,0,0,0,0,0,0,0,0,0,0,0,0,0,0,0,0,0
